MS2-QUANT	v0j
Region DEFINITION, 05-Apr-2021
COMMENT	Outline definition performed in MS2-QUANT (Main program)
FILE	MAX_20201217_RI516_C12MS2128TkTat_001_visit_3.tif
PATH	/Volumes/EBL/20201217/
PARAMETERS
Pix-XY	Pix-Z	RI	Ex	Em	NA	dT	Type
79	600	1.458	488	521	1.4	180	widefield
ANALYSIS-SETTINGS	
IMAGING-BACKGROUND	150
LIMIT-FIT-SIGMA-XY-MIN	-60
LIMIT-FIT-SIGMA-XY-MAX	120
LIMIT-FIT-SIGMA-Z-MIN	0
LIMIT-FIT-SIGMA-Z-MAX	0
LIMIT-FIT-BGD-MIN	33
LIMIT-FIT-BGD-MAX	34
DETECTION-THRESHOLD	500
REGION	TxSite
X_POS	165	165	165	166	166	166	166	166	166	167	167	167	167	167	167	168	168	168	168	168	168	168	168	168	169	169	169	169	169	169	169	169	169	170	170	170	170	170	170	170	170	170	170	170	170	170	170	170	170	170	171	171	171	171	171	171	171	171	172	172	172	172	172	173	173	173	173	173	173	173	174	174	174	174	174	174	174	174	174	174	174	174	174	174	174	174	174	174	174	174	173	173	173	173	173	173	173	173	172	172	172	172	171	171	171	171	170	170	170	169	169	168	167	167	166	166	166	164	163	162	161	161	160	160	159	158	156	155	154	154	153	153	152	151	150	149	148	148	147	147	146	145	145	144	144	144	143	142	142	141	141	141	141	140	140	140	139	139	139	138	138	138	138	137	137	137	137	136	136	136	135	135	135	135	135	135	135	135	134	134	134	134	134	134	134	134	133	133	133	133	133	133	133	133	132	132	132	132	132	132	132	131	131	131	131	131	131	131	131	131	131	131	131	131	130	130	130	130	130	130	130	130	130	130	130	130	130	130	130	130	129	129	129	129	129	129	129	129	129	129	129	129	129	128	128	128	128	128	128	128	128	127	127	127	127	127	127	127	127	126	125	125	124	124	123	122	122	121	121	120	120	120	119	119	118	118	117	116	116	115	115	114	114	113	113	112	112	111	111	110	110	109	109	108	108	108	108	107	107	107	107	107	106	106	106	106	105	105	105	105	105	105	104	104	104	103	103	103	102	102	102	102	102	101	101	101	101	101	101	101	100	100	100	100	100	100	100	100	100	100	100	100	100	100	100	100	100	101	101	101	101	102	102	102	102	102	103	103	103	104	104	105	105	105	105	106	106	106	106	107	107	107	108	108	109	109	109	110	110	110	111	111	111	112	112	113	113	113	114	114	115	115	116	116	117	117	118	118	119	119	120	120	121	121	121	122	122	122	123	123	124	124	124	125	125	125	125	126	126	126	126	126	126	127	127	127	127	127	128	128	128	128	128	129	129	129	129	129	130	130	130	131	131	131	132	132	133	133	134	134	134	135	135	135	135	136	136	136	137	137	137	137	138	138	139	140	140	140	140	141	141	141	141	142	142	143	143	144	144	145	145	146	146	147	147	148	148	149	149	149	149	150	150	151	151	151	151	152	152	152	152	153	153	153	153	154	154	154	154	154	155	155	155	155	155	156	156	156	156	156	157	157	157	157	157	157	157	158	158	158	158	158	159	159	159	159	160	160	160	160	161	161	161	161	161	162	162	162	162	162	163	163	163	163	163	163	163	164	164	164	END
Y_POS	212	212	211	211	210	210	210	209	209	209	208	208	207	207	207	207	206	206	205	205	205	204	204	203	203	202	202	201	201	200	200	199	199	198	198	197	197	196	196	195	195	194	194	193	193	192	192	191	191	190	190	190	189	189	189	188	188	187	187	186	186	186	185	185	184	184	183	183	182	182	182	181	181	180	180	179	179	178	178	177	177	176	176	175	175	174	174	173	173	172	172	172	171	171	170	170	170	169	169	168	168	168	167	167	167	166	166	166	166	165	165	164	164	164	163	163	163	162	162	162	161	161	161	161	161	161	160	160	160	160	160	160	160	160	160	160	160	160	160	160	160	160	160	160	160	161	161	161	161	161	162	162	162	162	163	163	164	164	164	164	165	165	166	166	166	167	167	168	168	169	170	170	171	171	171	172	172	173	173	174	174	175	175	176	176	177	177	178	178	179	179	180	180	181	181	182	182	183	183	184	184	184	185	185	186	186	187	187	188	188	189	189	190	190	190	191	191	192	192	193	193	194	194	195	195	196	196	196	197	197	198	198	199	199	200	200	201	201	201	202	202	203	203	203	204	204	205	205	205	206	206	207	207	208	208	209	209	209	210	210	210	210	210	210	210	210	210	210	210	210	210	210	210	210	209	209	209	209	209	209	209	209	209	209	209	209	209	209	209	209	209	209	209	209	210	210	210	210	211	211	211	212	212	212	213	213	213	213	214	214	214	215	215	215	215	216	216	217	217	217	218	218	218	218	219	219	220	220	221	221	222	222	223	223	224	224	225	225	226	226	227	227	228	228	229	229	230	230	230	231	231	232	232	232	233	233	233	234	234	234	235	235	236	236	236	236	237	237	237	237	238	238	238	238	238	239	239	239	239	239	239	239	240	240	240	240	240	241	241	241	241	241	241	241	241	241	241	240	240	240	240	240	240	240	240	240	240	239	239	239	239	239	238	238	238	238	237	237	236	236	236	235	235	235	234	234	234	233	233	233	232	232	232	232	231	231	231	230	230	229	229	229	228	228	228	228	228	228	228	228	229	229	229	229	230	230	230	230	230	231	231	231	231	232	232	232	233	233	233	233	234	234	234	234	235	235	235	235	235	235	235	235	235	235	235	235	235	235	235	235	234	234	234	234	233	233	233	233	232	232	232	231	231	231	230	230	230	229	229	229	229	228	228	228	227	227	227	226	226	226	226	225	225	224	224	224	223	223	223	222	222	222	221	221	221	220	220	220	219	219	219	218	218	218	217	217	217	216	216	216	216	215	215	214	214	214	213	213	212	212	END
QUANTIFICATION
Time[s]	Q_Integrate	Q_AMP	Q_Sum_pix	Q_MIP_int	Pix_Y	Pix_X	Pix_Z	AMP	BGD	SigmaXY	SigmaZ	MuY	MuX	MuZ	RES	Cent_Y	Cent_X	Cent_Z	OPB_time	OPB_INT	OPB_FIT	OPB_FIT_norm
0	763022	604	228	0	219	146	0	604	34	14.1795	0	11534	17459	0	303756	316.382	326.058	0	0	462.32	499.843	1
180	0.00186681	76.1846	92	0	219	146	0	76.1846	34	-0.00197482	0	11625.4	17373.8	0	176909	341.645	304.776	0	180	463.839	498.859	0.998032
360	354641	445.01	107	5	219	146	0	445.01	34	-11.2621	0	11612.5	17301.3	0	159628	304.61	334.267	0	360	459.689	497.877	0.996068
540	237045	362.832	176	0	219	146	0	362.832	33	-10.197	0	11692	17459	0	92416.2	321.362	337.387	0	540	466.483	496.898	0.994108
720	2.47043e+06	39.7137	352	89	219	146	0	39.7137	33	101.482	0	11692	17459	0	125662	358.444	333.223	0	720	457.657	495.92	0.992152
900	2.02133e+06	64.1847	258	43	219	146	0	64.1847	33	70.8551	0	11534	17301	0	164804	299.446	308.239	0	900	453.795	494.944	0.9902
1080	4.56731e+06	55.73	783	4	219	146	0	55.73	33.1051	120	0	11540.5	17301	0	299319	261.744	295.385	0	1080	459.024	493.97	0.988252
1260	3.07763e+06	97.1996	579	108	219	146	0	97.1996	34	71.0486	0	11534	17441	0	166648	273.691	319.482	0	1260	451.244	492.998	0.986307
1440	651689	309.898	147	141	219	146	0	309.898	33	18.2945	0	11613	17379.9	0	66176.4	346.334	284.651	0	1440	447.623	492.028	0.984366
1620	3.30174e+06	40.2876	215	55	219	146	0	40.2876	34	120	0	11692	17301	0	232776	354.066	273.974	0	1620	443.929	491.06	0.98243
1800	1.10704e+06	542.127	300	67	219	146	0	542.127	33	18.0277	0	11582	17319.9	0	207107	373.398	348.27	0	1800	441.887	490.094	0.980496
1980	0.0111764	72.4358	122	0	219	146	0	72.4358	33.711	-0.00495546	0	11590.5	17344.6	0	168707	306.616	303.025	0	1980	446.398	489.13	0.978567
2160	47373.2	64.9713	246	0	219	146	0	64.9713	33	-10.7725	0	11610.3	17456.7	0	60202.5	319.395	365.731	0	2160	438.512	488.167	0.976642
2340	728744	456	243	14	219	146	0	456	33	15.9483	0	11534	17459	0	106036	331.38	409.63	0	2340	435.046	487.207	0.97472
2520	1.58373e+06	387.861	558	44	219	146	0	387.861	34	25.4925	0	11561.7	17427.1	0	132406	258.317	316.078	0	2520	434.321	486.248	0.972802
2700	0.00389457	104.682	79	25	219	146	0	104.682	33.0005	0.00243334	0	11659.5	17367.5	0	212894	307.758	316.348	0	2700	445.816	485.291	0.970888
2880	2.05177e+06	690	413	0	219	146	0	690	33.0001	-21.7545	0	11612.8	17459	0	116705	321.091	286.437	0	2880	437.926	484.336	0.968978
3060	780150	538	367	0	219	146	0	538	34	15.1918	0	11636.7	17301	0	166337	330.843	306.187	0	3060	437.391	483.383	0.967071
3240	954726	51.2783	322	0	219	146	0	51.2783	33	54.4363	0	11534	17445.9	0	83549.8	326.106	338.814	0	3240	441.918	482.432	0.965168
3420	1.35607e+06	347.977	621	158	219	146	0	347.977	33	24.9044	0	11615.3	17414.8	0	108345	330.605	288.588	0	3420	437.995	481.483	0.963269
3600	925553	72.5213	148	55	219	146	0	72.5213	33	45.069	0	11692	17459	0	104406	356.148	370.154	0	3600	443.604	480.535	0.961374
3780	1.1387e+06	140.173	231	0	219	146	0	140.173	33	35.9569	0	11534	17459	0	63718.2	342.523	403.862	0	3780	447.516	479.59	0.959482
3960	1.73742e+06	27.8139	243	42	219	146	0	27.8139	33	101.724	0	11692	17423	0	112794	356.684	343.186	0	3960	449.118	478.646	0.957594
4140	745871	13.4448	87	0	219	146	0	13.4448	33	95.1804	0	11534	17301	0	92333.5	238.479	286.294	0	4140	448.754	477.704	0.95571
4320	0.0375563	41.5399	107	0	219	146	0	41.5399	34	-0.0119955	0	11577.5	17403.6	0	350090	410.267	312.039	0	4320	451.374	476.764	0.953829
4500	592578	447.569	143	0	219	146	0	447.569	33.9998	14.5162	0	11611.5	17459	0	149132	308.641	355.101	0	4500	451.507	475.826	0.951952
4680	2.77208e+06	882	514	0	219	146	0	882	34	22.3655	0	11691.8	17457.8	0	218214	306.195	335.366	0	4680	454.986	474.89	0.950079
4860	1.01371e+06	640.961	455	113	219	146	0	640.961	33	15.8654	0	11573	17380.7	0	159566	276.328	354.691	0	4860	453.279	473.956	0.94821
5040	0.431355	70.41	90	0	219	146	0	70.41	33.9822	0.0312256	0	11633.5	17359.8	0	139357	341.755	297.61	0	5040	460.339	473.023	0.946344
5220	3.53099e+06	176.801	513	17	219	146	0	176.801	34	56.3802	0	11692	17459	0	226043	351.049	315.277	0	5220	451.673	472.092	0.944482
5400	2.89633e+06	774	567	0	219	146	0	774	33	24.4041	0	11595.9	17301	0	85359.2	309.81	307.45	0	5400	457.421	471.163	0.942624
5580	1.71748e+06	572	327	19	219	146	0	572	33	21.8604	0	11613	17301	0	128054	354.143	289.798	0	5580	449.108	470.236	0.940769
5760	1.36932e+06	50.6409	112	0	219	146	0	50.6409	33.0003	65.621	0	11692	17301	0	272650	341.871	260.343	0	5760	448.499	469.311	0.938918
5940	2.14179e+06	26.134	5	0	219	146	0	26.134	33.1454	120	0	11534	17301	0	191268	275.234	240.98	0	5940	454.537	468.388	0.93707
6120	1.06091e+06	376	362	0	219	146	0	376	33	21.1912	0	11692	17378.5	0	76973.6	304.357	277.824	0	6120	456.774	467.466	0.935226
6300	3.39517e+06	140.825	513	0	219	146	0	140.825	33	61.9524	0	11606.5	17459	0	102215	320.93	350.863	0	6300	455.955	466.546	0.933386
6480	261127	429.909	260	0	219	146	0	429.909	34	-9.83213	0	11534	17360.1	0	222517	332.491	285.321	0	6480	450.778	465.628	0.93155
6660	0.0238715	74.82	141	0	219	146	0	74.82	33.0005	0.00712592	0	11583.4	17398.2	0	189720	284.752	448.287	0	6660	453.617	464.712	0.929717
6840	1.63084e+06	340	474	69	219	146	0	340	33	27.6297	0	11671.9	17347.1	0	77796.6	301.342	353.237	0	6840	460.929	463.798	0.927887
7020	1.78793	7.83185e-05	114	0	219	146	0	7.83185e-05	33.6122	60.2824	0	11534	17405	0	171024	277.483	314.897	0	7020	457.699	462.885	0.926061
7200	2.0872e+06	25.4679	123	0	219	146	0	25.4679	33.7915	120	0	11692	17301	0	127712	360.785	284.766	0	7200	458.994	461.974	0.924239
7380	11.0913	82.6938	189	0	219	146	0	82.6938	34	-0.146105	0	11534	17433.4	0	538757	249.938	327.486	0	7380	465.998	461.065	0.922421
7560	2.97227e+06	36.2674	452	0	219	146	0	36.2674	33	120	0	11534	17301	0	224997	246.536	287.581	0	7560	464.647	460.158	0.920606
7740	2.2207e+06	712	492	0	219	146	0	712	33	22.28	0	11686.5	17301	0	91114.5	284.267	292.75	0	7740	462.31	459.253	0.918794
7920	5.69101e+06	69.4413	534	0	219	146	0	69.4413	34	120	0	11635	17301	0	272778	308.963	285.891	0	7920	465.328	458.349	0.916986
8100	243318	417.968	140	6	219	146	0	417.968	33.9999	9.62555	0	11613	17453.4	0	228386	354.379	338.687	0	8100	451.553	457.447	0.915182
8280	459846	527.869	188	0	219	146	0	527.869	33	11.7748	0	11653.7	17459	0	127789	317.591	347.088	0	8280	459.64	456.547	0.913381
8460	1.7477e+06	552	474	12	219	146	0	552	34	22.4478	0	11621.3	17301	0	252338	277.367	287.226	0	8460	463.465	455.649	0.911584
8640	367995	613.035	111	0	219	146	0	613.035	34	-9.77436	0	11692	17301	0	252651	311.387	302.898	0	8640	458.245	454.752	0.90979
8820	908321	492	451	0	219	146	0	492	34	17.1414	0	11583.2	17459	0	170842	300.046	330.762	0	8820	461.84	453.857	0.908
9000	384153	377.743	173	0	219	146	0	377.743	33	12.7222	0	11691.3	17378.3	0	97781.9	299.996	268.159	0	9000	465.989	452.964	0.906214
9180	509384	342.04	320	47	219	146	0	342.04	34	15.3955	0	11612.9	17459	0	86136.6	276.411	384.357	0	9180	468.571	452.073	0.90443
9360	1.50549e+07	183.698	872	0	219	146	0	183.698	34	120	0	11534	17459	0	597637	270.024	431.917	0	9360	467.89	451.183	0.902651
9540	424362	456.751	143	31	219	146	0	456.751	34	12.1601	0	11612.7	17308.1	0	215664	283.821	299.482	0	9540	465.102	450.296	0.900875
9720	8.46743e+06	103.319	896	163	219	146	0	103.319	34	120	0	11534	17301	0	692783	243.708	272.138	0	9720	474.214	449.41	0.899102
9900	1.46841e+07	183.166	1139	314	219	146	0	183.166	34	118.295	0	11591.9	17459	0	526694	294.392	336.828	0	9900	472.643	448.525	0.897333
10080	729538	338	491	0	219	146	0	338	34	18.5343	0	11534	17459	0	123074	254.352	350.502	0	10080	472.621	447.643	0.895567
10260	2.05851e+06	145.793	611	31	219	146	0	145.793	33.0001	47.4043	0	11684.1	17345.5	0	199860	262.053	309.342	0	10260	467.088	446.762	0.893805
10440	1.50223e+06	135.844	263	0	219	146	0	135.844	34	41.9525	0	11563.9	17459	0	179303	306.765	329.387	0	10440	475.069	445.883	0.892047
10620	336.983	0.00441718	294	0	219	146	0	0.00441718	33.1896	114.623	0	11692	17376.1	0	138855	378.189	325.814	0	10620	464.767	445.006	0.890291
10800	733872	487.28	262	115	219	146	0	487.28	34	15.4821	0	11613.1	17347.8	0	224947	323.985	284.615	0	10800	477.57	444.13	0.888539
10980	4.58917e+06	55.9968	313	0	219	146	0	55.9968	34	120	0	11671.1	17301	0	295282	333.986	270.144	0	10980	474.589	443.256	0.886791
11160	223867	305.376	201	70	219	146	0	305.376	34	-10.8016	0	11612.3	17380.7	0	225172	318.187	252.152	0	11160	476.044	442.384	0.885046
11340	1.97023e+06	524	429	170	219	146	0	524	34	24.4626	0	11612.4	17424.1	0	202961	273.302	303.647	0	11340	481.255	441.513	0.883305
11520	5.99886e+06	73.1977	546	84	219	146	0	73.1977	34	120	0	11545	17301	0	319306	310.166	273.872	0	11520	474.941	440.645	0.881567
11700	7.20656e+06	87.934	617	264	219	146	0	87.934	33	120	0	11562.6	17301	0	245569	267.102	277.664	0	11700	467.808	439.778	0.879832
11880	6.45276e+06	78.7361	401	50	219	146	0	78.7361	34	120	0	11692	17301	0	284019	327.581	271.071	0	11880	482.346	438.912	0.878101
12060	3.26679e+07	398.611	2209	364	219	146	0	398.611	34	120	0	11534	17418.2	0	1.2031e+06	230.262	355.706	0	12060	470.848	438.049	0.876373
12240	8.52752e+07	1040.52	5914	710	219	146	0	1040.52	34	120	0	11589.7	17390	0	2.31201e+06	304.8	324.115	0	12240	482.157	437.187	0.874649
12420	2.72608e+07	332.634	610	65	219	146	0	332.634	34	120	0	11534	17301	0	2.7809e+06	241.942	221.218	0	12420	494.392	436.326	0.872928
12600	2.91605e+07	355.814	1465	171	219	146	0	355.814	34	120	0	11534	17301	0	1.07416e+06	265.912	250.949	0	12600	477.232	435.468	0.87121
12780	3.30576e+07	403.366	2180	474	219	146	0	403.366	34	120	0	11561.4	17308.4	0	944778	290.112	283.768	0	12780	490.337	434.611	0.869496
12960	7.8141e+06	95.3471	503	16	219	146	0	95.3471	34	120	0	11534	17311.9	0	417110	247.803	269.979	0	12960	490.412	433.756	0.867785
13140	1.88099e+07	229.517	924	157	219	146	0	229.517	34	120	0	11534	17301	0	1.04655e+06	210.982	240.894	0	13140	493.651	432.902	0.866077
13320	6.27035e+07	765.104	4686	973	214	146	0	765.104	34	120	0	11548.4	16943.9	0	2.20394e+06	269.037	299.031	0	13320	482.879	432.051	0.864373
13500	5.14113e+07	627.317	3113	412	214	146	0	627.317	34	120	0	11534	16927.2	0	918057	250.167	295.818	0	13500	483.926	431.201	0.862673
13680	4.0715e+07	496.802	2654	645	214	146	0	496.802	34	120	0	11568.3	17064	0	1.64448e+06	279.32	400.241	0	13680	493.503	430.352	0.860975
13860	9.52648e+07	1162.41	7404	1132	219	147	0	1162.41	34	120	0	11724.1	17367.1	0	2.81631e+06	342.294	297.73	0	13860	503.385	429.505	0.859281
14040	1.67162e+07	203.97	723	0	219	147	0	203.97	34	120	0	11613	17301	0	708764	211.857	292.471	0	14040	505.537	428.66	0.85759
14220	9.27441e+06	113.166	465	129	219	147	0	113.166	34	120	0	11613	17301	0	472850	323.448	286.301	0	14220	493.319	427.817	0.855903
14400	6.89925e+06	84.1842	379	67	219	147	0	84.1842	34	120	0	11613	17301	0	522090	283.282	296.583	0	14400	487.979	426.975	0.854219
14580	4.83481e+06	58.9941	499	53	219	147	0	58.9941	34	120	0	11771	17301	0	324041	315.589	237.685	0	14580	491.799	426.135	0.852538
14760	4.72016e+06	788	918	394	219	147	0	788	34	30.8763	0	11717.9	17412.8	0	583905	384.981	305.396	0	14760	501.323	425.296	0.85086
14940	4.17e+06	169.601	207	0	219	147	0	169.601	34	62.5647	0	11613	17382.6	0	662219	338.626	328.709	0	14940	504.812	424.459	0.849186
15120	7.55234e+06	92.1532	445	0	219	147	0	92.1532	34	120	0	11771	17301	0	508061	377.396	291.415	0	15120	478.715	423.624	0.847515
15300	7.64976e+06	93.3418	739	42	219	147	0	93.3418	34	120	0	11760.9	17326.5	0	435707	327.049	295.944	0	15300	488.104	422.791	0.845848
15480	6.79997e+06	82.9727	601	0	219	147	0	82.9727	34	120	0	11771	17459	0	331594	316.376	349.617	0	15480	498.807	421.959	0.844183
15660	38.9569	93.728	0	0	219	147	0	93.728	34	0.257198	0	11765	17301	0	550248	353.949	250.221	0	15660	481.657	421.129	0.842522
15840	5.39281e+07	828.456	4853	873	213	147	0	828.456	34	104.17	0	11734.2	16868.9	0	792057	356.117	295.871	0	15840	488.172	420.3	0.840865
16020	3.25903e+07	397.664	1834	452	213	147	0	397.664	34	120	0	11697.1	16985	0	785525	313.138	364.52	0	16020	490.816	419.473	0.83921
16200	2.28915e+06	27.932	178	0	213	147	0	27.932	34	120	0	11771	16985	0	283305	358.942	380.57	0	16200	488.784	418.648	0.837559
16380	1.32189e+07	161.296	331	0	213	147	0	161.296	34	120	0	11771	16985	0	842924	410.695	435.643	0	16380	491.686	417.824	0.835911
16560	3.56462e+07	434.952	1343	143	213	147	0	434.952	34	120	0	11771	16838.6	0	1.52619e+06	417.714	283.945	0	16560	491.785	417.002	0.834266
16740	5.25368e+07	641.05	3415	621	213	147	0	641.05	34	120	0	11771	16863.8	0	1.03484e+06	393.502	302.237	0	16740	478.167	416.181	0.832624
16920	3.59604e+07	438.786	1981	355	213	147	0	438.786	34	120	0	11710.2	16827	0	906847	323.24	244.663	0	16920	459.288	415.362	0.830986
17100	7.88141e+07	961.684	6674	732	208	149	0	961.684	34	120	0	11846.9	16547.1	0	1.18129e+06	319.744	339.297	0	17100	481.68	414.545	0.829351
17280	5.02239e+07	612.829	3117	369	208	149	0	612.829	34	120	0	11888.1	16544.2	0	1.87072e+06	328.128	319.773	0	17280	466.185	413.729	0.827719
17460	4.698e+07	573.246	3075	301	208	149	0	573.246	34	120	0	11771	16432	0	2.52511e+06	290.269	269.283	0	17460	466.903	412.915	0.82609
17640	6.19573e+07	755.998	4932	957	206	149	0	755.998	34	120	0	11858	16332.5	0	1.16135e+06	329.233	282.248	0	17640	471.342	412.103	0.824465
17820	9.36724e+07	1142.98	7640	884	208	152	0	1142.98	34	120	0	12052.9	16500.6	0	1.92234e+06	286.895	301.638	0	17820	455.331	411.292	0.822843
18000	3.52194e+07	429.745	1977	428	208	152	0	429.745	34	120	0	12166	16453.3	0	1.25726e+06	377.892	268.388	0	18000	462.326	410.483	0.821224
18180	1.86177e+07	227.171	1055	2	208	152	0	227.171	34	120	0	12093.9	16432	0	761787	310.278	275.346	0	18180	458.83	409.675	0.819608
18360	6.75251e+06	499.866	779	0	208	152	0	499.866	34	46.3678	0	12163.6	16432	0	428358	299.208	246.842	0	18360	460.131	408.869	0.817995
18540	1.73049e+06	223.073	476	34	208	152	0	223.073	34	35.1375	0	12166	16522.8	0	200212	328.537	327.607	0	18540	460.701	408.064	0.816386
18720	2.35667e+06	704	558	0	208	152	0	704	33	23.082	0	12008	16517	0	121168	259.273	294.589	0	18720	446.899	407.261	0.814779
18900	0.103629	122.727	11	0	208	152	0	122.727	33.9992	0.0115926	0	12105.9	16501.3	0	215763	337.757	205.883	0	18900	451.55	406.46	0.813176
19080	2.11296e+06	72.9544	274	18	208	152	0	72.9544	34	67.9267	0	12037	16432	0	340296	320.933	262.391	0	19080	446.216	405.66	0.811576
19260	4.87918e+06	59.5355	548	57	208	152	0	59.5355	34	120	0	12166	16432	0	300321	321.629	239.909	0	19260	443.89	404.862	0.809979
19440	2.98451e+06	176.68	489	0	208	152	0	176.68	34	51.8507	0	12008	16432	0	269124	296.076	245.192	0	19440	439.974	404.065	0.808385
19620	2.4737e+06	373.583	403	0	208	152	0	373.583	34	32.4631	0	12063.7	16432	0	158487	277.816	345.738	0	19620	441.482	403.27	0.806795
19800	5.33027e+06	65.0396	181	0	208	152	0	65.0396	34	120	0	12075.9	16432	0	455824	329.297	326.836	0	19800	435.236	402.477	0.805207
19980	1.08848e+06	225.128	243	76	208	152	0	225.128	33	27.7399	0	12008	16432	0	102693	266.174	316.234	0	19980	430.552	401.685	0.803623
20160	779462	849.097	341	0	208	152	0	849.097	34	12.0873	0	12132.7	16432	0	412516	315.726	288.234	0	20160	419.941	400.895	0.802042
20340	367476	490.178	141	0	208	152	0	490.178	34	-10.9231	0	12166	16589.6	0	232606	342.433	365.212	0	20340	413.587	400.106	0.800463
20520	535312	566.913	183	53	208	152	0	566.913	34	12.259	0	12089.7	16560	0	416923	283.144	317.678	0	20520	405.291	399.318	0.798888
20700	1.20712e+06	82.7538	313	41	208	152	0	82.7538	33	48.1828	0	12008	16539.6	0	101456	269.361	373.556	0	20700	411.138	398.533	0.797317
20880	3.0574e+06	773.996	1009	12	208	152	0	773.996	33	25.0736	0	12166	16527.2	0	181281	331.428	329.034	0	20880	398.498	397.749	0.795748
21060	592763	512.773	168	52	208	152	0	512.773	34	13.564	0	12087.4	16562.8	0	294447	347.622	207.219	0	21060	397.104	396.966	0.794182
21240	952758	673.997	348	0	208	152	0	673.997	33	14.9994	0	12032.9	16432	0	200981	239.51	345.026	0	21240	395	396.185	0.792619
21420	5.12039e+06	68.4847	505	0	208	152	0	68.4847	33	113.191	0	12008	16590	0	203574	326.679	360.219	0	21420	393.862	395.405	0.79106
21600	586889	422	354	0	208	152	0	422	33	-14.8776	0	12048.7	16432	0	126210	341.543	324.005	0	21600	375.09	394.627	0.789503
21780	4.90125e+06	65.553	373	0	208	152	0	65.553	33	113.192	0	12050.2	16590	0	178925	307.231	382.203	0	21780	379.617	393.851	0.78795
21960	4.52722e+06	62.1519	231	18	208	152	0	62.1519	33	111.387	0	12009.2	16590	0	312894	311.053	406.003	0	21960	378.983	393.076	0.786399
22140	0.200702	80.4556	41	0	208	152	0	80.4556	33.0002	0.0199254	0	12029	16500	0	173512	271.506	398.953	0	22140	363.664	392.302	0.784852
22320	8.65311e+06	105.585	711	1	208	152	0	105.585	34	120	0	12160.1	16432	0	377306	354.341	271.736	0	22320	362.629	391.531	0.783308
22500	671987	359.478	393	0	208	152	0	359.478	33	17.2486	0	12008.1	16511.1	0	109375	305.345	296.161	0	22500	359.801	390.76	0.781766
22680	1.94334e+06	727.996	424	230	208	152	0	727.996	34	20.612	0	12057.5	16500.7	0	263059	357.166	317.548	0	22680	351.691	389.991	0.780228
22860	2.72244e+06	657.998	996	0	208	152	0	657.998	34	25.6612	0	12146.8	16440.3	0	218355	306.665	290.822	0	22860	343.973	389.224	0.778693
23040	466924	258.568	230	106	208	152	0	258.568	33	16.953	0	12075.4	16510.8	0	80942.7	321.35	302.624	0	23040	339.588	388.458	0.777161
23220	6.67713e+06	81.4739	452	0	208	152	0	81.4739	34	120	0	12008	16590	0	269844	263.528	344.595	0	23220	339.257	387.694	0.775632
23400	4.56359e+06	68.6439	470	0	208	152	0	68.6439	33	105.46	0	12135.2	16432	0	230810	302.632	243.183	0	23400	332.731	386.931	0.774105
23580	3.65987e+06	44.6575	308	0	208	152	0	44.6575	33	120	0	12008	16590	0	217288	241.372	359.485	0	23580	327.304	386.17	0.772582
23760	4.78486e+06	132.178	783	249	208	152	0	132.178	34	76.0433	0	12096.5	16563.4	0	241963	289.585	358.112	0	23760	329.149	385.41	0.771062
23940	496512	419.643	158	0	208	152	0	419.643	34	13.7225	0	12162.6	16432	0	204470	288.967	290.693	0	23940	322.782	384.651	0.769545
24120	892608	459.733	411	0	208	152	0	459.733	34	17.5787	0	12009.1	16432	0	177301	272.843	297.274	0	24120	323.324	383.894	0.768031
24300	1.49975e+06	374	513	187	208	152	0	374	34	25.2629	0	12080.2	16538.5	0	131418	288.122	350.676	0	24300	324.76	383.139	0.766519
24480	5.68641e+06	69.3851	525	185	208	152	0	69.3851	34	120	0	12166	16590	0	277139	375.924	341.171	0	24480	328.545	382.385	0.765011
24660	3.74751e+06	64.9065	570	237	208	152	0	64.9065	33	97.3067	0	12166	16495.3	0	154135	391.009	344.516	0	24660	324.581	381.633	0.763506
24840	1.48376e+06	384	389	0	208	152	0	384	33	24.7985	0	12115.6	16590	0	66343.9	371.387	315.011	0	24840	328.635	380.882	0.762004
25020	905651	518	451	0	208	152	0	518	34	-16.6811	0	12166	16432	0	218079	367.294	269.113	0	25020	330.184	380.132	0.760504
25200	3.23584e+06	39.4835	308	0	208	152	0	39.4835	34	120	0	12008	16590	0	206080	305.45	329.676	0	25200	335.134	379.385	0.759008
25380	0.659067	91.5066	61	7	208	152	0	91.5066	34	0.033857	0	12164.5	16432.2	0	312344	356.727	277.406	0	25380	329.439	378.638	0.757514
25560	2.1915e+06	470	614	145	208	152	0	470	34	27.2416	0	12036.6	16486.3	0	194662	293.325	366.947	0	25560	333.019	377.893	0.756024
25740	1.95528e+06	23.8581	196	19	208	152	0	23.8581	34	120	0	12008	16454.2	0	182080	279.996	324.962	0	25740	333.924	377.149	0.754536
25920	1.26488e+06	466	394	0	208	152	0	466	33	-20.7846	0	12166	16590	0	85429.5	329.87	314.96	0	25920	328.052	376.407	0.753052
26100	2.18355e+06	454	607	129	208	152	0	454	33	27.6671	0	12096	16462.9	0	108082	345.941	297.632	0	26100	329.097	375.667	0.75157
26280	3.04371e+06	307.393	476	0	208	152	0	307.393	34	39.6976	0	12157.4	16432	0	169474	326.501	291.561	0	26280	327.41	374.928	0.750091
26460	714813	545.209	168	0	208	152	0	545.209	34	14.4452	0	12166	16513	0	193295	363.884	330.271	0	26460	322.131	374.19	0.748615
26640	2.51985e+06	556	533	157	208	152	0	556	34	26.8572	0	12085.7	16459.3	0	152313	312.287	306.169	0	26640	328.345	373.454	0.747142
26820	766258	492	298	0	208	152	0	492	33	15.744	0	12008	16463.8	0	116566	299.214	302.484	0	26820	327.176	372.719	0.745672
27000	825409	34.5603	180	0	208	152	0	34.5603	33	61.6607	0	12008	16578.6	0	143277	315.027	345.978	0	27000	327.598	371.985	0.744205
27180	0.288484	11.1526	192	0	208	152	0	11.1526	33	0.0641627	0	12008.2	16590	0	127310	271.914	227.575	0	27180	327.906	371.253	0.742741
27360	1.0379e+06	709.046	347	34	208	152	0	709.046	33.0067	15.2634	0	12103.7	16583.7	0	177800	292.282	305.804	0	27360	325.94	370.523	0.741279
27540	1.79631e+06	41.2085	159	95	208	152	0	41.2085	33	83.6796	0	12166	16590	0	302494	350.312	364.743	0	27540	329.649	369.794	0.739821
27720	1.74863e+06	602	466	0	208	152	0	602	34	21.5011	0	12008.5	16432	0	272241	292.089	282.261	0	27720	328.175	369.066	0.738365
27900	2.17027e+06	192.191	613	0	208	152	0	192.191	33	42.3936	0	12031.2	16584	0	111492	314.8	341.533	0	27900	328.3	368.34	0.736912
28080	286647	365.289	409	0	208	152	0	365.289	33	11.1755	0	12008	16432	0	79211.2	273.41	286.811	0	28080	315.102	367.615	0.735462
28260	630382	19.3892	68	0	208	152	0	19.3892	33	72.0054	0	12166	16590	0	136038	359.515	376.351	0	28260	320.448	366.892	0.734015
28440	2.35682e+06	114.596	356	128	208	152	0	114.596	34	57.2142	0	12008	16590	0	262410	340.863	358.851	0	28440	324.005	366.17	0.732571
28620	4.21772e+06	400.456	787	37	208	152	0	400.456	34	40.9422	0	12166	16517.8	0	617240	325.34	236.298	0	28620	314.585	365.45	0.731129
28800	2.07327e+06	516	624	114	208	152	0	516	34	25.2879	0	12134	16533.1	0	228649	319.785	345.074	0	28800	309.302	364.731	0.729691
