MS2-QUANT	v0j
Region DEFINITION, 05-Apr-2021
COMMENT	Outline definition performed in MS2-QUANT (Main program)
FILE	MAX_20201217_RI516_C12MS2128TkTat_001_visit_29.tif
PATH	/Volumes/EBL/20201217/
PARAMETERS
Pix-XY	Pix-Z	RI	Ex	Em	NA	dT	Type
79	600	1.458	488	521	1.4	180	widefield
ANALYSIS-SETTINGS	
IMAGING-BACKGROUND	150
LIMIT-FIT-SIGMA-XY-MIN	11
LIMIT-FIT-SIGMA-XY-MAX	133
LIMIT-FIT-SIGMA-Z-MIN	0
LIMIT-FIT-SIGMA-Z-MAX	0
LIMIT-FIT-BGD-MIN	39
LIMIT-FIT-BGD-MAX	40
DETECTION-THRESHOLD	500
REGION	TxSite
X_POS	232	232	233	233	234	234	234	235	235	235	235	236	236	237	237	237	237	237	238	238	238	239	239	239	239	240	240	241	241	241	242	242	243	243	243	244	244	245	245	245	246	246	247	247	248	248	249	249	250	250	251	251	252	252	253	253	254	254	255	255	256	256	257	258	259	259	260	260	260	261	261	262	263	263	264	264	264	265	265	265	266	266	267	267	267	268	268	269	269	269	270	271	271	272	272	272	273	274	275	276	276	277	277	277	277	278	278	279	279	280	280	281	281	282	283	283	284	284	284	285	286	287	288	289	289	290	290	291	291	292	292	293	294	295	295	296	297	297	298	298	298	299	299	300	300	300	301	301	302	302	302	303	303	304	304	305	305	306	307	307	307	308	308	309	309	309	310	310	311	311	311	312	312	313	313	314	314	314	315	315	316	316	316	317	317	318	318	319	319	320	320	320	321	321	321	322	322	322	323	323	323	324	324	324	324	325	325	326	326	327	327	328	328	329	329	329	330	330	330	331	331	332	332	333	333	333	334	334	334	335	335	336	336	337	337	338	338	339	339	339	340	340	341	341	342	342	343	343	344	344	345	345	346	346	346	347	347	348	348	349	349	350	350	350	351	351	351	352	352	352	352	353	353	353	353	354	354	354	354	354	355	355	356	356	356	356	357	357	357	358	358	358	359	359	360	360	361	361	361	362	362	362	363	363	364	364	365	365	366	367	367	368	368	369	369	369	370	370	370	370	371	371	371	371	372	372	372	373	373	373	374	374	374	375	375	375	376	376	376	377	377	377	378	378	378	378	379	379	379	380	380	381	381	381	382	382	382	383	383	383	383	384	384	384	384	384	384	384	384	384	384	384	384	384	384	384	384	384	383	383	383	383	383	383	382	382	382	382	382	381	381	381	381	380	380	379	379	379	378	378	378	377	377	376	376	376	375	375	375	374	374	374	374	373	373	373	373	372	372	371	371	371	370	370	370	369	369	369	369	368	368	368	367	366	366	365	364	363	363	362	361	361	360	360	360	359	359	358	357	357	356	356	355	355	354	354	353	353	353	352	352	351	351	351	350	350	349	348	348	347	346	346	345	345	344	344	343	343	342	342	341	341	340	339	339	339	338	338	337	337	337	336	336	336	335	335	335	334	334	333	333	333	332	332	331	331	330	329	329	328	328	327	327	326	326	325	325	324	324	323	323	322	322	322	321	320	320	320	319	319	318	318	317	316	316	315	315	315	314	313	313	312	311	310	310	309	309	308	308	306	306	305	304	304	303	303	303	302	302	301	301	300	300	299	298	298	297	296	296	295	295	294	294	293	292	291	290	289	288	287	286	286	285	285	284	284	283	283	282	282	281	281	281	280	280	280	279	278	278	277	277	277	276	276	275	275	275	274	273	273	272	272	272	271	271	271	270	270	269	269	269	268	268	267	267	267	266	266	265	265	264	264	263	263	262	262	261	261	260	259	259	258	258	257	257	256	256	255	255	254	254	253	253	252	252	251	251	250	249	249	248	247	247	246	245	245	244	244	243	242	241	241	240	239	239	238	237	237	236	236	235	235	235	234	234	234	234	233	233	233	232	232	232	232	232	231	231	231	231	231	231	231	230	230	230	230	230	230	230	END
Y_POS	96	96	97	97	98	98	99	99	99	100	100	100	101	101	101	101	102	102	102	102	103	103	103	103	104	104	104	104	105	105	105	105	105	106	106	106	106	106	107	107	107	107	107	108	108	108	108	109	109	109	109	109	109	110	110	110	110	110	110	110	111	111	111	111	111	111	111	112	112	112	112	112	112	112	112	112	113	113	113	113	113	114	114	114	114	114	114	114	114	115	115	115	115	115	116	116	116	116	117	117	117	117	117	117	118	118	118	118	118	119	119	119	119	120	120	120	120	120	121	121	121	121	121	122	122	122	122	122	122	123	123	123	123	123	124	124	124	124	124	124	124	124	124	124	125	125	125	125	125	125	126	126	126	126	126	126	126	126	126	127	127	127	127	127	127	127	127	127	127	128	128	128	129	129	129	129	130	130	130	130	130	131	131	131	131	132	132	133	133	133	133	133	133	134	134	134	134	135	135	135	136	136	136	136	137	137	137	138	138	139	139	140	140	140	141	141	141	141	141	141	141	142	142	142	142	142	143	143	143	143	143	144	144	144	144	144	145	145	145	145	145	145	145	146	146	146	146	146	146	146	146	146	146	147	147	147	147	147	147	147	146	146	146	146	145	145	145	145	144	144	144	143	143	143	142	142	142	141	141	141	141	140	140	140	140	139	139	139	139	139	139	138	138	138	138	138	138	138	138	138	138	137	137	137	137	137	137	137	137	137	137	137	137	137	136	136	136	136	136	135	135	135	135	134	134	134	133	133	133	133	132	132	132	131	131	131	131	130	130	130	129	129	129	129	129	128	128	128	128	127	127	127	126	126	125	125	125	125	124	124	123	123	123	122	122	121	121	120	120	119	119	118	118	117	117	117	116	116	116	115	115	114	114	113	113	113	113	112	112	111	111	111	110	110	109	109	109	108	108	108	108	107	107	107	106	106	106	106	105	105	105	105	104	104	104	104	103	103	103	103	102	102	102	101	101	101	101	100	100	100	100	99	99	99	98	98	98	97	97	97	96	96	96	96	96	96	95	95	95	94	94	94	94	93	93	93	93	92	92	92	92	92	92	92	92	92	92	92	92	92	92	92	91	91	91	91	91	91	91	91	91	91	91	92	92	92	92	92	92	93	93	93	93	93	93	93	94	94	94	94	94	95	95	95	95	95	95	95	95	95	95	95	95	95	95	95	95	95	96	96	96	96	96	96	96	96	97	97	97	97	97	97	97	97	97	97	98	98	98	98	98	98	98	98	98	98	98	98	98	98	98	98	98	98	98	97	97	97	97	97	97	97	97	97	97	96	96	96	96	95	95	95	95	95	94	94	94	94	94	94	93	93	93	93	93	92	92	92	92	92	92	92	91	91	91	91	90	90	90	90	90	89	89	89	89	89	88	88	88	88	88	88	87	87	87	87	87	87	87	86	86	86	86	86	85	85	85	85	85	85	85	84	84	84	84	84	84	84	84	84	84	84	84	84	84	84	84	84	84	84	84	83	83	83	83	83	83	83	83	83	83	83	83	83	83	83	83	83	83	83	83	83	83	83	83	83	83	83	83	83	83	84	84	84	85	85	85	86	86	87	87	88	88	88	89	89	89	90	90	91	91	92	92	93	93	94	94	95	95	END
QUANTIFICATION
Time[s]	Q_Integrate	Q_AMP	Q_Sum_pix	Q_MIP_int	Pix_Y	Pix_X	Pix_Z	AMP	BGD	SigmaXY	SigmaZ	MuY	MuX	MuZ	RES	Cent_Y	Cent_X	Cent_Z	OPB_time	OPB_INT	OPB_FIT	OPB_FIT_norm
0	1.68817e-11	2.22045e-14	32	0	112	355	0	2.22045e-14	39	11.0001	0	28203	9006	0	86872	366.781	374.526	0	0	538.934	648.788	1
180	1.11897e+06	393.973	295	17	112	355	0	393.973	39	21.2612	0	28060.5	9005.62	0	127405	367.182	275.739	0	180	544.278	647.621	0.998202
360	658306	416.836	270	0	112	355	0	416.836	40	15.8541	0	28124	9005.86	0	181975	330.112	329.339	0	360	522.081	646.456	0.996406
540	1.84745e+06	319.999	572	160	112	355	0	319.999	39	30.3125	0	28143.6	8963.61	0	76502	398.132	364.747	0	540	529.703	645.294	0.994615
720	5.23711e+06	58.8554	645	48	112	355	0	58.8554	39	126.824	0	28045	9006	0	214214	237.296	365.777	0	720	523.923	644.133	0.992826
900	4.69933e+06	217.187	778	0	112	355	0	217.187	40	58.686	0	28177.8	9006	0	264099	355.194	337.285	0	900	523.64	642.975	0.99104
1080	999095	686.91	409	79	112	355	0	686.91	40	15.2147	0	28169.6	8849.97	0	264694	333.856	287.099	0	1080	526.257	641.818	0.989258
1260	1.3636e+06	414	377	41	112	355	0	414	39	22.8957	0	28045	8986.86	0	78357.3	293.657	270.045	0	1260	517.838	640.664	0.987479
1440	235987	306.665	144	0	112	355	0	306.665	40	11.0668	0	28045.8	8848	0	245907	295.959	263.81	0	1440	517.238	639.512	0.985703
1620	230653	302.548	138	23	112	355	0	302.548	39	11.0152	0	28045	9005.99	0	170238	274.011	399.891	0	1620	520.234	638.362	0.983931
1800	946958	865.797	356	14	112	355	0	865.797	39	13.1937	0	28162	9006	0	303890	340.531	309.44	0	1800	515.63	637.214	0.982161
1980	2.72533e+06	864	739	165	112	355	0	864	39	22.4059	0	28203	8848	0	131414	269.054	272.905	0	1980	517.421	636.068	0.980395
2160	2.35628e+06	667.996	649	32	112	355	0	667.996	40	23.6939	0	28198.7	8894.82	0	225712	343.879	360	0	2160	513.531	634.924	0.978632
2340	1.42086e+06	513.943	677	114	112	355	0	513.943	39	20.9763	0	28201	8848	0	156418	274.32	310.663	0	2340	515.191	633.782	0.976872
2520	0.09217	0.000121234	98	0	112	355	0	0.000121234	39	11	0	28087.2	8988.16	0	109184	265.646	326.567	0	2520	520.867	632.642	0.975115
2700	1.40779e+06	297.053	566	41	112	355	0	297.053	40	27.4639	0	28203	8999.58	0	347342	366.551	343.506	0	2700	507.977	631.505	0.973361
2880	1.91541e+06	531.999	529	266	112	355	0	531.999	39	23.9378	0	28124.6	8948.9	0	133054	327.976	329.501	0	2880	526.106	630.369	0.971611
3060	2.16963e+06	257.162	269	0	112	355	0	257.162	40	36.6437	0	28045	8929.8	0	317718	298.063	316.9	0	3060	528.051	629.235	0.969863
3240	2.1634e+06	707.997	528	14	112	355	0	707.997	39	22.0527	0	28124.4	8848	0	123801	307.079	257.322	0	3240	524.672	628.104	0.968119
3420	4.88277e+06	51.3182	372	0	112	355	0	51.3182	40	133	0	28203	8923.98	0	526883	391.528	306.714	0	3420	532.61	626.974	0.966378
3600	644170	562.208	360	0	112	355	0	562.208	40	13.504	0	28124	9005.8	0	297296	338.808	325.822	0	3600	526.181	625.847	0.96464
3780	2.59201e+06	645.264	767	60	112	355	0	645.264	40	25.2848	0	28045	9006	0	214533	278.647	355.965	0	3780	531.541	624.721	0.962905
3960	2.05766e-06	2.70651e-09	12	12	112	355	0	2.70651e-09	39	11	0	28203	8848.75	0	131016	360.511	358.519	0	3960	518.128	623.598	0.961174
4140	5.31372e+06	129.454	812	200	112	355	0	129.454	39	81.1083	0	28127	8848.18	0	206326	338.425	307.563	0	4140	529.905	622.476	0.959445
4320	2.39497e+06	622	704	0	112	355	0	622	39	24.7551	0	28045	8890.08	0	267826	260.334	262.419	0	4320	532.051	621.357	0.95772
4500	1.18262e+06	682.322	367	98	112	355	0	682.322	40	16.6088	0	28075.9	8930.98	0	290781	276.192	321.614	0	4500	538.964	620.239	0.955997
4680	2.21132e+06	270.98	348	0	112	355	0	270.98	39	36.0385	0	28124.5	8848	0	174906	367.033	278.668	0	4680	530.016	619.124	0.954278
4860	2.51813e+06	584	691	225	112	355	0	584	39	26.1965	0	28132.1	8967.2	0	148692	335.328	315.198	0	4860	541.274	618.01	0.952562
5040	975457	550.904	236	0	112	355	0	550.904	39.7925	16.7871	0	28045	8927.28	0	225964	302.796	329.504	0	5040	536.245	616.899	0.950849
5220	4.25355e+06	44.7051	488	58	112	355	0	44.7051	40	133	0	28203	8848	0	304178	332.583	272.761	0	5220	534.855	615.79	0.949139
5400	2.88312e+06	66.0113	285	0	112	355	0	66.0113	40	83.765	0	28045	9006	0	299646	285.864	320.455	0	5400	534.904	614.682	0.947432
5580	337380	312.619	147	82	112	355	0	312.619	40	13.1057	0	28125	8897.15	0	217297	309.863	325.135	0	5580	540.308	613.577	0.945728
5760	1.89547e+06	666	350	0	112	355	0	666	39	21.2829	0	28045	8927.12	0	178576	351.115	311.556	0	5760	539.125	612.473	0.944027
5940	1.00057e+06	394	504	14	112	355	0	394	39	20.1042	0	28203	9006	0	109094	286.554	357.287	0	5940	540.313	611.372	0.94233
6120	452214	429.124	272	100	112	355	0	429.124	40	12.9506	0	28125	8954.43	0	266650	330.243	233.593	0	6120	549.804	610.272	0.940635
6300	3.05346e+06	660	711	184	112	355	0	660	39	27.1353	0	28131.9	8874.68	0	186488	300.048	263.632	0	6300	547.945	609.175	0.938943
6480	788131	646.183	304	0	112	355	0	646.183	39	13.9326	0	28124.8	9005.8	0	213706	329.76	328.708	0	6480	544.951	608.079	0.937255
6660	0.767461	0.00100879	72	0	112	355	0	0.00100879	39	11.0037	0	28203	8879.7	0	164223	373.207	365.294	0	6660	539.59	606.986	0.935569
6840	572223	527.671	243	0	112	355	0	527.671	40	13.1374	0	28045	9003.7	0	239449	245.165	326.174	0	6840	556.774	605.894	0.933887
7020	165201	56.4283	62	0	112	355	0	56.4283	39	21.5858	0	28124	9005.93	0	180887	312.186	351.157	0	7020	524.559	604.805	0.932207
7200	9.68347e+07	1137.37	7671	1279	112	355	0	1137.37	39	123.068	0	28088.3	8921.7	0	1.92338e+06	287.875	308.668	0	7200	553.583	603.717	0.930531
7380	2.69369e+07	457.02	1169	57	112	355	0	457.02	40	98.4338	0	28045	8848	0	1.27812e+06	223.395	286.711	0	7380	553.897	602.631	0.928857
7560	7.66957e+07	1061.03	7231	1068	113	358	0	1061.03	39	110.866	0	28390.4	8977.72	0	1.92406e+06	344.54	279.337	0	7560	552.997	601.547	0.927187
7740	1.1249e+08	1434.86	9483	1187	107	357	0	1434.86	39	116.614	0	28260	8548.62	0	2.33506e+06	298.841	333.961	0	7740	560.929	600.466	0.92552
7920	6.89593e+07	854.414	6293	476	112	359	0	854.414	39	118.81	0	28406.1	8902.31	0	1.59194e+06	275.268	294.9	0	7920	549.579	599.386	0.923855
8100	2.80989e+07	342.564	824	0	112	359	0	342.564	40	120.068	0	28361	8868.63	0	1.33289e+06	235.294	287.795	0	8100	545.006	598.308	0.922194
8280	1.69609e+06	551.988	435	0	112	359	0	551.988	39	22.1141	0	28517.2	8863.46	0	152268	304.272	334.234	0	8280	564.351	597.232	0.920535
8460	1.90907e+06	513.995	450	210	112	359	0	513.995	39.0001	24.3131	0	28475.4	8925.07	0	210265	312.966	186.807	0	8460	546.251	596.158	0.91888
8640	2.4351e+06	125.998	481	121	112	359	0	125.998	39	55.462	0	28414.7	9006	0	147550	291.999	326.415	0	8640	563.1	595.086	0.917227
8820	3.37618e+06	607.996	1060	87	112	359	0	607.996	40	29.7285	0	28366.8	8962.16	0	197961	324.759	322.684	0	8820	564.66	594.015	0.915578
9000	2.64581e+06	514	915	83	112	359	0	514	39	28.6225	0	28503.7	8954.58	0	135563	375.585	298.04	0	9000	572.295	592.947	0.913931
9180	1.11163e+06	35.3546	216	0	112	359	0	35.3546	40	70.798	0	28361	8879.39	0	390272	259.247	348.202	0	9180	558.11	591.881	0.912288
9360	300901	253.939	198	0	112	359	0	253.939	39	13.7328	0	28361	8848	0	162391	299.771	277.05	0	9360	576.112	590.816	0.910647
9540	636623	430.4	303	55	112	359	0	430.4	40	15.3432	0	28496.3	8927.93	0	231204	339.716	315.481	0	9540	586.929	589.754	0.909009
9720	1.32821e+08	1625.48	11262	1329	123	352	0	1625.48	40	119.768	0	27903.3	9800.79	0	2.50393e+06	338	302.576	0	9720	584.906	588.693	0.907375
9900	8.88359e+07	1071.75	7181	1166	118	352	0	1071.75	39	120.896	0	27897.5	9368.35	0	1.43257e+06	334.193	289.105	0	9900	566.498	587.635	0.905743
10080	1.50997e+07	158.699	209	57	118	352	0	158.699	40	133	0	27966	9322	0	1.2404e+06	404.183	270.428	0	10080	577.784	586.578	0.904114
10260	1.71171e+08	1841.3	13547	1324	112	354	0	1841.3	39.0001	130.788	0	28039.1	8913.05	0	2.26979e+06	308.044	299.744	0	10260	576.875	585.523	0.902488
10440	1.02285e+08	1253.69	8029	984	113	352	0	1253.69	39	119.649	0	27868.8	9044.41	0	2.36793e+06	312.699	344.752	0	10440	567.237	584.47	0.900865
10620	3.13951e+07	329.964	1505	408	113	352	0	329.964	40	133	0	27860.7	9085	0	1.27129e+06	306.528	396.167	0	10620	580.511	583.419	0.899245
10800	3.1567e+06	892	766	115	113	352	0	892	40	23.7326	0	27809.3	9070.05	0	344169	320.78	385.628	0	10800	568.664	582.37	0.897628
10980	4.06988e+06	613.999	1119	60	113	352	0	613.999	40	32.4801	0	27957.6	9045.33	0	252997	331.938	371.64	0	10980	581.294	581.322	0.896013
11160	1.69978e+06	36.543	160	26	113	352	0	36.543	39	86.5768	0	27808	9000.04	0	210148	322.436	300.79	0	11160	580.463	580.277	0.894402
11340	3.66268e+06	237.716	455	109	113	352	0	237.716	39	49.52	0	27808	8943.61	0	194891	224.734	318.498	0	11340	578.618	579.233	0.892793
11520	1.30694e+06	354	459	177	113	352	0	354	39	24.2402	0	27861.5	8997.51	0	99101.1	342.783	300.31	0	11520	578.169	578.192	0.891188
11700	2.60736e+06	965.995	627	0	113	352	0	965.995	40	20.7264	0	27808	8927	0	442373	262.956	312.828	0	11700	579.26	577.152	0.889585
11880	2.74705e+06	573.999	984	194	113	352	0	573.999	40	27.5987	0	27935	9007.29	0	196503	361.635	274.729	0	11880	597.463	576.114	0.887985
12060	961833	377.99	304	60	113	352	0	377.99	39	20.1243	0	27952.7	9004.11	0	141670	289.081	319.781	0	12060	585.768	575.078	0.886388
12240	3.41598e+06	189.351	452	105	113	352	0	189.351	39	53.5844	0	27808	9066.16	0	238050	303.499	275.973	0	12240	587.254	574.044	0.884794
12420	1.80712e+06	181.578	362	0	113	352	0	181.578	40	39.7989	0	27966	9002.21	0	312759	318.209	287.499	0	12420	591.988	573.011	0.883203
12600	986779	251.973	301	0	113	352	0	251.973	39.0002	24.9657	0	27965.5	8927	0	156718	344.915	294.713	0	12600	591.509	571.981	0.881615
12780	204520	268.979	283	0	113	352	0	268.979	39	11.0007	0	27860.5	8927	0	116406	265.46	297.359	0	12780	600.007	570.952	0.880029
12960	298145	392.151	149	0	113	352	0	392.151	40	11.0001	0	27809.2	8927.2	0	439027	311.697	262.601	0	12960	586.408	569.925	0.878447
13140	2.1609e+06	505.628	435	0	113	352	0	505.628	39	26.0802	0	27808	9085	0	293973	323.085	380.375	0	13140	592.252	568.9	0.876867
13320	5.34148e+06	1404	1265	144	113	352	0	1404	40	24.6069	0	27879.8	9073.5	0	563393	298.444	316.021	0	13320	597.561	567.877	0.87529
13500	4.47489e+06	52.5393	564	0	113	352	0	52.5393	39	123.1	0	27808	9085	0	268286	240.076	368.17	0	13500	601.596	566.856	0.873716
13680	5.50599e+06	57.8683	466	24	113	352	0	57.8683	40	133	0	27966	9085	0	401259	307.283	320.461	0	13680	571.921	565.837	0.872145
13860	854296	101.487	271	0	113	352	0	101.487	40	36.6024	0	27808	8927	0	395720	260.194	231.261	0	13860	585.036	564.819	0.870576
14040	646450	350.67	265	0	113	352	0	350.67	39	17.1289	0	27887.3	8927.03	0	110073	325.157	325.727	0	14040	577.39	563.803	0.869011
14220	3.67711e+06	874	649	437	113	352	0	874	39	25.8766	0	27887	9030.73	0	182656	342.586	337.351	0	14220	594.796	562.789	0.867448
14400	753321	844.151	161	0	113	352	0	844.151	40	11.9176	0	27886.6	9084.57	0	512117	320.961	356.599	0	14400	596.226	561.777	0.865888
14580	3.61209e+06	63.2102	338	0	113	352	0	63.2102	39	96.7502	0	27966	8927	0	174091	391.922	306.803	0	14580	593.61	560.767	0.864331
14760	3.08326e+06	710	781	0	113	352	0	710	39	26.2897	0	27808	8955.01	0	164507	344.442	350.976	0	14760	592.724	559.758	0.862776
14940	1.84277e+06	256.176	387	69	113	352	0	256.176	39	33.8358	0	27966	8992.64	0	152832	281.242	328.21	0	14940	599.417	558.752	0.861225
15120	1.66795e+06	363.996	706	50	113	352	0	363.996	39	27.0056	0	27813.9	9047.13	0	121040	292.755	258.444	0	15120	599.251	557.747	0.859676
15300	5.44524e-05	7.16229e-08	9	0	113	352	0	7.16229e-08	39	11	0	27875.6	9038.6	0	71111	303.389	353.108	0	15300	582.82	556.744	0.85813
15480	129995	170.495	173	74	113	352	0	170.495	39	11.0158	0	27808	9078.87	0	154307	245.316	289.083	0	15480	598.202	555.743	0.856586
15660	652767	289.404	158	0	113	352	0	289.404	39	18.9469	0	27808	9085	0	232773	213.567	291.447	0	15660	602.38	554.743	0.855046
15840	3.82517e+06	70.0721	717	26	113	352	0	70.0721	39	94.3423	0	27941.3	9085	0	372638	314.851	346.39	0	15840	593.642	553.746	0.853508
16020	6.07326e+07	1032.88	5981	1623	128	333	0	1032.88	40	98.3018	0	26378.6	10222	0	1.83894e+06	295.609	354.758	0	16020	596.116	552.75	0.851973
16200	2.2585e+06	1757.6	855	25	128	333	0	1757.6	40	14.3008	0	26318.3	10214.2	0	1.91327e+06	395.81	212.558	0	16200	596.862	551.756	0.850441
16380	6.51205e+07	895.646	6132	1311	134	334	0	895.646	40	111.262	0	26461.7	10658.6	0	2.3086e+06	294.556	306.832	0	16380	590.468	550.763	0.848912
16560	1.27038e+08	1335.18	9498	1269	128	338	0	1335.18	40	133	0	26772.5	10187.3	0	2.08934e+06	312.553	319.418	0	16560	582.004	549.773	0.847385
16740	8.4455e+07	980.994	6701	965	129	338	0	980.994	40	123.993	0	26797.6	10289	0	1.5777e+06	318.037	333.209	0	16740	580.105	548.784	0.845861
16920	1.08029e+08	1202.67	8342	1164	130	336	0	1202.67	39	127.657	0	26666.7	10350.6	0	3.18543e+06	352.197	333.882	0	16920	591.114	547.797	0.84434
17100	1.13566e+08	1538.69	10267	1466	130	336	0	1538.69	39.0001	112.291	0	26640.1	10369.7	0	1.65892e+06	332.263	323.891	0	17100	580.73	546.812	0.842822
17280	1.74997e+08	2091.8	14603	1392	132	335	0	2091.8	40	121.637	0	26521.9	10512	0	4.09981e+06	303.145	319.987	0	17280	603.398	545.829	0.841306
17460	7.97671e+07	1086.45	7304	915	128	328	0	1086.45	40	111.928	0	26016.6	10186.6	0	1.99133e+06	335.948	322.753	0	17460	590.1	544.847	0.839793
17640	5.0629e+06	320.382	465	0	128	328	0	320.382	39.0012	50.1507	0	26070	10204.8	0	561294	420.946	254.588	0	17640	606.222	543.867	0.838283
17820	6.20404e+07	832.79	5956	490	110	326	0	832.79	39.9999	112.938	0	25832.7	8777.67	0	1.39836e+06	325.699	332.576	0	17820	596.517	542.889	0.836775
18000	1.51517e+08	1858.57	12418	1902	109	326	0	1858.57	40	119.588	0	25832	8639.8	0	3.19644e+06	308.247	276.949	0	18000	596.391	541.913	0.83527
18180	2.61306e+08	2925.4	19937	2714	110	326	0	2925.4	40	127.161	0	25818.1	8801.42	0	4.84057e+06	309.769	341.307	0	18180	602.233	540.938	0.833768
18360	3.39096e+08	3627.07	25526	2221	109	324	0	3627.07	39	131.32	0	25675.9	8717.58	0	7.44269e+06	318.195	339.025	0	18360	612.299	539.966	0.832269
18540	2.36254e+08	2483.05	16044	2175	112	316	0	2483.05	40	133	0	25042.2	8945.13	0	6.86003e+06	320.788	329.052	0	18540	588.11	538.994	0.830772
18720	1.44867e+08	1522.56	10001	1371	110	307	0	1522.56	40	133	0	24349	8809.64	0	4.54179e+06	323.844	347.794	0	18720	597.131	538.025	0.829278
18900	1.96595e+08	2144.64	14639	2566	110	303	0	2144.64	40	129.49	0	24062.9	8734.35	0	3.49872e+06	346.093	287.235	0	18900	595.683	537.058	0.827786
19080	1.34907e+08	1417.88	9976	1332	111	293	0	1417.88	40	133	0	23256.7	8853.67	0	4.10879e+06	352.55	310.846	0	19080	569.298	536.092	0.826298
19260	2.50269e+08	3143.14	20084	3518	108	285	0	3143.14	40	117.777	0	22554.4	8626.35	0	3.97824e+06	285.671	321.643	0	19260	563.442	535.128	0.824812
19440	1.75724e+08	2002.98	13920	2054	106	273	0	2002.98	39.0001	125.595	0	21658.2	8488.3	0	4.09831e+06	324.403	344.53	0	19440	554.17	534.165	0.823328
19620	1.29607e+08	1362.18	9135	1260	105	271	0	1362.18	40	133	0	21470.4	8396.9	0	1.89908e+06	311.003	330.667	0	19620	539.65	533.205	0.821848
19800	1.63056e+08	1713.73	11483	2065	99	262	0	1713.73	40	133	0	20757.1	7861.84	0	4.61129e+06	289.126	285.034	0	19800	545.271	532.246	0.82037
19980	8.34689e+07	877.263	5709	1730	91	247	0	877.263	40	133	0	19641.5	7196.22	0	3.25367e+06	369.685	267.004	0	19980	513.088	531.289	0.818895
20160	2.01987e+06	700	474	0	91	247	0	700	39	21.43	0	19592.3	7347	0	165952	318.183	346.568	0	20160	498.165	530.333	0.817422
20340	6.71787e+06	70.6051	151	23	91	247	0	70.6051	40	133	0	19513	7347	0	497261	272.75	314.53	0	20340	508.048	529.379	0.815952
20520	6.4251e+07	675.282	4915	669	92	244	0	675.282	40	133	0	19358.7	7352.31	0	1.88957e+06	308.184	322.002	0	20520	515.393	528.427	0.814484
20700	3.53963e+07	372.016	736	112	92	244	0	372.016	40	133	0	19434	7426	0	1.78354e+06	403.597	407.107	0	20700	518.72	527.477	0.81302
20880	8.94647e+06	95.3882	148	0	92	244	0	95.3882	40	131.623	0	19276	7268	0	614754	258.788	281.6	0	20880	525.805	526.528	0.811558
21060	9.11716e+06	95.8218	434	158	92	244	0	95.8218	40	133	0	19276	7426	0	427896	282.608	379.782	0	21060	538.724	525.582	0.810098
21240	6.33768e+06	199.569	852	0	92	244	0	199.569	40	71.155	0	19276	7426	0	335605	317.72	336.134	0	21240	525.887	524.636	0.808641
21420	3.5859e+06	82.1959	164	0	92	244	0	82.1959	39	83.7151	0	19434	7268	0	396050	387.525	333.527	0	21420	555.136	523.693	0.807187
21600	1.35813e+08	2396.17	13825	2015	106	282	0	2396.17	40	96.3132	0	22334	8448.92	0	3.71421e+06	290.846	311.959	0	21600	563.069	522.751	0.805735
21780	1.4053e+08	1760.5	11384	1365	113	289	0	1760.5	39	117.967	0	22889.9	9034.43	0	2.89314e+06	299.129	325.329	0	21780	568.173	521.811	0.804286
21960	8.06669e+07	1496.25	8281	1541	115	296	0	1496.25	40	93.7019	0	23457.8	9134.74	0	1.59463e+06	299.891	304.142	0	21960	568.002	520.873	0.80284
22140	6.83739e+07	825.24	5807	788	116	301	0	825.24	39.9997	120.862	0	23844.1	9243.55	0	1.0686e+06	303.62	321.623	0	22140	556.827	519.936	0.801396
22320	6.64775e+07	775.912	5706	746	117	305	0	775.912	40	123.59	0	24139.6	9304.93	0	2.34073e+06	294.923	292.177	0	22320	562.944	519.001	0.799955
22500	7.85203e+07	989.014	6674	1032	112	307	0	989.014	39	117.557	0	24311	8904.96	0	1.19378e+06	296.46	305.794	0	22500	568.122	518.067	0.798516
22680	1.29895e+06	723.389	416	0	112	307	0	723.389	40	16.9052	0	24411	8926.96	0	289395	302.91	283.767	0	22680	550.161	517.136	0.79708
22860	1.15e+07	120.866	935	349	112	307	0	120.866	40	133	0	24411	8950.84	0	598672	380.485	340.028	0	22860	562.441	516.206	0.795647
23040	1.07991e+06	699.847	462	0	112	307	0	699.847	40	15.6712	0	24261.1	9003.91	0	481624	267.156	312.66	0	23040	573.054	515.277	0.794216
23220	926670	868.47	413	0	112	307	0	868.47	40	13.0315	0	24411	9005.71	0	372103	304.53	338.993	0	23220	558.122	514.351	0.792788
23400	5.44313e+07	1095.25	5627	1118	107	333	0	1095.25	40	89.6733	0	26418.8	8564.59	0	969191	320.941	337.367	0	23400	555.899	513.426	0.791362
23580	7.79218e+07	1011.47	6842	1282	106	333	0	1011.47	39	115.329	0	26373.2	8453.86	0	1.22089e+06	303.703	309.951	0	23580	563.376	512.502	0.789939
23760	2.85567e+07	300.133	1012	139	106	333	0	300.133	39.0001	133	0	26465	8532	0	1.05661e+06	417.491	375.331	0	23760	568.182	511.581	0.788518
23940	1.70133e+07	178.811	773	0	106	333	0	178.811	40	133	0	26465	8532	0	1.91863e+06	363.15	323.103	0	23940	570.88	510.661	0.7871
24120	1.10329e+07	115.956	922	131	106	333	0	115.956	40	133	0	26388.2	8374	0	740346	312.171	281.279	0	24120	571.916	509.742	0.785684
24300	2.34348e+06	140.457	457	126	106	333	0	140.457	39	51.5313	0	26410.7	8374	0	172107	334.569	263.469	0	24300	569.54	508.826	0.784271
24480	1.04121e+08	1226.86	8842	1034	108	335	0	1226.86	39	122.805	0	26576.2	8587.72	0	2.78785e+06	353.163	286.494	0	24480	584.484	507.911	0.782861
24660	1.52344e+08	1868.96	12832	1779	112	336	0	1868.96	39	119.577	0	26611.5	8923.74	0	4.03571e+06	305.3	304.353	0	24660	576.093	506.997	0.781453
24840	1.65098e+08	1735.19	11116	2072	107	340	0	1735.19	40	133	0	26987.8	8521.64	0	4.22907e+06	347.637	316.693	0	24840	561.592	506.085	0.780048
25020	4.07805e+08	4286.05	27222	3034	107	345	0	4286.05	40	133	0	27362.3	8538.64	0	1.25595e+07	331.459	323.275	0	25020	584.678	505.175	0.778645
25200	3.77691e+08	3969.55	25432	3873	104	344	0	3969.55	40	133	0	27264	8300.07	0	1.36031e+07	322.429	310.267	0	25200	580.321	504.267	0.777245
25380	1.90135e+08	1998.33	13001	1792	106	344	0	1998.33	40	133	0	27273.2	8435.64	0	3.03881e+06	325.658	297.396	0	25380	593.954	503.36	0.775847
25560	4.72183e+07	496.267	2813	169	106	344	0	496.267	40	133	0	27334	8532	0	2.26024e+06	398.075	363.77	0	25560	586.488	502.455	0.774452
25740	1.04075e+08	1472.63	9172	1562	110	342	0	1472.63	39.9999	109.362	0	27111.4	8792.97	0	1.82199e+06	320.857	324.173	0	25740	602.154	501.551	0.773059
25920	6.18008e+06	64.9529	913	0	110	342	0	64.9529	40	133	0	27162.9	8848	0	365545	344.777	334.11	0	25920	618.875	500.649	0.771669
26100	5.03303e+07	848.582	5463	528	119	338	0	848.582	40	98.7807	0	26802	9503.79	0	1.21821e+06	338.326	316.545	0	26100	606.818	499.749	0.770281
26280	1.47994e+08	2124.38	12406	2758	130	339	0	2124.38	40	108.422	0	26858	10387.6	0	6.45584e+06	296.856	340.819	0	26280	620.471	498.85	0.768896
26460	1.79697e+08	2397.81	15528	1908	123	340	0	2397.81	40	113.356	0	26928	9776.47	0	2.33976e+06	310.014	304.867	0	26460	620.775	497.953	0.767513
26640	1.43248e+08	1505.55	9543	1722	123	344	0	1505.55	40	133	0	27230.6	9804.66	0	4.72517e+06	292.243	325.956	0	26640	620.912	497.057	0.766133
26820	6.95627e+07	957.17	5706	1286	131	343	0	957.17	40	111.232	0	27136.5	10441.8	0	2.22852e+06	305.425	306.502	0	26820	631.3	496.163	0.764755
27000	1.99964e+08	2650.69	17059	2515	132	343	0	2650.69	39.0001	113.822	0	27142.1	10511.8	0	2.46749e+06	289.632	319.498	0	27000	625.765	495.271	0.763379
27180	2.85502e+08	3578.97	23999	3552	129	341	0	3578.97	40	117.918	0	26996.2	10281.6	0	5.14159e+06	289.203	334.742	0	27180	633.15	494.38	0.762007
27360	2.12626e+08	3010.12	18171	2945	130	342	0	3010.12	39.9998	109.328	0	27084.7	10317.3	0	4.9084e+06	303.402	301.001	0	27360	633.529	493.491	0.760636
27540	9.16825e+07	1470.44	8834	1472	131	342	0	1470.44	40	101.617	0	27093.4	10452.6	0	2.03494e+06	317.4	342.548	0	27540	648.993	492.604	0.759268
27720	1.60885e+08	2202.37	14487	1615	136	341	0	2202.37	39.9999	111.583	0	26994.3	10814.2	0	3.49706e+06	293.499	313.203	0	27720	651.406	491.718	0.757903
27900	2.17184e+08	2790.86	18597	3050	133	337	0	2790.86	40	116.067	0	26712.9	10584.8	0	4.69333e+06	322.429	320.08	0	27900	648.334	490.834	0.75654
28080	2.44916e+08	2699.78	19934	2851	133	340	0	2699.78	40	128.542	0	26958.2	10543.1	0	8.91545e+06	338.672	269.925	0	28080	654.525	489.951	0.755179
28260	2.5326e+08	2828.98	19449	3345	131	340	0	2828.98	40	127.358	0	26978.5	10408.2	0	6.38202e+06	352.069	297.146	0	28260	665.24	489.07	0.753821
28440	2.80475e+08	2947.81	17319	2011	125	341	0	2947.81	40	133	0	27016.1	9951.53	0	1.96804e+07	315.458	316.69	0	28440	656.277	488.19	0.752466
28620	1.8604e+08	2424.13	15564	2119	122	347	0	2424.13	39.9999	115.052	0	27526.2	9709.12	0	3.56998e+06	335.171	310.94	0	28620	659.778	487.312	0.751112
28800	1.10638e+07	255.869	606	156	122	347	0	255.869	40	83.3281	0	27413	9638	0	792815	331.095	271.471	0	28800	656.984	486.436	0.749762
