MS2-QUANT	v0j
Region DEFINITION, 05-Apr-2021
COMMENT	Outline definition performed in MS2-QUANT (Main program)
FILE	MAX_20201217_RI516_C12MS2128TkTat_001_visit_33.tif
PATH	/Volumes/EBL/20201217/
PARAMETERS
Pix-XY	Pix-Z	RI	Ex	Em	NA	dT	Type
79	600	1.458	488	521	1.4	180	widefield
ANALYSIS-SETTINGS	
IMAGING-BACKGROUND	150
LIMIT-FIT-SIGMA-XY-MIN	112
LIMIT-FIT-SIGMA-XY-MAX	174
LIMIT-FIT-SIGMA-Z-MIN	0
LIMIT-FIT-SIGMA-Z-MAX	0
LIMIT-FIT-BGD-MIN	102
LIMIT-FIT-BGD-MAX	103
DETECTION-THRESHOLD	500
REGION	TxSite
X_POS	133	134	134	135	136	136	137	138	139	140	140	141	141	142	142	143	143	144	144	144	145	145	146	146	146	147	147	148	148	148	149	149	150	150	151	152	153	153	154	154	155	155	155	156	156	157	157	158	158	159	159	160	160	160	160	161	161	161	161	161	162	162	162	162	163	163	163	163	163	163	163	164	164	164	164	164	164	164	164	164	164	164	165	165	165	165	165	165	165	165	166	166	166	166	166	166	166	166	166	166	166	166	166	166	166	166	166	166	166	166	166	166	166	166	166	166	166	166	166	166	166	166	166	166	166	166	166	166	166	166	166	166	166	166	166	166	166	166	166	166	166	166	166	166	166	166	166	166	166	166	166	166	166	166	166	166	166	166	166	166	166	166	166	166	166	166	166	166	165	165	165	165	165	165	165	164	164	164	164	164	163	163	163	163	163	163	162	162	162	162	162	162	162	161	161	161	161	161	160	160	160	160	159	159	159	158	158	157	157	157	156	156	155	155	154	154	153	153	153	152	152	151	151	150	150	149	149	148	148	147	147	146	146	145	145	144	144	143	143	143	142	142	141	141	140	140	140	140	139	139	139	139	139	139	139	139	139	138	138	138	138	138	138	138	138	138	138	138	137	137	136	136	135	135	135	134	134	133	133	133	132	132	131	131	130	130	129	129	128	128	127	127	126	126	125	125	124	124	123	123	122	122	122	121	121	120	120	119	119	118	118	118	117	117	117	117	116	116	116	115	115	115	114	114	113	113	113	112	112	112	111	111	111	110	110	109	109	108	108	108	108	107	107	107	106	106	106	106	106	105	105	105	105	105	105	104	104	104	104	103	103	103	103	103	103	103	103	102	102	102	102	102	102	102	102	102	101	101	101	101	101	101	101	101	101	101	101	101	101	101	101	101	101	101	101	101	101	101	101	101	102	102	102	102	102	103	103	103	103	103	103	103	104	104	104	104	105	105	105	105	106	106	106	107	107	108	108	109	109	110	110	111	111	111	112	112	112	112	113	113	114	114	115	115	116	116	116	117	117	118	118	119	119	120	120	121	121	121	122	122	123	123	124	124	124	125	125	126	126	126	127	127	128	128	128	129	129	129	130	130	131	131	131	131	132	132	132	132	132	132	133	133	END
Y_POS	316	316	316	316	316	316	316	316	316	316	316	316	316	316	316	316	316	316	316	316	316	316	316	316	315	315	315	315	315	314	314	314	314	313	313	313	312	312	311	311	311	311	311	311	311	311	310	310	310	310	310	309	309	309	308	308	307	307	307	306	306	306	305	305	304	304	303	303	303	302	302	302	301	301	300	300	300	299	299	298	298	297	297	296	296	295	295	294	294	293	293	292	292	291	291	290	290	289	289	288	288	287	287	286	286	285	285	284	284	283	283	282	282	281	281	280	280	279	279	278	278	277	277	276	276	275	275	274	274	273	273	272	272	271	271	270	270	269	269	268	268	267	267	266	266	265	265	264	264	263	263	262	262	261	261	260	260	259	259	258	258	257	257	257	256	256	255	255	254	254	253	253	253	252	252	252	251	251	251	250	250	250	249	249	248	248	247	247	246	246	246	245	245	244	244	243	243	243	242	242	242	241	241	241	241	241	241	241	240	240	240	240	240	240	240	240	240	239	239	239	239	239	239	239	239	239	239	239	239	239	239	239	239	239	239	239	239	239	239	240	240	240	240	240	240	241	241	241	241	242	242	242	243	243	244	244	245	245	246	246	247	247	248	248	249	249	249	250	250	251	251	251	251	252	252	252	252	252	253	253	253	253	253	253	253	253	253	253	253	253	253	253	253	253	253	252	252	252	252	251	251	251	251	251	251	251	251	251	251	251	252	252	252	252	252	253	253	253	253	253	254	254	254	254	254	255	255	255	255	255	255	256	256	256	256	257	257	258	258	258	259	259	259	260	260	261	261	261	262	262	263	263	263	264	264	265	265	266	266	267	267	268	268	269	269	270	270	270	271	271	272	272	273	273	274	274	274	275	275	276	276	277	278	278	279	280	280	281	282	283	283	284	285	285	286	286	287	287	288	288	289	289	290	290	291	291	291	292	292	292	293	293	294	294	295	295	296	296	296	297	297	298	298	298	299	299	300	300	300	301	301	301	302	302	302	302	302	303	303	303	303	303	303	303	303	304	304	304	304	304	304	304	305	305	305	305	305	305	305	306	306	306	306	306	307	307	307	307	307	308	308	308	308	309	309	309	309	310	310	310	310	311	311	311	311	312	312	312	313	313	313	313	END
QUANTIFICATION
Time[s]	Q_Integrate	Q_AMP	Q_Sum_pix	Q_MIP_int	Pix_Y	Pix_X	Pix_Z	AMP	BGD	SigmaXY	SigmaZ	MuY	MuX	MuZ	RES	Cent_Y	Cent_X	Cent_Z	OPB_time	OPB_INT	OPB_FIT	OPB_FIT_norm
0	2.59656e+08	2364.23	18760	2204	255	148	0	2364.23	102	148.723	0	11773.4	20175.6	0	5.36114e+06	323.524	273.808	0	0	1216.1	1589.36	1
180	4.04196e+08	3954.99	28694	4480	255	148	0	3954.99	103	140.348	0	11757.1	20272.1	0	6.50287e+06	306.266	353.884	0	180	1243.26	1586.5	0.998202
360	5.87205e+08	5150.34	38684	4072	253	149	0	5150.34	102.001	153.548	0	11874.7	20063.5	0	1.23661e+07	329.843	315.602	0	360	1254.74	1583.65	0.996406
540	4.25105e+08	4279.83	31065	3840	255	149	0	4279.83	103	137.315	0	11856.7	20193.2	0	9.57203e+06	326.776	296.17	0	540	1267.27	1580.8	0.994615
720	4.43563e+08	4070.35	29549	4347	253	151	0	4070.35	103	147.762	0	12038	20045.2	0	6.77838e+06	336.886	306.524	0	720	1276.71	1577.96	0.992826
900	4.66738e+08	3690.57	28080	3470	251	151	0	3690.57	102	169.117	0	12006.6	19882.4	0	1.50334e+07	316.303	301.926	0	900	1253.89	1575.12	0.99104
1080	4.73933e+08	3644.29	26449	4017	252	158	0	3644.29	103	174	0	12516.5	19961.3	0	1.2864e+07	291.696	301.761	0	1080	1263.73	1572.29	0.989258
1260	5.19026e+08	4725.57	35027	4882	249	154	0	4725.57	103	148.731	0	12273	19734.6	0	8.25879e+06	335.95	308.153	0	1260	1281.24	1569.46	0.987479
1440	7.81977e+08	6323.79	48094	5954	251	156	0	6323.79	102	165.422	0	12427.2	19842.9	0	1.70173e+07	333.479	272.052	0	1440	1284.33	1566.64	0.985703
1620	6.87034e+08	5282.92	42729	5753	254	147	0	5282.92	102	174	0	11746.4	20190.8	0	4.32979e+07	354.613	351.847	0	1620	1224.48	1563.82	0.983931
1800	9.78284e+08	7654.66	57274	9191	250	148	0	7654.66	103	170.913	0	11789.4	19881.3	0	3.05405e+07	326.937	351.678	0	1800	1246.45	1561.01	0.982161
1980	6.39606e+08	4918.22	34170	4303	249	151	0	4918.22	103	174	0	12009.5	19768.1	0	1.661e+07	317.826	328.009	0	1980	1238.39	1558.2	0.980395
2160	6.28793e+08	4835.08	34620	4542	255	154	0	4835.08	103	174	0	12253.4	20229.3	0	2.22933e+07	321.867	317.52	0	2160	1245.86	1555.4	0.978632
2340	8.92615e+08	6915.82	53663	6773	258	154	0	6915.82	102	172.643	0	12276.6	20458.8	0	1.15986e+07	335.89	314.531	0	2340	1257.7	1552.6	0.976872
2520	7.04703e+08	6022.46	44545	5942	273	149	0	6022.46	102	157.121	0	11850	21596.8	0	1.06903e+07	315.789	282.7	0	2520	1268.43	1549.81	0.975115
2700	5.02363e+08	4544.92	34103	5764	264	151	0	4544.92	102.999	149.525	0	12030.1	20921.4	0	8.48505e+06	336.84	304.622	0	2700	1272.01	1547.02	0.973361
2880	4.2431e+08	4645.09	31823	4556	271	153	0	4645.09	103	129.168	0	12152	21523.2	0	1.06904e+07	303.404	338.585	0	2880	1267.43	1544.24	0.971611
3060	4.05968e+08	3758.04	28608	3889	269	150	0	3758.04	102	146.701	0	11921	21296.3	0	8.98122e+06	302.866	285.295	0	3060	1236.65	1541.46	0.969863
3240	6.79021e+08	5221.3	40397	5258	266	151	0	5221.3	103	174	0	11985.1	21096.2	0	4.23124e+07	294.621	311.641	0	3240	1275.45	1538.69	0.968119
3420	4.29618e+08	4595.4	33825	3715	266	150	0	4595.4	102	131.318	0	11922	21094.4	0	4.58966e+06	307.938	312.658	0	3420	1295.27	1535.92	0.966378
3600	3.14548e+08	2822.61	20978	3259	263	151	0	2822.61	103	150.56	0	12043	20835	0	1.13752e+07	333.057	312.395	0	3600	1281.37	1533.16	0.96464
3780	6.10177e+08	4823.18	39137	5430	267	147	0	4823.18	103	169.172	0	11700.8	21160.3	0	1.29769e+07	324.255	309.925	0	3780	1279.52	1530.4	0.962906
3960	6.25697e+08	4811.27	35570	4760	269	145	0	4811.27	103	174	0	11542.7	21286.1	0	2.13614e+07	320.528	287.958	0	3960	1281.07	1527.65	0.961174
4140	8.29147e+08	7603.97	56009	7713	267	145	0	7603.97	102.99	147.837	0	11530.8	21182.4	0	2.84802e+07	319.051	320.615	0	4140	1296.67	1524.9	0.959445
4320	5.78583e+08	4796.71	37283	5070	273	147	0	4796.71	103	161.558	0	11697.2	21665.5	0	1.84725e+07	323.216	329.019	0	4320	1277.33	1522.16	0.95772
4500	5.93869e+08	5879.9	42242	5060	271	147	0	5879.9	102.003	139.074	0	11654.9	21482.9	0	1.31179e+07	283.931	312.995	0	4500	1311.05	1519.42	0.955997
4680	4.15504e+08	3861.71	28402	4207	266	141	0	3861.71	103	146.222	0	11240.3	21153	0	1.30629e+07	332.993	362.278	0	4680	1359.64	1516.69	0.954278
4860	3.42707e+08	2740.27	22197	2444	264	141	0	2740.27	102.001	167.256	0	11229.4	20987.9	0	1.14924e+07	324.129	350.096	0	4860	1329.7	1513.96	0.952562
5040	4.60147e+08	3961.24	29879	3688	266	142	0	3961.24	102	156.098	0	11245.6	21044.6	0	1.7421e+07	274.265	276.765	0	5040	1291.94	1511.24	0.950849
5220	3.73994e+08	3342.81	25196	4293	265	135	0	3342.81	103	151.068	0	10732.3	21014.8	0	1.54879e+07	315.278	328.123	0	5220	1309.44	1508.52	0.949139
5400	7.31321e+08	5974.01	45837	5292	272	138	0	5974.01	102	163.83	0	10971.6	21533.4	0	1.80084e+07	311.567	295.13	0	5400	1329.83	1505.81	0.947432
5580	6.14937e+08	4728.53	35605	5864	276	134	0	4728.53	103	174	0	10692.8	21847.9	0	2.28467e+07	337.284	304.245	0	5580	1294.11	1503.1	0.945728
5760	5.83494e+08	4486.75	33847	3879	265	130	0	4486.75	103	174	0	10385.4	20989.8	0	2.8947e+07	344.416	303.818	0	5760	1335.35	1500.4	0.944027
5940	4.02504e+08	3284.7	26837	3663	271	133	0	3284.7	103	163.985	0	10559.9	21438.5	0	1.38746e+07	297.751	276.416	0	5940	1343.03	1497.7	0.94233
6120	5.95318e+08	4577.67	34243	5508	268	133	0	4577.67	103	174	0	10542.5	21326.6	0	2.87582e+07	292.903	358.57	0	6120	1318.94	1495.01	0.940635
6300	5.61936e+08	4793.48	36500	4500	276	136	0	4793.48	102.002	157.383	0	10848	21875.8	0	2.28634e+07	338.113	317.59	0	6300	1354.13	1492.32	0.938943
6480	5.05591e+08	3887.72	29678	4111	276	135	0	3887.72	103	174	0	10763	21906.7	0	2.18713e+07	330.343	333.536	0	6480	1314.85	1489.64	0.937255
6660	8.29607e+08	7004.36	53785	6911	277	139	0	7004.36	103	158.859	0	11093.2	21968.7	0	3.56779e+07	339.926	321.95	0	6660	1351.95	1486.96	0.935569
6840	9.74842e+08	7496.01	54499	6182	281	139	0	7496.01	103	174	0	11128.3	22321.5	0	5.81715e+07	361.372	339.216	0	6840	1383.78	1484.28	0.933887
7020	7.62528e+08	5956.41	48250	6256	279	146	0	5956.41	102.001	171.206	0	11596.2	22108.3	0	3.81663e+07	305.104	299.631	0	7020	1344.87	1481.61	0.932207
7200	7.86031e+08	6044.15	45462	6260	274	150	0	6044.15	103	174	0	11900	21756.6	0	3.83469e+07	294.377	337.491	0	7200	1340.28	1478.95	0.930531
7380	5.24066e+08	4353.15	33292	5085	277	145	0	4353.15	102	161.267	0	11552.9	21950.1	0	1.75731e+07	334.719	313.25	0	7380	1370.45	1476.29	0.928857
7560	5.12154e+08	3938.18	29487	3152	274	151	0	3938.18	103	174	0	12010.9	21713.3	0	1.92623e+07	321.03	304.617	0	7560	1294.87	1473.63	0.927187
7740	2.37635e+08	1888.75	15965	2075	279	153	0	1888.75	102	168.25	0	12160.4	22141.1	0	8.64867e+06	311.32	339.493	0	7740	1367.65	1470.98	0.92552
7920	6.80198e+08	8137.17	54855	8511	269	155	0	8137.17	103	121.572	0	12328.1	21367.9	0	1.80557e+07	326.302	351.608	0	7920	1332.4	1468.34	0.923855
8100	1.13953e+09	9469.39	73604	9382	272	151	0	9469.39	102.001	161.205	0	12037.8	21557.9	0	3.58045e+07	341.941	309.211	0	8100	1361.46	1465.7	0.922194
8280	1.04243e+09	8015.76	60265	7532	267	159	0	8015.76	103	174	0	12624.1	21212.2	0	9.653e+07	306.334	334.931	0	8280	1324.52	1463.06	0.920535
8460	9.34077e+08	7182.55	54670	7270	268	152	0	7182.55	103	174	0	12112.7	21259.1	0	3.91027e+07	337.112	324.024	0	8460	1321.96	1460.43	0.91888
8640	7.89665e+08	6211.99	48579	5412	270	149	0	6211.99	102	169.991	0	11882.4	21399.8	0	2.35527e+07	341.454	314.384	0	8640	1317.83	1457.8	0.917227
8820	8.5112e+08	6544.65	49299	6104	275	151	0	6544.65	103	174	0	12035.1	21844.1	0	4.7958e+07	339.922	342.04	0	8820	1341.92	1455.18	0.915578
9000	9.09586e+08	6994.22	51331	6329	275	155	0	6994.22	103	174	0	12344.5	21830.1	0	2.61592e+07	328.069	329.774	0	9000	1371.87	1452.57	0.913931
9180	1.04265e+09	8359.48	66498	7885	282	147	0	8359.48	103	166.815	0	11698.2	22376.8	0	3.3249e+07	327.693	322.845	0	9180	1409.92	1449.95	0.912288
9360	6.59436e+08	5702.43	42280	5768	284	148	0	5702.43	102	155.475	0	11732.1	22519.5	0	3.32192e+07	286.167	312.839	0	9360	1354.51	1447.35	0.910647
9540	5.27434e+08	4378.27	34253	4587	280	149	0	4378.27	103	161.365	0	11820.9	22217.6	0	1.48042e+07	297.097	333.81	0	9540	1406.43	1444.74	0.909009
9720	1.01764e+09	8809.17	65612	8297	279	149	0	8809.17	102	155.331	0	11829.6	22099.1	0	3.27897e+07	301.532	303.846	0	9720	1424.37	1442.14	0.907375
9900	5.87696e+08	4519.06	33634	4361	280	146	0	4519.06	103	174	0	11634	22242.8	0	1.13933e+07	327.963	339.76	0	9900	1352.32	1439.55	0.905743
10080	8.93774e+08	7582.58	57145	8189	280	146	0	7582.58	102.997	158.163	0	11635.1	22207.9	0	3.80225e+07	329.614	321.657	0	10080	1371.84	1436.96	0.904114
10260	6.87162e+08	5982.76	44209	5857	285	151	0	5982.76	102	154.543	0	12020	22604.9	0	1.33629e+07	327.235	324.717	0	10260	1418.24	1434.38	0.902488
10440	6.6502e+08	6609.26	45920	7328	286	151	0	6609.26	103	138.672	0	12036.1	22718.7	0	1.32771e+07	336.319	356.244	0	10440	1372.63	1431.8	0.900865
10620	4.09777e+08	3502.09	26640	4571	285	152	0	3502.09	102	157.117	0	12111.6	22626.1	0	1.45966e+07	340.515	337.959	0	10620	1364.81	1429.22	0.899245
10800	3.15452e+08	2425.65	20150	1538	285	155	0	2425.65	103	174	0	12360.9	22617.3	0	1.66737e+07	341.039	326.534	0	10800	1384.09	1426.65	0.897628
10980	5.40183e+08	5163.6	37792	4532	289	154	0	5163.6	102	142.946	0	12209.1	22899	0	1.05802e+07	287.882	302.658	0	10980	1354.49	1424.09	0.896013
11160	3.71222e+08	3540.17	26598	3182	292	149	0	3540.17	102	143.214	0	11896.1	23151.3	0	1.44977e+07	352.855	321.162	0	11160	1411.47	1421.53	0.894402
11340	4.62196e+08	4365.91	31886	4974	288	158	0	4365.91	102.001	144.311	0	12552.3	22832.9	0	1.57064e+07	301.776	315.71	0	11340	1345.1	1418.97	0.892793
11520	3.41232e+08	2653.65	20724	3249	283	155	0	2653.65	103	171.986	0	12319.3	22478.2	0	1.15003e+07	312.053	337.831	0	11520	1366.52	1416.42	0.891188
11700	5.29679e+08	4222.5	32658	3949	278	152	0	4222.5	102	167.756	0	12055.2	22071	0	1.10053e+07	298.67	332.789	0	11700	1339.4	1413.87	0.889585
11880	4.47822e+08	3836.02	28408	4575	280	152	0	3836.02	102	156.793	0	12093.9	22161.3	0	1.10483e+07	319.087	293.78	0	11880	1321.75	1411.33	0.887985
12060	5.05855e+08	5036.75	37028	5160	283	155	0	5036.75	103	138.475	0	12303.5	22448.4	0	7.17098e+06	300.7	329.678	0	12060	1339.91	1408.79	0.886388
12240	3.08886e+08	3131.22	22663	3125	285	154	0	3131.22	103	136.605	0	12257.5	22582.3	0	6.77731e+06	328.59	319.293	0	12240	1332.49	1406.26	0.884794
12420	3.60004e+08	3611.99	27891	4240	288	151	0	3611.99	103	137.673	0	12001.9	22830.8	0	1.12094e+07	310.022	310.87	0	12420	1365.21	1403.73	0.883203
12600	5.21408e+08	5149.48	36837	5649	286	148	0	5149.48	103	139.344	0	11747.3	22706.2	0	1.66368e+07	299.205	336.74	0	12600	1399.68	1401.2	0.881615
12780	3.45599e+08	2910.03	23795	2287	282	144	0	2910.03	103	159.251	0	11450.1	22363.5	0	1.05941e+07	317.002	317.449	0	12780	1397.84	1398.68	0.880029
12960	2.99772e+08	3874.79	24701	3590	274	153	0	3874.79	102	115.637	0	12120.3	21750.7	0	4.93617e+06	272.817	340.657	0	12960	1359.73	1396.17	0.878447
13140	4.45199e+08	3934.6	27986	3597	276	153	0	3934.6	102	152.539	0	12126.1	21836.6	0	8.23775e+06	285.327	285.641	0	13140	1358.66	1393.66	0.876867
13320	4.23524e+08	3590.98	29779	3142	274	152	0	3590.98	102.999	158.248	0	12044.6	21717.8	0	1.63449e+07	278.667	312.626	0	13320	1319.84	1391.15	0.87529
13500	4.29078e+08	5276.15	36042	4661	283	140	0	5276.15	102.999	119.397	0	11158.7	22450.4	0	1.07622e+07	345.159	317.599	0	13500	1366	1388.65	0.873716
13680	3.60107e+08	3770.96	27218	4201	281	143	0	3770.96	103	133.355	0	11390.3	22290.8	0	6.99045e+06	321.245	325.104	0	13680	1361.21	1386.15	0.872145
13860	2.65026e+08	3563.27	23395	2644	282	139	0	3563.27	102	112.826	0	11028.1	22354.7	0	7.04481e+06	285.079	315.153	0	13860	1381.63	1383.66	0.870576
14040	2.9146e+08	3032.43	21812	2986	280	139	0	3032.43	103	133.988	0	11065.3	22170.9	0	3.70134e+06	315.448	296.651	0	14040	1358.34	1381.17	0.869011
14220	2.5202e+08	2025.19	15971	2154	285	138	0	2025.19	102	166.444	0	11032.9	22588.6	0	3.89257e+06	350.017	315.626	0	14220	1382.08	1378.69	0.867448
14400	2.59857e+08	3303.38	22073	2928	293	133	0	3303.38	102	116.866	0	10541.1	23257.1	0	5.42672e+06	266.765	351.129	0	14400	1438.72	1376.21	0.865888
14580	3.37419e+08	3404.43	24623	3696	297	133	0	3404.43	102.999	137.089	0	10557.4	23518.9	0	6.47206e+06	285.21	307.661	0	14580	1437.08	1373.73	0.864331
14760	3.41088e+08	4093.75	26898	3997	298	125	0	4093.75	103	121.31	0	9918.19	23604.1	0	1.14789e+07	302.258	298.485	0	14760	1471.02	1371.26	0.862776
14940	1.89183e+08	2574.05	17019	3128	300	124	0	2574.05	102	112	0	9861.09	23755	0	2.60194e+06	304.246	292.739	0	14940	1444.15	1368.8	0.861225
15120	2.72433e+08	2654.38	18736	2949	294	126	0	2654.38	102	140.814	0	10074.4	23261	0	4.54412e+06	349.824	286.229	0	15120	1410.96	1366.33	0.859676
15300	4.08278e+08	4389.78	31492	4062	285	120	0	4389.78	102.999	130.832	0	9575.63	22603.1	0	9.15778e+06	337.1	318.158	0	15300	1384.07	1363.88	0.85813
15480	3.84495e+08	5219.8	32415	6297	280	127	0	5219.8	102.001	112.154	0	10116.1	22236.3	0	7.68733e+06	326.498	347.724	0	15480	1429.34	1361.42	0.856586
15660	3.23216e+08	3765.97	25955	3331	278	127	0	3765.97	102	123.734	0	10078.7	22025.8	0	9.16604e+06	278.109	307.317	0	15660	1396.78	1358.98	0.855046
15840	3.10966e+08	3188.03	21439	3505	283	119	0	3188.03	102.999	135.458	0	9434.05	22483.8	0	7.30305e+06	284.832	351.514	0	15840	1388.82	1356.53	0.853508
16020	2.23811e+08	2369.79	17677	1719	285	112	0	2369.79	103	132.285	0	8934.63	22580.4	0	5.5659e+06	316.732	307.448	0	16020	1410.63	1354.09	0.851973
16200	2.19632e+08	2125.71	16304	2483	287	112	0	2125.71	102	141.55	0	8933.53	22709.1	0	4.85627e+06	319.722	277.924	0	16200	1445.68	1351.66	0.850441
16380	1.67145e+08	1877.29	13430	2118	290	110	0	1877.29	103	126.876	0	8763.55	22982.3	0	4.96269e+06	310.75	314.913	0	16380	1451.41	1349.23	0.848912
16560	2.07463e+08	2154.38	15541	1837	291	112	0	2154.38	103	134.178	0	8912.74	23048.8	0	6.62321e+06	302.019	304.859	0	16560	1456.1	1346.8	0.847385
16740	3.49437e+08	4050.91	27844	3941	283	111	0	4050.91	102	124.158	0	8812.74	22450.9	0	5.63327e+06	291.671	318.779	0	16740	1415.21	1344.38	0.845861
16920	2.80995e+08	2771.48	20596	2768	271	114	0	2771.48	102.001	139.485	0	9072.7	21516.9	0	8.58915e+06	307.69	335.507	0	16920	1365.11	1341.96	0.84434
17100	3.15468e+08	3029.61	23023	3741	270	118	0	3029.61	103	142.42	0	9402.37	21441.2	0	8.81083e+06	323.463	335.138	0	17100	1374.15	1339.55	0.842822
17280	3.13691e+08	2987.06	22322	3295	266	118	0	2987.06	103	143.384	0	9387.36	21134.2	0	6.99045e+06	305.822	353.314	0	17280	1390.88	1337.14	0.841306
17460	3.90934e+08	3130.1	25527	2976	265	121	0	3130.1	103	167.036	0	9628.95	21043.4	0	1.6322e+07	304.826	336.332	0	17460	1379.32	1334.73	0.839793
17640	4.17019e+08	3966	28753	3911	262	124	0	3966	103	143.528	0	9848.54	20755	0	1.41729e+07	288.744	306.446	0	17640	1366.81	1332.33	0.838283
17820	2.4323e+08	2433.16	18080	2652	261	124	0	2433.16	102	137.982	0	9901.57	20715	0	7.29794e+06	335.505	338.5	0	17820	1348.43	1329.94	0.836775
18000	3.43139e+08	2943.76	23194	2890	258	128	0	2943.76	102	156.581	0	10147.7	20493.8	0	1.30868e+07	283.824	344.82	0	18000	1291.23	1327.55	0.83527
18180	2.39133e+08	2776.85	19562	3003	259	118	0	2776.85	103	124.017	0	9401.35	20526.7	0	9.45999e+06	320.975	318.818	0	18180	1367.49	1325.16	0.833768
18360	1.6168e+08	2168.01	14375	2128	264	122	0	2168.01	103	113.011	0	9719.09	20904.7	0	3.59621e+06	329.779	296.555	0	18360	1344	1322.77	0.832269
18540	2.67924e+08	2060.19	16543	1931	270	127	0	2060.19	102.001	174	0	10104.6	21385	0	1.32968e+07	309.062	297.497	0	18540	1388.57	1320.4	0.830772
18720	4.93827e+08	5752.48	37059	6431	271	123	0	5752.48	102	123.754	0	9830.87	21467	0	8.37379e+06	346.739	300.484	0	18720	1402.27	1318.02	0.829278
18900	2.81681e+08	3499.42	24010	4038	272	130	0	3499.42	103	118.605	0	10355.9	21539.5	0	7.65671e+06	333.506	289.423	0	18900	1361.67	1315.65	0.827787
19080	3.51229e+08	4778.87	30967	5060	273	135	0	4778.87	102	112	0	10762.9	21616.6	0	5.50111e+06	327.411	286.727	0	19080	1358.2	1313.28	0.826298
19260	1.46513e+08	1714.58	13487	1654	267	134	0	1714.58	103	123.37	0	10653.4	21176.1	0	7.75058e+06	322.11	318.964	0	19260	1343.15	1310.92	0.824812
19440	1.18758e+08	1312.82	9925	1177	267	139	0	1312.82	102	128.287	0	11031.1	21168.7	0	4.24878e+06	278.89	327.116	0	19440	1361.63	1308.57	0.823329
19620	1.97373e+08	2252.64	15392	2134	267	140	0	2252.64	102	125.484	0	11119.6	21210.4	0	5.63608e+06	304.579	352.734	0	19620	1360.89	1306.21	0.821848
19800	1.7076e+08	2323.38	15976	2631	276	139	0	2323.38	102	112	0	11032.8	21873.2	0	4.62823e+06	295.298	297.415	0	19800	1416.28	1303.86	0.82037
19980	1.47396e+08	2005.49	13436	1806	272	132	0	2005.49	103	112	0	10533.8	21578.2	0	4.05822e+06	343.579	314.675	0	19980	1397.08	1301.52	0.818895
20160	2.73264e+08	2467.1	19732	2513	274	133	0	2467.1	103	149.787	0	10580.3	21729.6	0	8.79099e+06	321.245	324.829	0	20160	1408.53	1299.18	0.817422
20340	1.12942e+08	1292.19	8893	1595	272	133	0	1292.19	102	125.274	0	10627.8	21607.7	0	2.21516e+06	345.737	339.625	0	20340	1443.42	1296.84	0.815952
20520	5.87685e+07	799.612	5563	1499	278	128	0	799.612	103	112	0	10210.3	22023.2	0	3.7298e+06	320.826	271.54	0	20520	1423.36	1294.51	0.814484
20700	2.30808e+08	3140.41	20482	3000	281	122	0	3140.41	103	112	0	9717.17	22259	0	5.07242e+06	319.39	312.102	0	20700	1462.59	1292.18	0.81302
20880	1.55783e+08	1953.6	13256	1266	285	124	0	1953.6	102	117.889	0	9916.47	22567.4	0	5.18952e+06	348.769	299.414	0	20880	1501.22	1289.86	0.811558
21060	1.39014e+08	1840.16	12772	1781	288	129	0	1840.16	102	113.922	0	10274.7	22792.5	0	3.84269e+06	339.983	276.384	0	21060	1485.55	1287.54	0.810098
21240	5.64143e+07	629.888	5248	1112	284	132	0	629.888	102	127.397	0	10433.6	22555.8	0	2.77927e+06	257.197	328.752	0	21240	1427.31	1285.22	0.808641
21420	9.79522e+07	1332.75	9501	1364	283	125	0	1332.75	102	112	0	9996	22450.8	0	2.95748e+06	350.276	319.978	0	21420	1488.29	1282.91	0.807187
21600	2.03952e+08	2620.45	17001	3029	283	124	0	2620.45	103	116.077	0	9881.67	22473.5	0	5.05944e+06	325.256	337.19	0	21600	1484.62	1280.6	0.805735
21780	3.63112e+08	4178.85	27992	4766	281	127	0	4178.85	103	124.774	0	10157.6	22278.1	0	5.42845e+06	356.855	323.634	0	21780	1515.08	1278.3	0.804286
21960	2.27497e+08	3095.35	18342	4009	282	133	0	3095.35	103	112	0	10547	22387.6	0	8.06703e+06	279.478	341.959	0	21960	1456.76	1276	0.80284
22140	3.07553e+08	2666.85	20555	3199	281	134	0	2666.85	103	155.098	0	10650.4	22317.6	0	1.55912e+07	301.199	344.197	0	22140	1461.95	1273.71	0.801396
22320	1.89626e+08	2442.41	16181	2896	283	129	0	2442.41	103	115.896	0	10250.3	22425.6	0	6.29151e+06	305.099	317.02	0	22320	1470.58	1271.42	0.799955
22500	3.27017e+08	3486.62	24989	3253	283	126	0	3486.62	102.999	131.625	0	10062.8	22445.9	0	4.75937e+06	337.252	322.301	0	22500	1466.45	1269.13	0.798516
22680	2.11883e+08	2882.9	19469	2351	285	128	0	2882.9	103	112	0	10167.5	22619.5	0	4.52517e+06	315.09	325	0	22680	1482.14	1266.85	0.79708
22860	3.29078e+08	3776.91	25764	2645	288	133	0	3776.91	102	125.005	0	10550.3	22802.4	0	8.78839e+06	293.157	287.985	0	22860	1438.69	1264.57	0.795647
23040	5.9272e+08	4756.6	37645	5785	289	138	0	4756.6	102	166.663	0	10986.3	22938.9	0	1.43418e+07	320.757	338.634	0	23040	1425.93	1262.29	0.794216
23220	7.83096e+08	6021.58	46011	6164	294	136	0	6021.58	103	174	0	10825.2	23345.1	0	1.96729e+07	316.864	340.092	0	23220	1405.86	1260.02	0.792788
23400	9.30681e+08	8815.32	63058	9034	291	145	0	8815.32	102	143.994	0	11530.1	23112.8	0	3.09398e+07	310.791	353.99	0	23400	1417.03	1257.76	0.791362
23580	1.06439e+09	10954.3	77702	10635	292	146	0	10954.3	102.998	135.071	0	11593.7	23180.1	0	2.58741e+07	299.649	345.212	0	23580	1449.76	1255.5	0.789939
23760	9.40884e+08	7234.88	52084	6338	292	141	0	7234.88	103	174	0	11226.1	23119.3	0	3.17636e+07	323.6	303.536	0	23760	1412.73	1253.24	0.788518
23940	2.02155e+09	16474	123988	17323	290	146	0	16474	103	164.206	0	11651	22984.6	0	6.04786e+07	340.665	317.743	0	23940	1413.26	1250.99	0.7871
24120	2.29895e+09	17677.7	133070	16472	293	149	0	17677.7	103	174	0	11817	23257.2	0	3.39321e+07	296.772	335.322	0	24120	1429.63	1248.74	0.785684
24300	1.5324e+09	11783.3	76239	9146	298	147	0	11783.3	103	174	0	11703.3	23610.7	0	1.46226e+08	324.538	314.339	0	24300	1419.6	1246.49	0.784272
24480	1.35655e+09	10431.1	79366	10764	302	149	0	10431.1	103	174	0	11834.2	23980.7	0	7.90128e+07	310.977	342.878	0	24480	1409.94	1244.25	0.782861
24660	1.29511e+09	9958.67	72241	9303	308	145	0	9958.67	103	174	0	11578.9	24381.7	0	8.1093e+07	343.871	298.052	0	24660	1434.29	1242.01	0.781453
24840	1.73801e+09	13364.4	98026	9608	306	146	0	13364.4	103	174	0	11640.9	24236.4	0	6.35379e+07	330.926	306.94	0	24840	1450.27	1239.78	0.780048
25020	1.46367e+09	11254.8	85453	9991	302	148	0	11254.8	103	174	0	11813.1	24016	0	1.27174e+08	341.276	366.485	0	25020	1503.94	1237.55	0.778645
25200	2.10758e+09	16206.2	119115	14807	303	145	0	16206.2	103	174	0	11550.1	24029.7	0	1.36994e+08	331.08	324.426	0	25200	1503.67	1235.32	0.777245
25380	1.82572e+09	14535.1	111578	13577	307	145	0	14535.1	102	167.974	0	11564.7	24324.1	0	7.1635e+07	336.049	308.038	0	25380	1515.91	1233.1	0.775847
25560	3.61159e+08	4536.29	30492	4798	303	150	0	4536.29	103	117.769	0	11918.7	24023.7	0	5.40623e+06	311.894	321.532	0	25560	1511.65	1230.88	0.774452
25740	3.1577e+08	3862.26	25330	4101	305	148	0	3862.26	103	119.812	0	11737.3	24209.4	0	9.57564e+06	289.143	336.65	0	25740	1535.22	1228.67	0.773059
25920	1.09539e+09	9165.54	69382	9277	306	146	0	9165.54	103	160.177	0	11595.5	24236	0	1.6996e+07	307.06	310.057	0	25920	1583.8	1226.46	0.771669
26100	7.41447e+08	6125.73	45118	7016	304	144	0	6125.73	103	162.082	0	11488.2	24061.6	0	2.2489e+07	332.969	300.771	0	26100	1501.07	1224.25	0.770281
26280	7.54466e+08	7245.06	53392	7909	304	149	0	7245.06	103	142.428	0	11870.2	24079	0	3.68444e+07	325.873	314.208	0	26280	1622.05	1222.05	0.768896
26460	5.45415e+08	4921.94	37098	5068	298	153	0	4921.94	103	149.844	0	12161.1	23592.2	0	1.52868e+07	303.363	294.14	0	26460	1594.1	1219.85	0.767513
26640	5.4e+08	5125.12	37384	5738	295	148	0	5125.12	103	143.762	0	11761.7	23365.5	0	1.4988e+07	305.824	306.743	0	26640	1632.3	1217.66	0.766133
26820	7.87226e+08	7414.01	55906	6686	295	150	0	7414.01	103	144.658	0	11944.9	23372	0	1.53638e+07	324.362	313.991	0	26820	1614.92	1215.47	0.764755
27000	1.04116e+09	11611.4	79878	10576	295	155	0	11611.4	103	127.5	0	12299	23410.5	0	3.03602e+07	304.379	339.967	0	27000	1577.8	1213.28	0.763379
27180	6.09892e+08	5175.56	39475	6098	295	153	0	5175.56	103	158.125	0	12201.5	23381	0	1.25016e+07	340.896	312.719	0	27180	1670.41	1211.1	0.762007
27360	4.19093e+08	3866.45	28416	3817	292	150	0	3866.45	102	147.109	0	11982.1	23179.4	0	1.60803e+07	359.822	335.975	0	27360	1675.33	1208.92	0.760636
27540	3.7272e+08	3423.2	25586	2952	292	149	0	3423.2	102	147.657	0	11889.6	23209.7	0	1.21719e+07	349.339	357.832	0	27540	1659.53	1206.75	0.759268
27720	4.921e+08	4513.34	32287	5061	292	148	0	4513.34	102	147.827	0	11734.5	23151.1	0	1.83442e+07	293.742	320.659	0	27720	1638.91	1204.58	0.757903
27900	6.62175e+08	7258.27	48343	6601	291	151	0	7258.27	103	129.053	0	11970.8	23097	0	2.82384e+07	294.526	332.591	0	27900	1694.49	1202.41	0.75654
28080	6.34322e+08	8630.66	55909	6688	289	149	0	8630.66	102	112	0	11856.5	22873	0	1.10093e+07	319.905	281.484	0	28080	1700.7	1200.25	0.755179
28260	6.46092e+08	7254.63	48341	7190	288	152	0	7254.63	103	126.9	0	12068	22810.3	0	2.56674e+07	315.15	299.833	0	28260	1688.19	1198.09	0.753821
28440	7.58614e+08	6609.24	49078	5228	288	153	0	6609.24	102.999	154.453	0	12138.6	22853	0	1.76395e+07	299.653	329.425	0	28440	1634.2	1195.94	0.752466
28620	6.09576e+08	6029.15	44009	5734	287	153	0	6029.15	102	139.185	0	12126.1	22749.5	0	1.35896e+07	278.243	312.481	0	28620	1701.25	1193.79	0.751112
28800	5.63992e+08	5244.5	37119	7362	285	154	0	5244.5	103	146.159	0	12218.4	22629.9	0	1.99535e+07	301.408	348.906	0	28800	1670.28	1191.64	0.749762
