MS2-QUANT	v0j
Region DEFINITION, 05-Apr-2021
COMMENT	Outline definition performed in MS2-QUANT (Main program)
FILE	MAX_20201217_RI516_C12MS2128TkTat_001_visit_26.tif
PATH	/Volumes/EBL/20201217/
PARAMETERS
Pix-XY	Pix-Z	RI	Ex	Em	NA	dT	Type
79	600	1.458	488	521	1.4	180	widefield
ANALYSIS-SETTINGS	
IMAGING-BACKGROUND	150
LIMIT-FIT-SIGMA-XY-MIN	6
LIMIT-FIT-SIGMA-XY-MAX	142
LIMIT-FIT-SIGMA-Z-MIN	0
LIMIT-FIT-SIGMA-Z-MAX	0
LIMIT-FIT-BGD-MIN	58
LIMIT-FIT-BGD-MAX	59
DETECTION-THRESHOLD	500
REGION	TxSite
X_POS	372	371	370	370	369	369	368	368	367	367	366	366	365	364	364	363	363	362	362	361	360	360	359	358	358	357	357	356	356	356	355	355	355	354	354	353	353	352	352	352	351	351	351	350	350	349	349	349	348	348	347	347	346	346	345	345	344	343	343	342	342	341	341	341	341	340	340	340	340	340	340	340	339	339	339	339	339	339	338	338	338	338	338	337	337	337	337	336	336	336	335	335	334	334	334	334	334	333	333	333	332	332	332	332	332	332	332	331	331	331	331	331	331	330	330	330	330	329	329	328	328	327	327	326	326	325	325	324	324	323	323	322	322	321	321	320	319	319	318	318	317	317	316	316	315	315	315	315	314	314	314	313	313	313	312	312	312	311	311	311	311	310	310	310	310	310	309	309	308	308	308	308	308	307	307	307	306	306	306	305	305	305	304	304	304	304	303	303	303	303	302	302	302	301	301	301	300	300	300	300	299	299	298	298	297	297	297	296	296	296	295	295	295	294	294	293	293	292	292	291	291	290	290	289	289	288	288	287	287	286	286	285	285	284	284	283	283	282	282	281	281	280	280	279	279	278	278	277	277	276	276	276	275	275	274	274	273	273	272	272	272	271	271	270	270	269	269	268	268	268	267	267	267	266	266	266	266	265	265	265	265	265	264	264	264	264	263	263	263	263	262	262	261	261	261	261	260	260	260	259	259	259	259	259	259	259	259	259	259	259	259	259	259	258	258	258	258	258	258	258	258	258	258	258	259	259	259	259	260	260	260	260	260	261	261	261	261	261	262	262	262	262	263	263	263	264	264	264	264	265	265	266	266	267	267	268	268	268	269	269	270	270	271	272	272	272	273	273	274	274	275	275	276	276	277	277	278	278	279	279	280	280	280	281	281	282	282	283	283	284	284	284	285	285	285	286	286	287	287	287	288	288	289	289	290	290	290	291	291	291	292	292	293	293	293	293	294	294	294	294	295	295	295	295	296	296	296	296	296	297	297	297	298	298	298	298	299	299	299	300	300	301	301	302	302	303	303	303	304	305	305	305	306	306	307	307	308	308	309	309	310	310	311	311	312	312	312	313	313	314	314	315	315	316	316	316	317	317	318	318	319	319	320	320	321	321	322	322	323	323	324	324	325	325	326	326	327	327	328	328	329	329	330	330	330	331	331	332	332	333	333	334	334	335	335	335	336	336	336	336	337	337	337	337	338	338	338	338	339	339	339	339	340	340	340	341	341	341	342	342	343	343	344	344	345	345	345	346	346	347	347	347	348	348	348	349	349	350	350	351	351	352	353	353	354	354	355	355	355	356	356	357	357	357	357	358	358	359	359	359	360	360	360	361	361	362	362	363	363	363	364	364	365	365	365	366	367	367	368	368	369	369	370	370	371	371	372	372	373	374	374	375	375	375	376	376	377	377	378	378	379	379	380	380	381	381	382	382	382	383	383	384	384	384	385	385	385	386	386	386	386	387	387	387	387	388	388	388	389	389	389	390	390	390	391	391	392	392	392	392	393	393	393	394	394	394	394	394	394	395	395	395	395	395	395	395	395	395	395	395	395	395	395	395	395	395	395	395	395	394	394	394	394	394	394	393	393	393	393	393	392	392	391	391	391	391	390	390	390	390	389	389	389	388	388	388	387	387	387	387	387	386	386	386	386	386	385	385	384	384	384	383	383	383	382	382	381	381	380	380	END
Y_POS	310	310	310	310	310	310	310	310	310	310	310	310	310	310	310	310	310	310	310	310	310	310	310	310	310	310	310	310	310	310	310	310	311	311	311	311	311	311	311	312	312	312	312	312	312	312	312	313	313	313	313	313	313	313	313	313	313	313	313	313	313	313	313	312	312	312	311	311	310	310	310	309	309	309	308	308	308	307	307	307	306	306	306	306	305	305	305	305	304	304	304	303	303	303	303	302	302	302	301	301	300	300	299	299	299	298	298	297	297	296	296	295	295	295	294	294	294	294	293	293	293	293	293	292	292	292	292	292	291	291	291	291	291	291	291	291	291	291	291	291	291	291	291	291	291	292	292	292	292	292	293	293	293	293	293	294	294	294	295	295	295	295	296	296	296	297	297	297	297	298	298	298	299	299	299	299	299	299	300	300	300	301	301	301	301	302	302	302	302	303	303	303	303	303	303	304	304	304	304	305	305	305	305	305	305	306	306	306	306	306	306	307	307	307	307	307	307	307	307	307	307	307	307	307	307	307	307	307	307	307	307	307	307	307	307	307	307	307	307	307	307	307	307	307	307	307	307	307	307	307	308	308	308	308	308	308	308	308	308	309	309	309	309	309	309	309	309	309	309	310	310	310	310	310	311	311	311	311	312	312	312	313	313	313	314	314	314	315	315	315	316	316	317	317	317	318	318	319	319	319	320	320	321	321	321	322	322	323	323	324	324	325	325	325	326	326	327	327	328	328	329	329	330	330	330	331	332	333	333	333	334	334	335	335	335	336	336	336	336	337	337	337	338	338	338	338	339	339	339	339	340	340	340	340	340	341	341	341	341	341	341	341	341	341	342	342	342	342	342	342	342	342	342	342	342	342	342	342	342	342	342	342	342	342	342	342	342	342	342	342	343	343	343	343	343	343	343	343	343	344	344	344	344	344	344	345	345	345	345	346	346	346	346	347	347	347	348	348	348	349	349	349	349	350	350	351	351	351	352	352	352	353	353	354	354	354	354	355	355	355	356	356	356	357	357	357	357	358	358	358	358	358	359	359	359	359	359	359	359	359	359	359	359	359	359	359	360	360	360	360	360	360	360	360	360	360	360	360	361	361	361	361	361	361	361	361	361	361	361	361	361	361	361	361	361	361	361	361	361	361	361	361	361	360	360	360	360	360	360	360	360	360	360	360	360	360	360	359	359	359	359	358	358	358	358	357	357	357	357	356	356	356	356	355	355	355	355	354	354	354	354	354	354	353	353	353	352	352	352	352	352	352	352	351	351	351	351	351	351	351	351	351	351	351	351	351	351	351	352	352	352	352	352	352	353	353	353	353	354	354	354	354	355	355	355	355	355	355	356	356	356	356	356	356	356	356	356	356	356	356	356	356	356	356	356	356	356	356	356	356	356	356	356	356	356	356	356	355	355	355	355	355	355	354	354	354	354	354	354	354	354	354	353	353	353	353	353	353	352	352	352	352	351	351	351	351	350	350	349	349	349	349	348	348	347	347	346	346	345	345	344	344	343	343	342	342	342	341	341	341	340	340	340	339	339	338	338	337	337	336	336	335	335	334	334	333	333	332	332	331	331	330	330	329	329	329	328	328	327	327	326	326	325	325	324	324	324	324	323	323	322	322	321	321	320	320	320	319	319	319	318	318	318	318	317	317	317	316	316	316	315	315	315	315	315	314	314	313	313	313	END
QUANTIFICATION
Time[s]	Q_Integrate	Q_AMP	Q_Sum_pix	Q_MIP_int	Pix_Y	Pix_X	Pix_Z	AMP	BGD	SigmaXY	SigmaZ	MuY	MuX	MuZ	RES	Cent_Y	Cent_X	Cent_Z	OPB_time	OPB_INT	OPB_FIT	OPB_FIT_norm
0	9.90403e+07	954.703	6476	957	300	320	0	954.703	59	142	0	25355.6	23775	0	1.87762e+06	313.885	313.265	0	0	707.059	913.888	1
180	9.60057e+07	925.451	7129	673	299	321	0	925.451	59	142	0	25444	23736.3	0	3.08026e+06	327.419	352.693	0	180	708.319	912.245	0.998202
360	3.34767e+07	349.826	1679	404	299	321	0	349.826	59	133.56	0	25407.5	23779	0	1.17145e+06	306.471	404.981	0	360	701.38	910.604	0.996406
540	1.66333e+07	160.337	1052	418	299	321	0	160.337	59	142	0	25517	23726.9	0	983061	361.615	349.909	0	540	680.52	908.967	0.994615
720	2.88759e+06	462.681	614	0	299	321	0	462.681	59	31.5164	0	25451.5	23779	0	729450	313.945	426.101	0	720	705.266	907.332	0.992826
900	5.14425e-12	2.22045e-14	323	55	299	321	0	2.22045e-14	59	6.07227	0	25514.8	23621.1	0	717251	309.502	390.904	0	900	703.816	905.7	0.99104
1080	4.74168e+06	91.8276	613	243	299	321	0	91.8276	58	91.5352	0	25359	23779	0	321966	292.834	355.287	0	1080	712.8	904.071	0.989258
1260	665139	568.411	436	85	299	321	0	568.411	59	13.6469	0	25388.8	23695.8	0	339783	326.386	365.686	0	1260	720.316	902.446	0.987479
1440	1.97165e+06	644	848	0	299	321	0	644	58	22.0741	0	25517	23680	0	255543	310.393	296.488	0	1440	711.107	900.823	0.985703
1620	1.60413e+06	535.926	389	129	299	321	0	535.926	58	21.8261	0	25493.8	23700	0	200050	321.357	278.504	0	1620	712.957	899.203	0.983931
1800	1.72046e+06	603.913	657	55	299	321	0	603.913	58	21.2934	0	25517	23699.9	0	259525	364.7	292.07	0	1800	703.947	897.586	0.982161
1980	534656	654.75	343	0	299	321	0	654.75	59	11.4001	0	25359.7	23621	0	349402	294.445	302.479	0	1980	697.296	895.971	0.980395
2160	3.21986e+06	554.767	715	56	299	321	0	554.767	58	30.393	0	25359	23747.1	0	183604	233.486	315.168	0	2160	693.683	894.36	0.978632
2340	1.3723e+07	132.283	689	163	299	321	0	132.283	59	142	0	25378.3	23779	0	833361	300.347	395.794	0	2340	697.25	892.752	0.976872
2520	7.04421e+07	1213.13	7478	1447	305	328	0	1213.13	59	97.6153	0	25987.9	24187.1	0	1.67731e+06	303.408	336.827	0	2520	695.168	891.146	0.975115
2700	1.70017e+08	1652.05	12365	1458	311	325	0	1652.05	58.0002	141.111	0	25742.4	24635	0	3.56323e+06	307.36	295.941	0	2700	729.734	889.543	0.973361
2880	1.57342e+08	1516.7	10350	1371	312	329	0	1516.7	59	142	0	26069.7	24679.7	0	2.30664e+06	311.206	282.866	0	2880	702.023	887.944	0.971611
3060	1.97693e+08	1905.67	12828	1771	310	320	0	1905.67	59	142	0	25377.5	24578.7	0	3.37836e+06	324.207	317.229	0	3060	709.003	886.347	0.969863
3240	4.84725e+07	467.255	2821	257	310	320	0	467.255	59	141.999	0	25363.4	24648	0	1.96486e+06	313.264	385.891	0	3240	709.406	884.753	0.968119
3420	1.65971e+06	773.671	477	0	310	320	0	773.671	58.9961	18.4777	0	25437.2	24595.5	0	427428	289.9	370.5	0	3420	728.245	883.162	0.966378
3600	5.58856e-12	2.22045e-14	314	0	310	320	0	2.22045e-14	58	6.32907	0	25426.6	24569.5	0	253102	339.35	305.723	0	3600	724.948	881.574	0.96464
3780	9.05683e+07	873.037	6808	679	322	300	0	873.037	59	142	0	23763.2	25515.2	0	1.72617e+06	304.532	316.595	0	3780	708.674	879.988	0.962905
3960	1.11489e+08	1362.62	9195	1375	322	301	0	1362.62	58	119.871	0	23869	25542.3	0	1.64915e+06	325.911	337.059	0	3960	711.923	878.406	0.961174
4140	6.76798e+07	970.929	6288	1653	328	288	0	970.929	59	108.461	0	22831.8	26017.2	0	2.53481e+06	300.461	336.486	0	4140	723.629	876.826	0.959445
4320	1.05024e+08	1012.38	7680	1332	325	280	0	1012.38	59	142	0	22169.2	25758.6	0	3.1503e+06	295.889	315.663	0	4320	717.162	875.249	0.95772
4500	9.942e+07	965.365	7290	827	330	270	0	965.365	58	141.191	0	21440.9	26095.7	0	1.80639e+06	341.69	276.476	0	4500	714.844	873.675	0.955997
4680	1.00761e+08	971.294	6866	1374	326	270	0	971.294	59	142	0	21412.5	25888	0	3.43418e+06	323.208	358.74	0	4680	710.998	872.104	0.954278
4860	1.4218e+08	1370.55	9828	1582	327	275	0	1370.55	59	142	0	21789.1	25915.7	0	2.52993e+06	310.102	325.007	0	4860	700.978	870.535	0.952562
5040	1.21144e+08	1254.3	9205	1604	321	276	0	1254.3	59	134.47	0	21856.3	25482.1	0	1.45963e+06	293.836	351.639	0	5040	718.06	868.97	0.950849
5220	1.34293e+08	1488.23	10497	2070	320	277	0	1488.23	59	128.065	0	21946.4	25350.6	0	3.79555e+06	316.164	306.11	0	5220	724.732	867.407	0.949139
5400	1.4004e+08	1496.94	10332	1730	322	284	0	1496.94	58	131.381	0	22563.2	25501.2	0	2.00162e+06	355.667	305.88	0	5400	715.375	865.847	0.947432
5580	8.09993e+07	780.796	6076	913	331	294	0	780.796	59	142	0	23293.2	26235.9	0	1.19033e+06	303.028	314.806	0	5580	730.842	864.29	0.945728
5760	8.54511e+07	847.057	6197	924	331	290	0	847.057	59	138.947	0	23021.7	26185.2	0	1.46177e+06	338.411	286.48	0	5760	718.201	862.736	0.944027
5940	2.95247e+07	317.184	1744	45	331	290	0	317.184	58	130.91	0	23068	26307	0	795017	352.528	396.918	0	5940	701.697	861.184	0.94233
6120	2.34486e+07	451.836	2338	565	331	290	0	451.836	59	91.7833	0	23041.7	26307	0	1.34851e+06	331.677	372.186	0	6120	726.383	859.635	0.940635
6300	7.577e+06	73.0388	268	15	331	290	0	73.0388	58	142	0	23068	26307	0	631735	390.143	393.354	0	6300	728.147	858.089	0.938943
6480	2.52776e+06	906	713	1	331	290	0	906	58	21.0724	0	22910	26149.2	0	198443	290.699	283.31	0	6480	733.443	856.546	0.937255
6660	2.01412e+06	559.746	600	0	331	290	0	559.746	58	23.9308	0	22910	26307	0	374572	325.858	306.36	0	6660	713.735	855.006	0.935569
6840	2.66061e+06	685.994	652	114	331	290	0	685.994	58	24.8451	0	23042.8	26149.8	0	292078	329.385	303.641	0	6840	736.657	853.468	0.933887
7020	465919	368	353	0	331	290	0	368	58	14.1952	0	23068	26149	0	144159	343.377	260.513	0	7020	705.284	851.933	0.932207
7200	5.05684e-12	2.22045e-14	244	0	331	290	0	2.22045e-14	58	6.02046	0	22910	26259.1	0	363272	238.085	340.785	0	7200	730.568	850.401	0.930531
7380	1.43839e+06	550	653	6	331	290	0	550	58	20.4017	0	22982	26149	0	178241	299.252	274.674	0	7380	739.245	848.872	0.928857
7560	1.40652e+08	1788.31	11847	2041	347	308	0	1788.31	59	116.854	0	24369.7	27510.3	0	3.04634e+06	286.67	329.48	0	7560	733.534	847.345	0.927187
7740	9.48928e+07	1083.99	7931	1045	345	311	0	1083.99	59	125.408	0	24613.2	27332.5	0	1.29811e+06	285.565	317.502	0	7740	744.803	845.822	0.92552
7920	1.60208e+07	154.433	568	65	345	311	0	154.433	58	142	0	24569	27413	0	789527	241.011	418.973	0	7920	737.008	844.3	0.923855
8100	1.63851e+06	143.924	589	95	345	311	0	143.924	59	42.5665	0	24655.6	27255	0	795666	283.929	326.978	0	8100	726.062	842.782	0.922194
8280	2.96033e+06	875.988	992	135	345	311	0	875.988	58	23.1916	0	24709.6	27336	0	294049	288.206	327.621	0	8280	725.56	841.266	0.920535
8460	5.24957e+06	1186	1257	0	345	311	0	1186	58	26.5417	0	24699.5	27412.9	0	331984	308.274	322.689	0	8460	740.871	839.753	0.91888
8640	1.73344e+06	675.997	397	338	345	311	0	675.997	58	20.2019	0	24648.1	27334.1	0	267806	325.444	322.019	0	8640	723.84	838.243	0.917227
8820	1.84793e+06	678.428	760	178	345	311	0	678.428	59	20.8209	0	24697.4	27413	0	788029	304.994	280.322	0	8820	725.802	836.736	0.915578
9000	199839	152.376	290	36	345	311	0	152.376	58	14.4475	0	24569.7	27407.7	0	329357	289.892	359.097	0	9000	712.709	835.231	0.913931
9180	757858	376	277	0	345	311	0	376	58	17.9106	0	24648.1	27413	0	140601	321.039	309.498	0	9180	709.084	833.729	0.912288
9360	5.02253e-12	2.22045e-14	0	0	345	311	0	2.22045e-14	58	6	0	24691.4	27383.2	0	218830	336.861	331.39	0	9360	701.425	832.23	0.910647
9540	1.58871e+06	589.974	592	65	345	311	0	589.974	58	20.7022	0	24727	27412.9	0	229576	365.052	301.341	0	9540	715.191	830.733	0.909009
9720	5.36475e-12	2.22045e-14	253	0	345	311	0	2.22045e-14	58	6.20104	0	24569.1	27255	0	414844	201.646	277.155	0	9720	747.798	829.239	0.907374
9900	1.30743e+06	699.999	602	232	345	311	0	699.999	58	17.2413	0	24626	27328.1	0	349763	331.36	334.649	0	9900	742.462	827.748	0.905743
10080	1.0913e+06	684.244	744	26	345	311	0	684.244	58	15.9323	0	24680.9	27257.7	0	323829	310.31	297.343	0	10080	769.131	826.259	0.904114
10260	151636	192.162	265	43	345	311	0	192.162	58	11.2067	0	24648.1	27403.3	0	230159	325.378	391.582	0	10260	761.343	824.773	0.902488
10440	134881	4.50009	149	0	345	311	0	4.50009	58	69.1095	0	24727	27255	0	368647	382.161	293.329	0	10440	783.88	823.29	0.900865
10620	1.95214e+06	646	489	105	345	311	0	646	58	21.9305	0	24712.4	27327.5	0	266734	271.696	265.408	0	10620	769.03	821.809	0.899245
10800	2.69409e+06	701.999	1109	0	345	311	0	701.999	58	24.7143	0	24699.2	27266.6	0	306517	315.08	301.687	0	10800	773.57	820.331	0.897628
10980	1.82131e+06	576	871	192	345	311	0	576	58	22.4332	0	24710.6	27255	0	259546	314.806	356.049	0	10980	755.534	818.856	0.896013
11160	133651	78.9002	227	0	345	311	0	78.9002	58	16.4194	0	24637.4	27413	0	216035	323.555	363.858	0	11160	786.599	817.383	0.894402
11340	841499	1003.73	324	131	345	311	0	1003.73	58	11.5513	0	24727	27255	0	429432	358.294	290.366	0	11340	792.939	815.914	0.892793
11520	197903	313.436	187	0	345	311	0	313.436	59	10.0245	0	24652.7	27261.3	0	574246	307.108	327.266	0	11520	786.001	814.446	0.891188
11700	597650	529.518	347	0	345	311	0	529.518	58.7886	13.4027	0	24647.5	27412.7	0	277935	369.967	344.696	0	11700	797.5	812.982	0.889585
11880	3.52064e+06	180.958	932	150	345	311	0	180.958	58.6722	55.6469	0	24697	27262.8	0	275215	372.281	318.481	0	11880	788.137	811.519	0.887985
12060	2.63233e+06	715.994	696	5	345	311	0	715.994	58	24.1894	0	24724.6	27309.7	0	229790	380.03	293.836	0	12060	805.232	810.06	0.886388
12240	1.78326e+06	601.955	677	44	345	311	0	601.955	58	21.7138	0	24724.3	27362.6	0	337767	393.132	292.138	0	12240	814.4	808.603	0.884794
12420	7.83761e+07	1887.31	9362	1738	351	322	0	1887.31	59	81.5983	0	25553.4	27835.8	0	2.32442e+06	345.031	332.922	0	12420	811.259	807.149	0.883203
12600	2.06369e+08	2239.65	15438	3258	350	319	0	2239.65	59	129.966	0	25310.1	27728	0	5.50911e+06	337.369	304.426	0	12600	845.465	805.697	0.881615
12780	2.47336e+08	2384.2	16838	2788	346	320	0	2384.2	59	142	0	25346.1	27372.3	0	5.27483e+06	311.058	288.493	0	12780	819.011	804.249	0.880029
12960	2.61157e+08	2517.44	19041	2599	348	322	0	2517.44	59	142	0	25551.1	27546.1	0	6.19036e+06	342.481	294.567	0	12960	832.042	802.802	0.878447
13140	1.67109e+08	1610.85	12121	2304	345	328	0	1610.85	58	142	0	25961.1	27309.2	0	4.83372e+06	288.33	298.275	0	13140	812.77	801.358	0.876867
13320	1.12566e+08	1214.01	8735	1193	339	331	0	1214.01	59	130.547	0	26266.3	26836.1	0	3.30562e+06	345.619	300.226	0	13320	830.326	799.917	0.87529
13500	1.06374e+07	140.29	707	13	339	331	0	140.29	58	114.185	0	26307	26939	0	549254	427.507	341.401	0	13500	829.299	798.479	0.873716
13680	9.23254e+07	1064.71	7408	987	336	335	0	1064.71	58	124.599	0	26561.1	26622.6	0	2.13849e+06	332.69	316.688	0	13680	820.298	797.043	0.872145
13860	1.30738e+08	1260.25	9385	1829	338	335	0	1260.25	59	142	0	26483.7	26746.8	0	4.75446e+06	267.181	294.252	0	13860	842.418	795.609	0.870576
14040	6.6038e+07	692.418	5273	842	333	335	0	692.418	59	133.23	0	26551.2	26437.2	0	1.11254e+06	320.566	348.921	0	14040	829.95	794.179	0.869011
14220	2.46971e+07	238.072	1118	478	333	335	0	238.072	59	141.998	0	26610.1	26307	0	1.61219e+06	320.393	252.607	0	14220	848.189	792.75	0.867448
14400	3.88672e+07	575.044	3030	734	333	335	0	575.044	58.0001	106.491	0	26465	26452.1	0	1.4155e+06	236.142	354.91	0	14400	856.886	791.325	0.865888
14580	3.2364e+06	31.1974	801	0	333	335	0	31.1974	58	142	0	26465	26307	0	406448	249.64	248.864	0	14580	874.423	789.902	0.864331
14760	721163	771.19	258	0	333	335	0	771.19	59	12.1996	0	26622.2	26307	0	500796	331.183	317.004	0	14760	843.866	788.481	0.862776
14940	5.45163e-12	2.22045e-14	55	0	333	335	0	2.22045e-14	58	6.25106	0	26465	26375.1	0	365417	259.248	269.96	0	14940	852.027	787.063	0.861225
15120	1.10883e+06	150.834	191	7	333	335	0	150.834	58	34.2052	0	26465	26310.7	0	450895	280.008	282.98	0	15120	839.965	785.648	0.859676
15300	6.79929e+06	94.888	483	116	333	335	0	94.888	58	110.279	0	26465	26465	0	617973	262.826	316.832	0	15300	861.738	784.235	0.85813
15480	863962	740.959	421	0	333	335	0	740.959	59	13.6226	0	26622.9	26385.6	0	824438	326.394	340.85	0	15480	867.689	782.824	0.856586
15660	2.2823e+07	305.845	1011	0	333	335	0	305.845	58	113.056	0	26465	26307	0	928248	226.395	254.914	0	15660	853.194	781.417	0.855046
15840	7.9473e+06	756.354	1599	200	333	335	0	756.354	59	40.8938	0	26519.3	26459.9	0	510721	332.109	365.288	0	15840	869.979	780.011	0.853508
16020	4.75227e+07	613.312	3769	486	333	335	0	613.312	58	115.751	0	26581.7	26465	0	1.02509e+06	341.439	389.525	0	16020	859.665	778.608	0.851973
16200	7.009e+07	879.8	6693	674	337	339	0	879.8	59	117.817	0	26851.1	26678	0	1.69402e+06	304.676	294.579	0	16200	872.582	777.208	0.850441
16380	2.69336e+07	1821.34	4644	1473	331	338	0	1821.34	59	48.5135	0	26783.8	26203.8	0	1.86574e+06	323.789	287.216	0	16380	876.392	775.811	0.848912
16560	3.84297e+06	915.999	1172	310	331	338	0	915.999	59	25.8402	0	26821.8	26228.3	0	467430	283.872	286.606	0	16560	866.839	774.415	0.847385
16740	7.50407e+07	1736.89	8617	1751	334	333	0	1736.89	59	83.2919	0	26378.4	26479.4	0	1.37871e+06	290.748	321.894	0	16740	882.498	773.023	0.845861
16920	5.66726e+07	726.387	4859	846	336	339	0	726.387	58	116.256	0	26876.2	26581.9	0	894762	321.623	280.644	0	16920	880.381	771.632	0.84434
17100	3.99386e+07	384.99	1314	347	336	339	0	384.99	58	142	0	26939	26679	0	1.55777e+06	419.518	332.489	0	17100	865.793	770.245	0.842822
17280	1.14542e+08	1104.13	8903	750	337	337	0	1104.13	59	142	0	26714.1	26699.5	0	2.97521e+06	339.642	320.449	0	17280	887.482	768.86	0.841306
17460	9.06101e+07	1502.35	8511	1707	336	340	0	1502.35	59	99.7161	0	26909.6	26641.1	0	2.23009e+06	298.877	345.819	0	17460	885.43	767.477	0.839793
17640	1.30245e+08	1710.86	11489	1877	336	344	0	1710.86	59	114.471	0	27247.5	26664.6	0	2.59679e+06	321.472	346.778	0	17640	888.813	766.097	0.838283
17820	1.35976e+08	1358.81	10763	1148	336	340	0	1358.81	58.0012	138.094	0	26964.9	26592.7	0	4.19054e+06	331.12	287.662	0	17820	902.778	764.719	0.836775
18000	1.42214e+08	1466.14	10693	1690	336	341	0	1466.14	59	134.898	0	26988.2	26626.5	0	2.94181e+06	286.759	319.508	0	18000	908.314	763.344	0.83527
18180	1.61312e+08	1638.52	12115	1391	337	342	0	1638.52	58.0001	136.4	0	27056.7	26686.8	0	4.02396e+06	284.296	308.258	0	18180	905.907	761.971	0.833768
18360	7.22367e+07	858.932	5794	1068	336	342	0	858.932	58.2164	122.063	0	27049.6	26657.7	0	1.70889e+06	284.06	345.956	0	18360	896.924	760.601	0.832269
18540	1.13523e+08	1094.37	8822	930	337	343	0	1094.37	59	141.994	0	27190.1	26711.1	0	3.02029e+06	335.847	321.508	0	18540	920.24	759.233	0.830772
18720	1.82595e+07	176.013	701	188	337	343	0	176.013	59	142	0	27255	26623	0	1.35992e+06	404.721	288.044	0	18720	904.324	757.867	0.829278
18900	5.26275e+06	91.5387	258	0	337	343	0	91.5387	59	97.0768	0	27255	26623	0	560720	360.911	226.427	0	18900	900.783	756.504	0.827786
19080	9.83331e+07	1164.45	8018	1409	330	358	0	1164.45	59	122.397	0	28385.2	26155.7	0	1.8583e+06	317.584	320.854	0	19080	894.947	755.144	0.826298
19260	2.27504e+08	2502.93	18258	2319	332	363	0	2502.93	59	128.719	0	28754.1	26307.2	0	3.57879e+06	321.024	314.519	0	19260	876.153	753.786	0.824812
19440	1.59053e+08	1533.2	9393	1485	331	368	0	1533.2	59	142	0	29111.9	26253.6	0	5.19969e+06	287.85	329.833	0	19440	880.84	752.43	0.823328
19620	1.41795e+08	1366.84	9336	1323	330	366	0	1366.84	59	142	0	28976.5	26107.6	0	4.8114e+06	302.07	286.245	0	19620	893.787	751.077	0.821848
19800	1.6104e+08	1552.35	11042	2411	334	364	0	1552.35	59	142	0	28841.5	26469	0	8.63088e+06	313.598	303.364	0	19800	884.256	749.726	0.82037
19980	1.0607e+08	1095.96	8236	1058	331	364	0	1095.96	59	134.675	0	28807.6	26194.5	0	2.87784e+06	303.928	286.608	0	19980	879.294	748.378	0.818894
20160	2.05868e+08	1984.48	14631	1687	331	366	0	1984.48	58.0002	142	0	28993.6	26225.6	0	7.70786e+06	310.425	315.919	0	20160	879.58	747.032	0.817422
20340	2.31997e+08	2236.35	15845	2365	327	367	0	2236.35	59	142	0	29070.9	25960.4	0	5.33308e+06	310.081	354.33	0	20340	860.945	745.689	0.815952
20520	1.70103e+08	1705.96	12200	1997	325	367	0	1705.96	58	137.716	0	29095.2	25779.5	0	3.93726e+06	329.379	328.423	0	20520	886.568	744.348	0.814484
20700	3.49044e+07	741.21	2566	295	325	367	0	741.21	59	87.1418	0	28993	25680.8	0	1.80561e+06	235.568	305.564	0	20700	869.413	743.009	0.81302
20880	4.40657e+07	424.773	2131	229	325	367	0	424.773	59	142	0	29102	25675	0	2.00128e+06	313.67	274.86	0	20880	868.146	741.673	0.811557
21060	1.10238e+07	170.873	580	0	325	367	0	170.873	59	103.631	0	29151	25675	0	770221	394.644	258.377	0	21060	864.112	740.339	0.810098
21240	348528	519.169	276	5	325	367	0	519.169	58	10.3365	0	29149.1	25755.7	0	542084	381.845	232.851	0	21240	868.637	739.008	0.808641
21420	3.10011e+06	1361.92	777	409	325	367	0	1361.92	59	19.0337	0	29069.7	25782.1	0	1.11265e+06	348.262	306.038	0	21420	863.436	737.679	0.807187
21600	5.02763e-12	2.22045e-14	66	0	325	367	0	2.22045e-14	59	6.00304	0	29084.7	25833	0	801691	422.095	394.492	0	21600	889.118	736.352	0.805735
21780	1.25432	0.00531513	122	0	325	367	0	0.00531513	58	6.12853	0	28996.3	25831.8	0	381156	346.785	353.227	0	21780	892.04	735.028	0.804286
21960	6.39858e+07	616.794	4730	549	321	370	0	616.794	59	142	0	29318.6	25477	0	1.66615e+06	330.93	335.373	0	21960	888.646	733.706	0.80284
22140	6.49511e+07	709.204	5508	626	325	366	0	709.204	59	129.405	0	28961	25765.5	0	1.25669e+06	299.861	335.643	0	22140	874.591	732.386	0.801396
22320	2.12476e+06	924	1152	121	325	366	0	924	59	19.1306	0	29072	25675	0	531428	300.099	241.656	0	22320	825.733	731.069	0.799955
22500	583958	19.0666	240	133	325	366	0	19.0666	58	69.8659	0	29072	25707.6	0	546790	347.085	357.053	0	22500	881.914	729.755	0.798516
22680	2.99824e+06	374.452	608	0	325	366	0	374.452	58	35.6981	0	28914	25833	0	461046	340.516	408.787	0	22680	843.58	728.442	0.79708
22860	7.81298e+06	75.3135	502	0	325	366	0	75.3135	59	142	0	29072	25675	0	799350	329.069	302.965	0	22860	853.194	727.132	0.795647
23040	2.39387e+06	858	697	0	325	366	0	858	59	21.0725	0	28914	25833	0	558385	327.394	323.308	0	23040	868.388	725.825	0.794216
23220	8.5929e+06	82.8316	891	26	325	366	0	82.8316	59	142	0	28996.5	25675	0	988294	319.466	280.238	0	23220	842.244	724.519	0.792787
23400	3.77795e+06	1251.98	972	0	325	366	0	1251.98	59	21.9149	0	28914.7	25676.2	0	442507	290.902	348.068	0	23400	856.685	723.216	0.791362
23580	261609	457.047	242	0	325	366	0	457.047	58.0001	9.54457	0	29072	25675	0	434446	360.726	269.293	0	23580	854.745	721.916	0.789939
23760	2.14186e+06	58.2792	391	0	325	366	0	58.2792	58	76.6322	0	29072	25833	0	507116	348.552	367.09	0	23760	857.9	720.617	0.788518
23940	700392	756.293	632	0	325	366	0	756.293	59	12.1405	0	29072	25678.9	0	851221	415.803	269.844	0	23940	846.099	719.321	0.7871
24120	6.05326e+06	79.6653	154	0	325	366	0	79.6653	58	114.335	0	29072	25675	0	596559	348.586	297.547	0	24120	861.714	718.028	0.785684
24300	3.18724e+06	781.996	756	391	325	366	0	781.996	59	25.4692	0	28998.5	25779.7	0	544530	334.537	333.829	0	24300	855.485	716.737	0.784271
24480	4.2615e+06	97.8679	764	36	325	366	0	97.8679	58	83.6321	0	29072	25781.3	0	416133	312.339	318.365	0	24480	854.177	715.448	0.782861
24660	1.76628e+06	454	492	0	325	366	0	454	58	24.8835	0	29072	25723.3	0	175189	383.856	278.042	0	24660	855.568	714.161	0.781453
24840	1.11535e+07	137.734	1072	13	325	366	0	137.734	58	119.067	0	29044.3	25675	0	701857	335.353	252.157	0	24840	836.239	712.877	0.780048
25020	917809	648	473	10	325	366	0	648	58	15.0141	0	29033.6	25833	0	287854	314.14	320.928	0	25020	848.028	711.595	0.778645
25200	1.39571e+06	574	646	40	325	366	0	574	58	19.6722	0	29072	25832.8	0	272027	346.645	317.33	0	25200	862.06	710.315	0.777245
25380	896416	1070.45	461	0	325	366	0	1070.45	58	11.5447	0	29072	25831.7	0	545492	411.007	365.837	0	25380	852.927	709.037	0.775847
25560	3.1926e+06	881.92	908	254	325	366	0	881.92	59	24.0031	0	29042.4	25788.5	0	482792	337.686	282.169	0	25560	851.531	707.762	0.774452
25740	823785	619.515	569	0	325	366	0	619.515	59	14.5476	0	28993.2	25832.8	0	527305	297.878	334.788	0	25740	839.207	706.489	0.773059
25920	1.76027e+06	673.996	598	166	325	366	0	673.996	58	20.3879	0	29001	25710.1	0	345305	331.845	294.036	0	25920	836.735	705.219	0.771669
26100	4.52404e+07	999.229	5276	706	340	383	0	999.229	59	85.3558	0	30302.6	26968.2	0	1.23229e+06	295.758	333.821	0	26100	864.171	703.951	0.770281
26280	6.82584e+07	1565.86	7725	1857	342	382	0	1565.86	59	83.6806	0	30231.1	27117.4	0	1.94557e+06	277.999	327.491	0	26280	846.895	702.685	0.768896
26460	6.99991e+07	1122.15	6687	1496	344	380	0	1122.15	59	101.644	0	30069	27288.4	0	1.6553e+06	286.717	347.369	0	26460	840.469	701.421	0.767513
26640	8.2389e+07	794.192	6112	740	345	381	0	794.192	59	142	0	30171	27328.2	0	2.7415e+06	316.595	306.836	0	26640	842.666	700.16	0.766133
26820	6.52625e+07	736.381	6222	710	347	377	0	736.381	58	126.473	0	29805.1	27512.9	0	3.27707e+06	262.415	337.927	0	26820	850.541	698.9	0.764755
27000	2.95148e+07	1225.97	4630	1128	346	377	0	1225.97	59	61.908	0	29847.9	27405.8	0	1.00259e+06	283.057	316.47	0	27000	854.356	697.644	0.763379
27180	1.06572e+07	102.731	501	42	346	377	0	102.731	59	142	0	29783	27334	0	1.29955e+06	250.703	263.329	0	27180	849.04	696.389	0.762007
27360	6.06234e+06	1290	1092	0	346	377	0	1290	59	27.3486	0	29889.4	27492	0	865764	342.924	321.477	0	27360	818.656	695.137	0.760636
27540	2.48383e+06	50.0532	248	0	346	377	0	50.0532	58	89.6019	0	29941	27492	0	429060	332.182	346.377	0	27540	842.097	693.886	0.759268
27720	2.53429e+06	835.984	868	245	346	377	0	835.984	58	21.9654	0	29856.2	27372.8	0	447374	319.11	319.258	0	27720	826.776	692.639	0.757903
27900	711320	725.987	279	0	346	377	0	725.987	59	12.4876	0	29890	27492	0	466110	334.952	298.172	0	27900	834.696	691.393	0.75654
28080	2.87777e+06	935.959	774	66	346	377	0	935.959	59	22.1212	0	29940.8	27492	0	450410	289.818	377.591	0	28080	851.432	690.15	0.755179
28260	1.97398e+06	1264	581	0	346	377	0	1264	59	15.7655	0	29891.8	27492	0	983929	293.147	403.205	0	28260	861.508	688.908	0.753821
28440	1.0637e+08	1395.86	9500	1491	348	372	0	1395.86	58	114.542	0	29451.6	27543.8	0	2.19869e+06	300.124	285.411	0	28440	867.584	687.669	0.752466
28620	1.31007e+08	2000.38	12523	2108	347	374	0	2000.38	59	104.538	0	29613.8	27486	0	5.26711e+06	322.95	320.074	0	28620	858.144	686.433	0.751112
28800	6.923e+07	667.345	5222	910	351	371	0	667.345	59	142	0	29389.5	27782	0	2.84039e+06	298.249	287.459	0	28800	870.384	685.198	0.749762
