MS2-QUANT	v0j
Region DEFINITION, 05-Apr-2021
COMMENT	Outline definition performed in MS2-QUANT (Main program)
FILE	MAX_20201217_RI516_C12MS2128TkTat_001_visit_34.tif
PATH	/Volumes/EBL/20201217/
PARAMETERS
Pix-XY	Pix-Z	RI	Ex	Em	NA	dT	Type
79	600	1.458	488	521	1.4	180	widefield
ANALYSIS-SETTINGS	
IMAGING-BACKGROUND	150
LIMIT-FIT-SIGMA-XY-MIN	22
LIMIT-FIT-SIGMA-XY-MAX	160
LIMIT-FIT-SIGMA-Z-MIN	0
LIMIT-FIT-SIGMA-Z-MAX	0
LIMIT-FIT-BGD-MIN	75
LIMIT-FIT-BGD-MAX	76
DETECTION-THRESHOLD	500
REGION	TxSite
X_POS	227	228	229	230	231	232	233	234	235	236	237	238	239	240	241	242	243	244	245	245	246	247	247	248	249	250	251	251	252	253	253	254	255	255	256	257	257	258	259	259	260	261	262	263	263	264	265	265	265	266	266	266	266	266	266	266	266	266	266	266	266	266	266	265	265	265	265	265	265	265	265	265	265	265	265	265	265	264	264	264	264	264	264	264	263	263	263	263	263	263	263	262	262	262	262	262	262	262	262	262	262	262	262	262	262	262	262	262	262	262	262	262	262	262	262	262	262	261	261	261	261	261	260	260	260	260	259	259	259	259	259	259	259	258	258	258	257	257	257	257	257	256	256	255	255	255	255	254	254	254	253	253	253	253	253	252	252	252	251	251	251	250	249	248	247	246	245	244	244	243	242	241	240	239	239	238	237	237	236	235	234	233	232	231	230	229	228	227	226	225	224	223	223	222	221	220	219	218	217	216	215	215	214	213	213	212	211	211	210	210	209	209	208	208	207	207	207	206	205	205	205	204	203	203	202	202	201	201	200	199	199	199	199	199	198	198	198	198	197	197	197	197	197	197	197	197	196	196	196	195	195	195	195	195	195	195	195	195	195	195	195	195	195	195	196	196	197	197	197	197	197	198	198	199	199	199	199	199	200	200	200	200	201	201	201	201	201	201	201	201	202	202	202	203	203	203	203	203	203	204	204	204	204	204	205	205	205	205	206	206	207	207	207	208	208	209	209	209	210	211	211	212	212	213	213	214	215	215	215	216	216	217	217	217	218	218	219	219	220	220	221	221	221	222	222	222	223	223	223	224	224	225	225	225	226	227	227	227	228	229	229	230	230	231	END
Y_POS	362	362	362	362	362	362	362	362	362	362	362	362	362	362	362	362	362	362	362	361	361	361	360	360	360	360	360	359	359	359	358	358	358	357	357	357	356	356	356	355	355	354	354	353	352	352	352	351	350	350	349	348	347	346	345	344	343	342	341	340	339	338	337	337	336	335	334	333	332	331	330	329	328	327	326	325	324	324	323	322	321	320	319	318	318	317	316	315	314	313	312	311	310	309	308	307	306	305	304	303	302	301	300	299	298	297	296	295	294	293	292	291	290	289	288	287	286	286	285	284	283	282	282	281	280	279	278	277	276	275	274	273	272	271	270	269	269	268	267	266	265	265	264	263	262	261	260	259	258	257	256	255	254	253	252	252	251	250	250	249	248	248	248	248	248	248	248	248	247	247	246	246	245	245	244	244	244	243	243	243	243	243	243	243	243	243	243	243	243	243	243	243	244	244	244	244	244	244	244	244	244	245	245	245	246	246	246	247	247	248	248	249	249	250	250	251	252	252	252	253	254	254	254	255	255	256	256	257	258	258	259	260	261	262	263	264	265	266	266	267	268	269	270	271	272	273	274	275	276	276	277	278	279	280	281	282	283	284	285	286	287	288	289	290	291	292	293	294	295	296	297	297	298	298	299	300	301	302	302	303	304	305	305	306	307	308	309	310	311	312	312	313	314	314	315	316	317	318	319	319	320	321	322	323	323	324	325	326	327	328	328	329	330	330	331	332	333	334	334	335	336	337	338	338	339	340	340	341	342	342	343	343	344	345	345	346	346	347	347	348	348	349	350	350	351	352	352	353	354	355	356	356	357	358	358	358	359	360	360	360	361	361	362	362	END
QUANTIFICATION
Time[s]	Q_Integrate	Q_AMP	Q_Sum_pix	Q_MIP_int	Pix_Y	Pix_X	Pix_Z	AMP	BGD	SigmaXY	SigmaZ	MuY	MuX	MuZ	RES	Cent_Y	Cent_X	Cent_Z	OPB_time	OPB_INT	OPB_FIT	OPB_FIT_norm
0	2.88302e+06	947.999	1503	25	270	236	0	947.999	75	22.0004	0	18735.3	21484.6	0	447740	355.602	306.511	0	0	711.597	936.626	1
180	1.79369e+06	589.822	906	0	270	236	0	589.822	75	22	0	18756.1	21330	0	312299	295.483	261.724	0	180	721.987	934.942	0.998202
360	2.33301e+06	767.165	679	237	270	236	0	767.165	76	22.0001	0	18680.6	21413	0	780047	315.963	252.55	0	360	706.874	933.261	0.996406
540	7.12112e+07	1065.32	7544	1206	270	236	0	1065.32	76	105.798	0	18744.4	21410	0	2.81285e+06	346.432	294.813	0	540	710.716	931.582	0.994615
720	1.48163e+07	206.145	1739	356	270	236	0	206.145	75	110.482	0	18705.4	21482.3	0	501802	286.786	328.943	0	720	719.438	929.907	0.992826
900	8.66677e+06	136.117	1266	0	270	236	0	136.117	75	102.846	0	18755.8	21330	0	386356	334.775	278.059	0	900	704.322	928.235	0.99104
1080	1.21148e+06	143.357	478	19	270	236	0	143.357	75	36.674	0	18730.4	21330	0	473061	347.407	239.305	0	1080	698.016	926.565	0.989258
1260	2.69821e+06	887.259	1105	333	270	236	0	887.259	75	22	0	18644	21334	0	526567	328.785	309.291	0	1260	711.684	924.899	0.987479
1440	141948	5.10521	334	0	270	236	0	5.10521	75	66.547	0	18802	21454.9	0	451226	335.196	295.977	0	1440	700.005	923.236	0.985703
1620	1.94555e+06	639.76	697	27	270	236	0	639.76	76	22	0	18802	21407	0	525149	324.691	315.051	0	1620	677.465	921.575	0.983931
1800	914754	300.801	663	0	270	236	0	300.801	75	22	0	18802	21409	0	387518	344.012	260.181	0	1800	684.559	919.918	0.982161
1980	7.47625	0.00245339	225	0	270	236	0	0.00245339	75	22.0226	0	18779.2	21468.5	0	329066	315.601	363.57	0	1980	688.617	918.264	0.980395
2160	8.01436e+07	836	6404	930	263	220	0	836	76	133.734	0	17436.6	20865.4	0	1.82332e+06	315.202	317.926	0	2160	681.821	916.612	0.978632
2340	8.44417e+07	1431.05	8777	1735	260	216	0	1431.05	76	98.4963	0	17137.1	20641.8	0	1.54607e+06	298.69	336.955	0	2340	681.559	914.964	0.976872
2520	1.78283e+07	319.017	1655	324	260	216	0	319.017	76	95.5658	0	17222	20540	0	839365	346.237	267.826	0	2520	665.026	913.318	0.975115
2700	9.92988e+06	206.928	1415	127	260	216	0	206.928	75	88.016	0	17122.7	20540	0	518166	320.993	250.557	0	2700	682.606	911.676	0.973361
2880	6.33875e+07	816.19	5557	1244	258	223	0	816.19	76	115.918	0	17735.9	20490.8	0	1.72622e+06	320.138	336.458	0	2880	680.081	910.036	0.971611
3060	6.96003e+07	990.544	6491	1107	257	226	0	990.544	76	108.981	0	17942.1	20420.1	0	2.72638e+06	303.668	351.589	0	3060	686.593	908.4	0.969863
3240	8.00569e+07	946.568	7318	903	255	221	0	946.568	76	122.523	0	17572.5	20245.5	0	1.72732e+06	351.449	332.94	0	3240	674.278	906.766	0.968119
3420	1.75944e+08	1607.08	11516	1845	258	217	0	1607.08	75	148.332	0	17234.4	20513.4	0	3.71443e+06	320.435	352.135	0	3420	675.157	905.135	0.966378
3600	1.05378e+08	1229.63	8408	1667	263	215	0	1229.63	76	123.611	0	17039.5	20870.7	0	1.63899e+06	309.33	319.071	0	3600	677.218	903.508	0.96464
3780	9.6403e+07	1325.48	9080	1293	264	215	0	1325.48	75.9999	111.283	0	17052.7	20934.9	0	1.63703e+06	306.122	307.637	0	3780	682.082	901.883	0.962905
3960	1.85423e+07	180.733	1233	102	264	215	0	180.733	75	140.771	0	17143	21014	0	933199	406.699	378.018	0	3960	667.728	900.261	0.961174
4140	2.05521e+06	454.753	622	0	264	215	0	454.753	75	26.8195	0	17124.8	20856	0	435562	346.207	347.236	0	4140	670.734	898.642	0.959445
4320	1.54191e+06	92.2782	445	0	264	215	0	92.2782	75	51.5693	0	16985	20856	0	457251	284.394	271.561	0	4320	682.039	897.026	0.95772
4500	1.36533e+06	448.964	575	232	264	215	0	448.964	75	22	0	16985	20859.6	0	594869	294.897	290.118	0	4500	679.11	895.412	0.955997
4680	1.51223e+06	497.27	453	5	264	215	0	497.27	75	22	0	17109.3	21014	0	272054	324.897	303.922	0	4680	692.977	893.802	0.954278
4860	2.34649e+06	606	781	254	264	215	0	606	75	24.8246	0	17093.1	20910	0	248158	315.743	260.552	0	4860	687.243	892.195	0.952562
5040	2.30417e+06	677.976	1106	117	264	215	0	677.976	75	23.2574	0	17120.9	20983.7	0	312989	301.245	309.859	0	5040	684.309	890.59	0.950849
5220	4.98438e+06	92.3502	747	109	264	215	0	92.3502	75	93.7586	0	17143	20904.5	0	434088	345.934	299.951	0	5220	682.506	888.989	0.949139
5400	106559	34.8814	297	0	264	215	0	34.8814	75	22.05	0	16985	20939.8	0	342547	323.197	309.058	0	5400	692.473	887.39	0.947432
5580	1.27892e+08	1334.37	9939	1165	277	211	0	1334.37	75	133.712	0	16733.5	21957.6	0	1.82296e+06	306.089	318.122	0	5580	677.042	885.794	0.945728
5760	7.32263e+07	1104.06	6792	1230	283	216	0	1104.06	76	105.314	0	17128.3	22464.9	0	1.24939e+06	302.8	335.904	0	5760	686.292	884.201	0.944027
5940	7.03862e+07	627.063	5402	944	285	216	0	627.063	75	151.492	0	17130.8	22545.3	0	2.42014e+06	305.119	279.42	0	5940	693.425	882.611	0.94233
6120	1.94984e+07	205.288	800	51	285	216	0	205.288	75	132.83	0	17222	22515	0	1.45447e+06	417.49	207.532	0	6120	678.569	881.024	0.940635
6300	1.07472e+07	159.964	1144	283	285	216	0	159.964	75	106.114	0	17181.3	22515	0	663260	315.967	228.625	0	6300	686.119	879.439	0.938943
6480	1.88694e+07	185.988	770	108	285	216	0	185.988	75.0001	139.556	0	17170.1	22515	0	1.01463e+06	319.903	205.224	0	6480	673.81	877.858	0.937255
6660	8.77465e+07	1138.92	7954	895	289	224	0	1138.92	76	115.334	0	17796.3	22899.8	0	2.78477e+06	323.58	292.807	0	6660	704.339	876.279	0.935569
6840	8.83226e+07	1425.04	8677	1289	295	224	0	1425.04	75	101.27	0	17809.4	23405.8	0	1.3796e+06	331.396	336.7	0	6840	710.182	874.703	0.933887
7020	1.3095e+08	1560.53	11353	1433	295	228	0	1560.53	76	121.883	0	18100.7	23358.1	0	2.96527e+06	325.766	288.494	0	7020	693.359	873.13	0.932207
7200	1.25701e+08	1053.05	8471	1326	291	231	0	1053.05	76	160	0	18356.3	23079	0	3.78544e+06	332.533	316.105	0	7200	708.511	871.56	0.930531
7380	1.09345e+08	916.028	7752	1220	291	236	0	916.028	75	160	0	18680.7	23088.8	0	2.85056e+06	283.141	328.607	0	7380	725.266	869.992	0.928857
7560	5.91891e+06	79.8967	402	0	291	236	0	79.8967	75	112.549	0	18644	22989	0	501341	270.764	250.254	0	7560	724.819	868.428	0.927187
7740	4.10001e+07	920.713	5641	734	291	234	0	920.713	76	84.6174	0	18567.6	23033.7	0	1.48069e+06	326.037	279.126	0	7740	725.504	866.866	0.92552
7920	1.14055e+08	1004.9	7862	1462	288	237	0	1004.9	76	152.946	0	18788.8	22858.8	0	2.60679e+06	303.374	334.942	0	7920	718.278	865.307	0.923855
8100	5.1342e+07	430.113	2851	237	288	237	0	430.113	76	160	0	18723	22752	0	2.41438e+06	273.359	293.04	0	8100	719.424	863.751	0.922194
8280	2.25431e+08	1888.52	14167	2040	293	238	0	1888.52	75.0006	160	0	18833.9	23210.5	0	5.77674e+06	283.784	303.853	0	8280	722.672	862.198	0.920535
8460	2.79609e+08	2634.04	19561	2415	297	245	0	2634.04	75	144.627	0	19407.2	23536.5	0	4.42065e+06	292.943	311.831	0	8460	734.47	860.647	0.91888
8640	2.1654e+08	1814.04	14436	1564	293	241	0	1814.04	75.0003	160	0	19086.3	23215.2	0	7.2789e+06	290.67	308.753	0	8640	684.757	859.099	0.917227
8820	1.57221e+08	1317.1	9671	1411	292	239	0	1317.1	76	160	0	18977.9	23154	0	4.39608e+06	322.946	314.393	0	8820	702.478	857.554	0.915578
9000	1.35103e+08	1504.04	10915	1189	299	240	0	1504.04	75.0002	127.659	0	19053.5	23705.7	0	2.48263e+06	327.817	317.947	0	9000	732.548	856.012	0.913931
9180	7.25386e+07	784.017	6391	1001	298	242	0	784.017	76	130.345	0	19199.6	23602.8	0	3.38345e+06	288.737	303.325	0	9180	742.636	854.473	0.912288
9360	7.5444e+07	632.026	5636	815	301	243	0	632.026	76	160	0	19302.8	23822.3	0	2.7936e+06	337.93	292.085	0	9360	736.7	852.936	0.910647
9540	1.18088e+08	1448.42	10004	2015	298	246	0	1448.42	76	119.593	0	19512.9	23624.7	0	4.21921e+06	297.74	334.146	0	9540	768.265	851.402	0.909009
9720	9.0965e+07	829.608	6242	1374	302	241	0	829.608	75	148.521	0	19148.4	23862.2	0	2.81964e+06	335.756	262.807	0	9720	766.311	849.871	0.907375
9900	1.39905e+08	1204.01	9900	1451	299	236	0	1204.01	76	156.141	0	18760.3	23668	0	4.44881e+06	337.801	299.167	0	9900	760.286	848.342	0.905743
10080	1.25131e+08	1048.27	8832	963	299	238	0	1048.27	76	160	0	18889.8	23707.9	0	2.391e+06	315.553	325.106	0	10080	745.559	846.817	0.904114
10260	1.28604e+08	1077.37	8619	946	304	238	0	1077.37	76	160	0	18869.8	24058	0	4.96045e+06	300.224	304.169	0	10260	790.387	845.294	0.902488
10440	8.85251e+07	1212.68	8105	1471	303	232	0	1212.68	76	111.535	0	18395.6	24030.9	0	2.07854e+06	311.172	315.292	0	10440	759.472	843.774	0.900865
10620	9.55344e+07	1132.07	7794	1458	304	233	0	1132.07	76	122.342	0	18481.6	24128.8	0	1.93038e+06	317.28	329.032	0	10620	754.018	842.256	0.899245
10800	9.32229e+07	1242.73	8697	1294	305	233	0	1242.73	75	113.424	0	18513.9	24188.8	0	1.57445e+06	329.122	321.831	0	10800	766.983	840.742	0.897628
10980	9.1951e+07	1366.44	8301	1760	304	233	0	1366.44	76	106.214	0	18502.1	24097.7	0	2.52863e+06	312.847	309.766	0	10980	758.592	839.23	0.896013
11160	1.20038e+08	1495.17	10903	1145	305	226	0	1495.17	75.9999	118.405	0	17930.9	24186.7	0	2.92692e+06	315.912	322.101	0	11160	762.837	837.72	0.894402
11340	6.04789e+07	883.551	5431	838	301	221	0	883.551	75.9999	107.291	0	17519.8	23889.1	0	1.99488e+06	309.464	332.373	0	11340	763.025	836.214	0.892793
11520	6.72082e+07	1023.4	6434	1273	302	224	0	1023.4	76	104.707	0	17809	23965.8	0	1.45796e+06	340.665	348.181	0	11520	769.996	834.71	0.891188
11700	1.93774e+07	162.333	1066	125	302	224	0	162.333	76	160	0	17696	23983.1	0	853729	277.054	331.142	0	11700	780.457	833.209	0.889585
11880	96885.3	31.5936	220	90	302	224	0	31.5936	76	22.0922	0	17773.8	23969.6	0	935422	298.16	359.791	0	11880	768.067	831.711	0.887985
12060	2.82519e+07	270.998	477	114	302	224	0	270.998	75	142.553	0	17696	24016	0	1.8852e+06	235.286	390.603	0	12060	784.947	830.215	0.886388
12240	693325	227.987	344	37	302	224	0	227.987	76	22	0	17775.3	24011.7	0	1.14926e+06	406.865	400.838	0	12240	784.676	828.722	0.884794
12420	4.07171e+07	975.143	5443	771	305	224	0	975.143	75	81.8291	0	17746.2	24152.6	0	1.11651e+06	297.522	298.086	0	12420	784.53	827.231	0.883203
12600	8.38035e+07	1770.37	9468	1856	309	226	0	1770.37	76	87.3819	0	17928.7	24508.1	0	2.16312e+06	306.499	322.626	0	12600	792.171	825.744	0.881615
12780	9.18151e+07	1110.45	7555	1462	307	224	0	1110.45	76	120.699	0	17736.7	24358.6	0	1.84238e+06	285.282	328.039	0	12780	805.188	824.259	0.880029
12960	8.1965e+07	687.957	5899	1160	302	222	0	687.957	75	159.721	0	17538	23961.8	0	3.58723e+06	251.721	322.25	0	12960	798.459	822.776	0.878447
13140	5.37834e+07	450.566	3379	520	302	222	0	450.566	76	160	0	17629.3	23999.8	0	2.79367e+06	349.519	329.726	0	13140	785.61	821.297	0.876867
13320	6.56037e+07	892.892	6567	1101	304	213	0	892.892	76	111.978	0	16907.4	24098.8	0	2.1078e+06	319.164	323.083	0	13320	802.915	819.82	0.87529
13500	106396	34.6778	232	88	304	213	0	34.6778	76	22.0977	0	16907	24059.7	0	1.26593e+06	395.237	404.934	0	13500	786.958	818.345	0.873716
13680	8.50874e+07	877.634	7051	762	308	218	0	877.634	75.0001	134.848	0	17314.7	24460.6	0	2.33156e+06	331.555	345.967	0	13680	811.402	816.874	0.872145
13860	5.46416e+07	778.557	5714	1075	307	213	0	778.557	76	108.905	0	16926.4	24341.4	0	1.93133e+06	350.154	333.862	0	13860	819.198	815.405	0.870576
14040	5.56739e+07	466.403	2504	53	307	213	0	466.403	76	160	0	16827	24396.1	0	1.85073e+06	254.621	346.004	0	14040	823.965	813.938	0.869011
14220	6.01547e+07	937.027	6638	875	311	212	0	937.027	75.9999	103.336	0	16798.2	24628.9	0	1.47896e+06	275.901	282.085	0	14220	828.583	812.474	0.867448
14400	5.03412e+07	709.393	4710	898	306	212	0	709.393	75	109.633	0	16788.1	24233.9	0	1.06949e+06	287.102	306.183	0	14400	807.983	811.013	0.865888
14580	9.20215e+08	113402	141661	56701	291	217	0	113402	75.0001	35.9372	0	17197.8	23035.3	0	2.83958e+08	286.3	279.1	0	14580	861.562	809.555	0.864331
14760	373044	122.664	214	0	291	217	0	122.664	75	22.0005	0	17223.5	22989	0	439702	337.09	291.298	0	14760	824.153	808.099	0.862776
14940	3.55838e+06	47.3105	536	0	291	217	0	47.3105	75	113.611	0	17143	23147	0	800018	282.146	342.432	0	14940	843.338	806.646	0.861225
15120	186.857	0.0614029	185	0	291	217	0	0.0614029	75	22.0075	0	17153.3	23064	0	440259	234.229	274.291	0	15120	842.169	805.195	0.859676
15300	7.39648e+06	94.4632	1313	251	291	217	0	94.4632	75	116.521	0	17143	23116.5	0	854266	235.082	339.499	0	15300	814.724	803.747	0.85813
15480	2.41108e+06	227.327	532	0	291	217	0	227.327	75	41.0857	0	17143	23050.5	0	624390	287.82	309.2	0	15480	852.56	802.301	0.856586
15660	0.00878809	2.88981e-06	0	0	291	217	0	2.88981e-06	75	22	0	17143.2	22989.8	0	290851	275.821	329.22	0	15660	822.362	800.859	0.855046
15840	1.37356e+06	37.4855	474	0	291	217	0	37.4855	75	76.5158	0	17143	23032.4	0	611956	278.414	309.453	0	15840	831.672	799.418	0.853508
16020	9.34331e+07	1511.64	9010	1315	317	220	0	1511.64	76	101.112	0	17486.1	25076.5	0	1.91087e+06	346.149	269.886	0	16020	853.271	797.981	0.851973
16200	1.72237e+08	3099.42	17227	2653	325	219	0	3099.42	76	95.2694	0	17349.6	25720.4	0	1.45234e+06	290.982	295.784	0	16200	855.672	796.546	0.850441
16380	1.24261e+08	1469.86	9932	1730	325	217	0	1469.86	75.9999	122.488	0	17199.5	25727.9	0	2.5286e+06	300.207	294.347	0	16380	849.434	795.113	0.848912
16560	7.39673e+07	1163.48	7426	1111	327	215	0	1163.48	75.0096	102.756	0	17045.1	25948.3	0	1.61425e+06	300.648	339.408	0	16560	865.604	793.683	0.847385
16740	1.54688e+07	129.588	709	26	327	215	0	129.588	76	160	0	17143	25833	0	1.34979e+06	357.024	270.405	0	16740	872.029	792.256	0.845861
16920	3.15662e+06	1038	971	0	327	215	0	1038	76	22	0	17002.6	25991	0	972173	334.561	329.733	0	16920	874.527	790.831	0.84434
17100	793857	261.036	251	0	327	215	0	261.036	75	22.0004	0	17058.5	25991	0	297394	243.286	341.253	0	17100	858.296	789.409	0.842822
17280	7.44616e+07	915.867	6474	1054	315	219	0	915.867	75	119.376	0	17345.4	25017.6	0	2.93477e+06	287.737	372.394	0	17280	861.538	787.989	0.841306
17460	5.78046e+07	1284.64	6521	1659	318	218	0	1284.64	76	85.08	0	17287.3	25169.2	0	1.562e+06	304.428	293.776	0	17460	879.607	786.572	0.839793
17640	1.25335e+08	1437.77	10577	1038	317	221	0	1437.77	75.0001	125.047	0	17531.5	25125.1	0	3.23347e+06	319.358	323.528	0	17640	872.953	785.158	0.838283
17820	8.81106e+07	1393.91	8655	991	318	222	0	1393.91	75	102.418	0	17586.5	25234.7	0	996828	288.558	349.479	0	17820	870.037	783.746	0.836775
18000	1.99974e+06	193.33	502	0	318	222	0	193.33	76	40.5739	0	17683.9	25122	0	1.02536e+06	371.678	304.347	0	18000	868.11	782.336	0.83527
18180	7.18739e+07	1457.43	8257	1471	324	221	0	1457.43	76	89.3041	0	17545.5	25658.5	0	2.25732e+06	316.607	324.485	0	18180	874.55	780.929	0.833768
18360	6.74892e+07	743.682	5771	849	330	225	0	743.682	75	128.575	0	17828.5	26169.4	0	1.70792e+06	290.713	346.485	0	18360	866.753	779.525	0.832269
18540	6.77231e+07	902.093	5471	1700	334	222	0	902.093	76	113.479	0	17582.2	26461.9	0	2.60653e+06	314.674	300.116	0	18540	874.428	778.123	0.830772
18720	1.40097e+07	636.779	1383	20	334	222	0	636.779	76	59.1775	0	17696	26544	0	832470	352.762	365.699	0	18720	890.787	776.723	0.829278
18900	5.26495e+07	857.149	6283	481	338	222	0	857.149	76	100.753	0	17631.4	26798.1	0	1.56563e+06	318.86	310.893	0	18900	862.733	775.327	0.827786
19080	1.04153e+08	1384.14	9400	1226	334	220	0	1384.14	75	113.643	0	17498.2	26485.2	0	2.59759e+06	352.591	332.69	0	19080	870.617	773.932	0.826298
19260	6.66503e+07	1344.58	7842	973	333	221	0	1344.58	76	89.5495	0	17558.1	26379.5	0	2.34098e+06	330.504	329.011	0	19260	847.637	772.54	0.824812
19440	3.40913e+07	339.214	2640	628	333	221	0	339.214	75	138.547	0	17484.1	26343.6	0	1.24547e+06	278.071	292.83	0	19440	847.871	771.151	0.823328
19620	5.05765e+07	782.947	5245	1161	338	220	0	782.947	76	103.708	0	17464.7	26747.6	0	2.19081e+06	294.343	297.424	0	19620	892.408	769.764	0.821848
19800	8.92528e+07	1198.65	8186	695	331	226	0	1198.65	75	112.905	0	17975.5	26237.6	0	3.13751e+06	352.316	333.557	0	19800	910.169	768.38	0.82037
19980	1.13056e+07	123.824	755	151	331	226	0	123.824	75.9995	129.126	0	18012	26307	0	883664	358.159	351.173	0	19980	888.906	766.998	0.818895
20160	1.96525e+07	164.637	901	107	331	226	0	164.637	76	160	0	18012	26233.9	0	2.53166e+06	386.975	317.617	0	20160	894.241	765.619	0.817422
20340	4.98115e+07	1220.62	6197	1210	339	225	0	1220.62	76	80.8641	0	17884.9	26867.4	0	1.5345e+06	345.75	332.427	0	20340	899.239	764.242	0.815952
20520	5.77211e+07	740.055	5870	576	344	227	0	740.055	76	116.233	0	17976.2	27238.8	0	2.01679e+06	288.18	323.633	0	20520	886.841	762.868	0.814484
20700	1.47108e+06	483.737	628	0	344	227	0	483.737	75	22	0	18091	27334	0	430948	326.102	334.08	0	20700	892.31	761.496	0.81302
20880	4.80214e+07	986.304	5430	1158	337	224	0	986.304	76	88.697	0	17749.3	26665.2	0	1.95095e+06	331.989	301.256	0	20880	905.883	760.126	0.811558
21060	7.79111e+07	678.713	5622	1073	340	225	0	678.713	75	154.467	0	17806.8	26876.8	0	2.27178e+06	279.92	272.52	0	21060	907.298	758.759	0.810098
21240	1.37564e+08	1504.12	11948	1560	336	225	0	1504.12	75.9996	129.28	0	17890.4	26648.1	0	5.65727e+06	347.416	337.736	0	21240	920.647	757.395	0.808641
21420	1.2832e+08	2494.32	14036	2182	336	225	0	2494.32	75.9999	91.3517	0	17843.6	26634.1	0	2.02833e+06	314.01	329.904	0	21420	947.945	756.033	0.807187
21600	6.87175e+07	1155.62	6923	1742	339	229	0	1155.62	76	98.9235	0	18152	26879.8	0	2.17707e+06	306.517	323.081	0	21600	942.269	754.673	0.805735
21780	1.26018e+07	613.58	2447	138	339	229	0	613.58	76	57.1749	0	18228.4	26781	0	1.45661e+06	313.105	238.473	0	21780	948.761	753.316	0.804286
21960	2.16622e+06	712.323	899	77	339	229	0	712.323	76	22	0	18249	26781	0	834376	222.846	312.158	0	21960	966.817	751.961	0.80284
22140	7.86325e+06	74.1261	672	0	339	229	0	74.1261	75	144.546	0	18249	26781	0	557933	365.728	297.839	0	22140	909.067	750.609	0.801396
22320	3.39168e+06	28.4136	337	124	339	229	0	28.4136	76	160	0	18249	26802	0	816199	363.572	327.217	0	22320	908.246	749.259	0.799955
22500	7.49688e+06	1486	1850	122	339	229	0	1486	75	28.3362	0	18220.3	26789.2	0	436827	276.629	300.784	0	22500	902.626	747.911	0.798516
22680	7.035e+06	81.3914	948	97	339	229	0	81.3914	75.9999	124.327	0	18147.5	26939	0	536862	310.871	333.743	0	22680	915.908	746.566	0.79708
22860	1.77159e+06	14.8413	313	21	339	229	0	14.8413	75	160	0	18091	26939	0	547321	264.875	313.466	0	22860	870.876	745.224	0.795647
23040	232258	74.9355	116	7	339	229	0	74.9355	75	22.2102	0	18170	26781	0	339856	258.314	260.033	0	23040	904.182	743.883	0.794216
23220	2.96981e+06	752	995	245	339	229	0	752	75	25.0706	0	18182.6	26908.5	0	378948	327.681	300.791	0	23220	885.852	742.546	0.792788
23400	160689	52.591	188	59	339	229	0	52.591	75	22.052	0	18093.2	26939	0	322239	279.241	318.807	0	23400	878.152	741.21	0.791362
23580	211058	69.4027	262	39	339	229	0	69.4027	75	22	0	18247.1	26860	0	590190	396.195	312.525	0	23580	882.452	739.877	0.789939
23760	792795	260.697	285	0	339	229	0	260.697	75	22	0	18091	26939	0	369182	264.854	367.586	0	23760	906.1	738.547	0.788518
23940	6.36029e+07	933.98	7160	735	336	244	0	933.98	75.9987	106.964	0	19367.5	26625.1	0	2.17616e+06	325.209	325.684	0	23940	923.404	737.219	0.7871
24120	1.05372e+08	2069.17	10566	1660	337	241	0	2069.17	76	90.8534	0	19155.4	26668.1	0	2.82286e+06	348.331	300.273	0	24120	944.665	735.893	0.785684
24300	9.01749e+07	1036.8	7885	774	337	237	0	1036.8	75.9997	124.854	0	18802.6	26722.9	0	2.24981e+06	325.307	327.039	0	24300	919.847	734.569	0.784271
24480	4.64457e+07	938.726	5417	764	335	237	0	938.726	75	89.4605	0	18829.9	26579.6	0	954908	323.755	345.853	0	24480	947.867	733.248	0.782861
24660	6.25765e+07	867.569	5922	906	340	241	0	867.569	76	110.721	0	19087.4	26972.7	0	1.94644e+06	289.396	317.775	0	24660	922.429	731.93	0.781453
24840	1.83079e+07	153.373	1295	0	340	241	0	153.373	75	160	0	19039	27018	0	1.57606e+06	225.218	377.247	0	24840	943.285	730.613	0.780048
25020	3.68834e+06	1207.67	1157	280	340	241	0	1207.67	76	22.0471	0	19165.6	26982.3	0	1.19204e+06	357.257	302.641	0	25020	960.881	729.299	0.778645
25200	1.74663e+07	146.322	1110	78	340	241	0	146.322	75	160	0	19039	27018	0	1.54662e+06	290.627	392.388	0	25200	962.234	727.988	0.777245
25380	962240	316.416	490	0	340	241	0	316.416	75	22	0	19040.2	26939.3	0	690808	281.503	332.045	0	25380	983.965	726.679	0.775847
25560	3.14894e+06	1014	955	173	340	241	0	1014	76	22.2317	0	19095.7	26878.9	0	645931	292.668	330.364	0	25560	1026.5	725.372	0.774452
25740	5.87623e+06	193.702	578	71	340	241	0	193.702	76	69.5306	0	19196.8	26860	0	602515	284.719	258.734	0	25740	1021.05	724.067	0.773059
25920	1.00694e+06	331.111	585	0	340	241	0	331.111	76	22.0001	0	19039.5	26938.7	0	783930	281.801	369.607	0	25920	1047.7	722.765	0.771669
26100	653294	207.64	585	0	340	241	0	207.64	76	22.3774	0	19118.1	26860	0	905897	308.331	277.969	0	26100	1055.38	721.465	0.770281
26280	7.25583e+07	1321.12	8153	1174	341	230	0	1321.12	75	94.657	0	18219.1	27003.9	0	2.28762e+06	286.636	309.689	0	26280	1049.2	720.168	0.768896
26460	4.24756e+07	689.562	3683	750	341	230	0	689.562	76	100.915	0	18328	27041.9	0	2.34491e+06	349.826	304.85	0	26460	1033.1	718.873	0.767513
26640	1.50107e+07	289.751	850	62	341	230	0	289.751	75	91.6964	0	18170	27097	0	1.46917e+06	235.549	408.122	0	26640	1030.03	717.58	0.766133
26820	1.03869e+07	272.882	895	110	341	230	0	272.882	76	78.0193	0	18181.4	27097	0	931870	329.239	367.201	0	26820	1068.89	716.29	0.764755
27000	5.00315e+07	1603.7	6755	1694	350	241	0	1603.7	76	70.5193	0	19145.1	27737.9	0	1.90596e+06	319.262	324.764	0	27000	1058.74	715.001	0.763379
27180	4.1679e+07	1973.2	6329	1634	352	242	0	1973.2	76	57.9831	0	19167.3	27871.6	0	1.37223e+06	297.685	276.128	0	27180	1065.58	713.715	0.762007
27360	9.98045e+06	83.6103	1269	0	352	242	0	83.6103	76	160	0	19276	27918.1	0	2.37549e+06	298.443	382.914	0	27360	1062.68	712.432	0.760636
27540	1.13492e+06	373.193	354	0	352	242	0	373.193	75	22.0002	0	19276	27965.3	0	600157	349.427	264.852	0	27540	1082.23	711.151	0.759268
27720	9.45519e+06	137.37	398	0	352	242	0	137.37	75.0002	107.645	0	19118	27926.6	0	1.34182e+06	258.599	292.343	0	27720	1119.6	709.872	0.757903
27900	3.27874e+08	82688	51022	41344	327	253	0	82688	75	25.1213	0	20066.5	25906	0	5.11954e+06	312.998	315.294	0	27900	1106.71	708.595	0.75654
28080	1.22221e+06	401.894	468	63	327	253	0	401.894	75	22.0002	0	20066.1	25839	0	841873	384.761	335.523	0	28080	1087.72	707.321	0.755179
28260	1.21348e+08	2203.38	12657	2032	353	244	0	2203.38	75	94.8004	0	19356.2	27992.7	0	2.86235e+06	325.532	326.083	0	28260	1109.86	706.049	0.753821
28440	1.9957e+08	3104.48	18939	2541	352	247	0	3104.48	75	103.417	0	19577.1	27852.8	0	3.88037e+06	299.37	280.595	0	28440	1122.5	704.779	0.752466
28620	2.51983e+08	4294.3	25592	3847	353	244	0	4294.3	75.9999	98.1889	0	19373.6	27979.8	0	4.92089e+06	330.353	333.029	0	28620	1119.06	703.512	0.751112
28800	2.50652e+08	3630.72	22648	2881	354	242	0	3630.72	75.8706	107.837	0	19182.8	28009.4	0	5.23977e+06	305.218	287.562	0	28800	1102.21	702.246	0.749762
