MS2-QUANT	v0j
Region DEFINITION, 05-Apr-2021
COMMENT	Outline definition performed in MS2-QUANT (Main program)
FILE	MAX_20201217_RI516_C12MS2128TkTat_001_visit_12.tif
PATH	/Volumes/EBL/20201217/
PARAMETERS
Pix-XY	Pix-Z	RI	Ex	Em	NA	dT	Type
79	600	1.458	488	521	1.4	180	widefield
ANALYSIS-SETTINGS	
IMAGING-BACKGROUND	150
LIMIT-FIT-SIGMA-XY-MIN	59
LIMIT-FIT-SIGMA-XY-MAX	161
LIMIT-FIT-SIGMA-Z-MIN	0
LIMIT-FIT-SIGMA-Z-MAX	0
LIMIT-FIT-BGD-MIN	86
LIMIT-FIT-BGD-MAX	87
DETECTION-THRESHOLD	500
REGION	TxSite
X_POS	256	256	256	256	256	256	256	257	257	257	257	257	257	257	257	256	256	256	256	255	255	255	255	254	254	253	253	253	252	251	250	249	249	248	247	246	245	244	243	242	241	241	240	239	238	237	236	235	234	233	232	231	230	229	228	227	226	225	224	223	222	221	220	219	218	217	216	215	214	213	212	211	210	210	209	209	208	207	207	206	205	205	204	203	203	202	201	201	200	199	199	198	198	197	197	197	196	196	195	195	195	195	195	195	194	194	194	194	194	194	194	194	194	195	195	195	195	195	196	197	197	197	197	197	197	197	196	196	195	195	195	195	194	194	193	193	193	192	192	192	191	191	191	191	190	190	190	189	189	189	188	188	188	187	187	187	187	187	187	186	186	185	185	185	185	185	185	185	185	185	185	185	184	184	184	184	184	184	184	184	185	185	185	186	186	187	188	189	189	190	191	192	193	194	195	195	196	197	198	199	200	201	201	202	203	204	205	207	208	209	209	209	210	211	211	211	211	212	212	213	213	213	213	214	214	215	215	216	216	217	217	218	219	220	221	222	223	224	225	226	227	228	229	230	231	232	233	233	233	234	235	236	237	239	240	241	242	243	244	245	246	247	248	249	250	251	252	253	255	257	258	259	260	261	262	263	265	266	267	268	269	270	271	272	273	273	274	274	274	275	275	275	275	276	276	276	277	277	277	277	277	277	278	278	278	278	278	278	278	278	278	278	278	277	277	277	277	276	275	275	274	274	273	272	271	270	270	269	269	268	267	267	266	265	264	263	262	262	261	260	260	259	259	END
Y_POS	193	192	191	190	189	188	187	187	186	185	184	183	182	181	180	180	179	178	177	177	176	175	174	174	173	173	172	171	170	169	169	168	167	167	167	167	167	166	166	166	166	165	165	165	165	165	164	164	164	164	164	164	164	164	163	163	163	163	163	163	163	163	163	163	163	163	163	163	163	163	163	163	163	164	164	165	165	165	166	166	166	167	167	167	168	169	169	170	171	171	172	172	173	174	175	176	176	177	178	179	180	181	182	183	183	184	185	186	187	188	189	190	191	191	192	193	195	196	197	198	199	200	201	202	203	204	205	206	206	207	208	209	209	210	211	212	213	213	214	215	215	216	217	218	218	219	220	221	222	223	224	225	226	226	227	228	229	230	231	231	232	232	233	234	235	236	237	238	239	240	241	242	243	244	245	247	248	249	250	251	251	252	253	253	254	255	255	255	256	256	257	257	257	257	257	258	258	258	258	258	258	258	257	257	257	256	256	256	255	255	254	253	253	253	252	251	250	249	248	248	247	246	245	245	244	243	242	242	241	241	240	239	239	239	239	239	239	239	239	239	239	239	239	239	239	239	239	240	241	241	241	241	242	242	243	243	243	243	243	244	244	244	245	245	245	245	245	245	245	245	244	244	244	244	244	243	243	243	242	242	241	241	241	241	240	239	239	238	237	237	236	235	233	233	232	231	230	229	228	227	226	225	225	224	223	222	221	220	219	218	217	216	215	215	214	213	212	212	211	210	210	209	209	208	207	207	206	206	205	204	204	203	203	202	201	201	201	200	199	199	198	198	197	END
QUANTIFICATION
Time[s]	Q_Integrate	Q_AMP	Q_Sum_pix	Q_MIP_int	Pix_Y	Pix_X	Pix_Z	AMP	BGD	SigmaXY	SigmaZ	MuY	MuX	MuZ	RES	Cent_Y	Cent_X	Cent_Z	OPB_time	OPB_INT	OPB_FIT	OPB_FIT_norm
0	0.00063787	2.91675e-08	262	8	237	207	0	2.91675e-08	86	59	0	16353	18881	0	436117	274.81	330.523	0	0	778.358	929.808	1
180	2.08588e-08	9.53799e-13	180	0	237	207	0	9.53799e-13	86	59	0	16353	18881	0	274961	265.45	286.255	0	180	791.097	928.136	0.998202
360	1.47302e+07	218.481	923	95	237	207	0	218.481	86	106.334	0	16511	18881	0	696689	395.905	370.817	0	360	803.58	926.467	0.996406
540	2.35863e+07	318.266	2033	453	237	207	0	318.266	86	112.574	0	16508.3	18870.9	0	710185	365.803	336.325	0	540	807.66	924.8	0.994615
720	7.40655e+07	986.313	6807	919	237	207	0	986.313	86	113.498	0	16457.3	18805.3	0	1.12841e+06	319.067	310.697	0	720	797.102	923.137	0.992826
900	2.74593e+07	257.917	1725	556	237	207	0	257.917	86.0001	144.971	0	16373.2	18881	0	1.60822e+06	294.158	391.609	0	900	799.605	921.477	0.99104
1080	5.8109e+07	660.832	4556	1136	239	209	0	660.832	86	125.792	0	16635.1	19007.8	0	1.66564e+06	358.49	347.935	0	1080	786.253	919.82	0.989258
1260	2.31649e+06	105.925	637	142	239	209	0	105.925	86	59	0	16616.2	18881	0	306602	332.729	262.156	0	1260	781.531	918.166	0.987479
1440	5.6613e+06	64.9221	496	162	239	209	0	64.9221	86	125.076	0	16511	18881	0	614742	291.25	241.682	0	1440	775.403	916.515	0.985703
1620	2.14255e+06	56.79	701	165	239	209	0	56.79	86	77.6658	0	16636.2	18881	0	392941	320.762	282.589	0	1620	775.149	914.866	0.983931
1800	326056	3.23224	346	0	239	209	0	3.23224	86	138.943	0	16511	18881	0	512913	285.546	257.9	0	1800	765.114	913.221	0.982161
1980	0.0144161	6.59198e-07	406	0	239	209	0	6.59198e-07	86	59	0	16511.1	19014.4	0	375148	277.34	315.538	0	1980	757.296	911.579	0.980395
2160	9.04178e+07	1423.41	8879	1232	248	202	0	1423.41	86	102.707	0	16052.1	19656.8	0	2.92184e+06	324.892	287.038	0	2160	747.302	909.939	0.978632
2340	5.65081e+07	803.559	5867	904	243	203	0	803.559	87	109.035	0	16131.3	19299	0	1.70549e+06	310.686	343.098	0	2340	749.721	908.303	0.976872
2520	1.74023e-07	7.95746e-12	215	0	243	203	0	7.95746e-12	86	59	0	16195	19197	0	482909	387.685	289.37	0	2520	747.551	906.669	0.975115
2700	3.88514e+07	1072.64	5479	1255	239	197	0	1072.64	87	76.0649	0	15643.9	18962.6	0	982140	299.042	302.774	0	2700	747.401	905.039	0.973361
2880	4.85594e-10	2.22045e-14	267	0	239	197	0	2.22045e-14	86	59	0	15710.6	18881	0	705803	367.289	172.301	0	2880	767.746	903.411	0.971611
3060	1.26067e+06	57.6447	530	107	239	197	0	57.6447	86	59.0005	0	15721	19033	0	329486	413.265	276.449	0	3060	740.005	901.787	0.969863
3240	9.9661e+07	1102.61	8171	1081	232	207	0	1102.61	86	128.213	0	16420.2	18418.8	0	1.30407e+06	306.14	324.268	0	3240	762.217	900.165	0.968119
3420	7.07957e+07	735.579	5969	887	233	205	0	735.579	86.0001	134.122	0	16266.7	18515.3	0	1.68316e+06	309.354	343.847	0	3420	738.98	898.546	0.966378
3600	9.34284e+07	984.613	7973	687	226	201	0	984.613	86	132.737	0	15975.9	17917.3	0	2.39766e+06	325.603	302.521	0	3600	749.468	896.93	0.96464
3780	5.79276e+07	710.225	6036	267	219	205	0	710.225	86	119.625	0	16230	17396.5	0	1.83771e+06	273.305	349.023	0	3780	745.713	895.317	0.962906
3960	3.80286e+06	173.891	997	415	219	205	0	173.891	86.0005	59	0	16271.3	17406.7	0	927531	293.817	420.421	0	3960	735.312	893.707	0.961174
4140	6.74941e+07	1310.16	7364	1357	232	199	0	1310.16	87	91.4196	0	15815.4	18390.6	0	1.87479e+06	328.661	304.041	0	4140	754.493	892.1	0.959445
4320	1.83281e+06	18.5483	535	0	232	199	0	18.5483	86	136.777	0	15879	18328	0	899932	381.663	248.515	0	4320	739.574	890.495	0.95772
4500	1.70298e+07	275.47	1318	392	232	199	0	275.47	86	101.123	0	15800.6	18328	0	688747	312.311	208.392	0	4500	739.88	888.894	0.955997
4680	0.000537664	2.45855e-08	228	0	232	199	0	2.45855e-08	86	59	0	15721.1	18448.2	0	299496	342.144	306.31	0	4680	731.919	887.295	0.954278
4860	6.91205e+07	857.015	6052	1060	222	208	0	857.015	87	118.756	0	16494.5	17632.9	0	3.00947e+06	335.099	293.573	0	4860	748.828	885.7	0.952562
5040	8.2006e+07	1131.39	7516	1380	221	208	0	1131.39	87	111.052	0	16504.9	17504.6	0	1.91006e+06	318.574	290.888	0	5040	745.681	884.107	0.950849
5220	7.43857e+07	1202.91	7799	889	223	210	0	1202.91	87	101.139	0	16684.3	17672.9	0	1.61078e+06	306.387	309.132	0	5220	747.218	882.517	0.949139
5400	9.71833e+07	808.688	6717	1044	226	212	0	808.688	87	161	0	16822.8	17905.1	0	3.7589e+06	315.749	287.814	0	5400	745.442	880.93	0.947432
5580	5.96826e+07	641.082	5242	824	224	208	0	641.082	87	130.923	0	16525.7	17813.3	0	1.56362e+06	332.579	329.497	0	5580	733.608	879.346	0.945728
5760	1.50199e+08	1561.08	11069	1836	215	211	0	1561.08	86	134.092	0	16710.4	17021	0	3.05924e+06	285.322	285.732	0	5760	722.7	877.764	0.944027
5940	1.40117e+08	1437.99	10517	1387	219	209	0	1437.99	86	135.353	0	16561.3	17404.9	0	1.73673e+06	293.839	330.011	0	5940	746.002	876.186	0.94233
6120	1.74486e+07	452.465	1880	2	219	209	0	452.465	87	78.5429	0	16511	17356.6	0	1.42335e+06	282.525	312.756	0	6120	720.648	874.61	0.940635
6300	1.01406e+08	1154.72	8083	1482	226	210	0	1154.72	87	125.68	0	16653.9	17893.1	0	1.80114e+06	312.05	278.765	0	6300	741.521	873.037	0.938943
6480	1.23451e+08	1027.27	7602	1172	222	219	0	1027.27	87	161	0	17308.5	17642.6	0	3.30112e+06	275.139	321.969	0	6480	741.432	871.467	0.937255
6660	1.96985e+08	1750.33	13660	1996	218	224	0	1750.33	87	151.832	0	17743	17322	0	5.9815e+06	287.578	334.008	0	6660	761.436	869.9	0.935569
6840	2.50268e+08	2373.38	17984	2720	221	223	0	2373.38	87	143.855	0	17689.2	17548.7	0	5.42602e+06	312.529	312.579	0	6840	772.795	868.335	0.933887
7020	2.18303e+08	1894.16	14200	2492	218	227	0	1894.16	87	155.01	0	18044.4	17341	0	3.11029e+06	342.286	338.323	0	7020	746.664	866.774	0.932207
7200	1.41704e+08	1356.22	10910	1425	218	227	0	1356.22	87	142.806	0	18013.5	17314.8	0	2.83214e+06	323.215	321.027	0	7200	765.943	865.215	0.930531
7380	1.17818e+08	1099.76	8859	1327	209	230	0	1099.76	86	145.705	0	18258.2	16611.9	0	1.81895e+06	320.01	331.457	0	7380	769.596	863.659	0.928857
7560	1.06486e+08	1078.62	8676	1094	211	229	0	1078.62	86	136.686	0	18168.4	16747.5	0	1.80944e+06	316.725	318.009	0	7560	752.961	862.106	0.927187
7740	2.13091e+08	1777.81	13935	2620	209	231	0	1777.81	87	160.611	0	18329.6	16618.4	0	5.23688e+06	313.759	333.078	0	7740	785.038	860.555	0.92552
7920	1.60995e+08	1449.92	11118	1836	209	232	0	1449.92	86.9999	150.101	0	18379.9	16593.3	0	2.96312e+06	299.449	318.24	0	7920	764.75	859.008	0.923855
8100	1.41919e+08	1252.76	10134	1478	209	233	0	1252.76	86.0001	152.696	0	18450.5	16552.4	0	1.91176e+06	290.883	290.826	0	8100	756.224	857.463	0.922194
8280	1.90252e+08	1583.14	11228	1720	206	230	0	1583.14	87	161	0	18294.9	16391.1	0	6.17568e+06	348.867	341.309	0	8280	753.543	855.921	0.920535
8460	1.35665e+08	1159.46	9294	820	205	231	0	1159.46	86	157.114	0	18390.8	16275.4	0	3.23962e+06	357.711	312.79	0	8460	748.376	854.382	0.91888
8640	1.71975e+08	1490.68	11587	1842	206	228	0	1490.68	86.9988	155.149	0	18084.7	16317.8	0	3.47459e+06	317.332	291.01	0	8640	776.595	852.845	0.917227
8820	2.2785e+08	1896.01	15642	1686	204	238	0	1896.01	86.0021	161	0	18823.6	16198.6	0	8.35008e+06	277.866	319.448	0	8820	782.717	851.311	0.915578
9000	1.33109e+08	1491.5	10947	2110	200	242	0	1491.5	87	127.083	0	19208.7	15901.4	0	3.70928e+06	318.595	334.478	0	9000	783.23	849.78	0.913931
9180	1.53537e+08	1609.18	11238	2140	199	247	0	1609.18	87	133.271	0	19615.1	15754.3	0	4.1275e+06	326.759	296.145	0	9180	800.52	848.252	0.912288
9360	1.65201e+08	1374.68	10568	1695	200	241	0	1374.68	87	161	0	19119.8	15895.5	0	6.30891e+06	322.04	322.33	0	9360	793.963	846.727	0.910647
9540	1.5471e+08	1505.97	11698	1519	203	240	0	1505.97	86	140.916	0	19062.9	16107.9	0	2.8395e+06	338.697	312.964	0	9540	805.791	845.204	0.909009
9720	1.4756e+08	1275.84	9873	1717	205	240	0	1275.84	86.0001	155.493	0	19061.2	16247.1	0	2.69322e+06	327.949	300.964	0	9720	768.737	843.684	0.907375
9900	1.23789e+08	1136.58	9237	1425	204	238	0	1136.58	87	147.693	0	18932.8	16189.7	0	2.8424e+06	361.371	322.071	0	9900	808.043	842.167	0.905743
10080	7.32854e+07	887.258	6879	1348	206	241	0	887.258	87	120.617	0	19077.4	16336.4	0	3.7488e+06	265.968	301.285	0	10080	776.042	840.652	0.904114
10260	1.26695e+08	1111.64	9557	1003	203	239	0	1111.64	87	153.5	0	18990.9	16105.6	0	4.26019e+06	344.152	308.133	0	10260	805.819	839.14	0.902488
10440	2.79363e+08	2970.99	21896	2909	204	243	0	2970.99	87	131.866	0	19274.1	16177	0	4.89877e+06	305.326	304.626	0	10440	800.603	837.631	0.900865
10620	1.35595e+08	1128.32	9257	1038	205	245	0	1128.32	87	161	0	19416.2	16271.8	0	2.45503e+06	303.333	312.044	0	10620	803.272	836.125	0.899245
10800	7.38384e+07	1103.26	7393	1219	199	244	0	1103.26	87	105.874	0	19355.5	15832.7	0	1.34143e+06	321.312	339.023	0	10800	815.992	834.621	0.897628
10980	1.33096e+08	1133.28	10050	1690	198	247	0	1133.28	87	157.641	0	19558.4	15715.6	0	5.18229e+06	290.558	319.345	0	10980	824.847	833.12	0.896013
11160	1.18652e+08	2039.62	11375	2141	195	246	0	2039.62	86	97.7157	0	19482.4	15520.9	0	2.93582e+06	283.699	351.069	0	11160	812.535	831.622	0.894402
11340	1.76379e+08	2033.19	14483	2204	190	248	0	2033.19	87	124.634	0	19695.1	15074.2	0	3.56111e+06	324.864	298.45	0	11340	803.622	830.126	0.892793
11520	1.24602e+08	1258.96	8838	1562	191	245	0	1258.96	86.9994	136.944	0	19466.6	15137.4	0	2.8585e+06	331.892	289.893	0	11520	796.086	828.634	0.891188
11700	1.38403e+08	1325.64	10528	1599	188	249	0	1325.64	87	142.719	0	19771.7	14900.3	0	3.38375e+06	329.373	303.151	0	11700	772.917	827.143	0.889585
11880	4.17388e+08	3473.2	26362	3457	186	247	0	3473.2	87	161	0	19566.5	14753.2	0	1.07008e+07	299.252	296.9	0	11880	791.566	825.656	0.887985
12060	6.09549e+08	5461.8	40378	5946	188	246	0	5461.8	86	150.748	0	19480.3	14948.2	0	2.78959e+07	286.132	327.262	0	12060	812.557	824.171	0.886388
12240	7.14534e+08	6978.48	48926	8347	189	245	0	6978.48	87	140.553	0	19414.1	15033.7	0	1.52848e+07	304.93	339.312	0	12240	821.946	822.689	0.884794
12420	3.10315e+08	3991.68	26626	4385	182	236	0	3991.68	87	115.992	0	18738.5	14458.2	0	5.8213e+06	333.343	328.665	0	12420	833.51	821.209	0.883203
12600	2.57878e+08	2379.14	18341	3106	191	238	0	2379.14	86.9999	147.108	0	18848.1	15162	0	5.36061e+06	287.247	306.203	0	12600	822.755	819.732	0.881615
12780	1.25603e+08	1724.7	10575	2155	196	233	0	1724.7	87	111.373	0	18444.6	15529.3	0	3.26315e+06	273.429	289.741	0	12780	811.161	818.258	0.880029
12960	1.3591e+08	1565.87	11576	1368	188	225	0	1565.87	87	124.679	0	17819.2	14939.2	0	3.08907e+06	289.289	324.679	0	12960	803.644	816.787	0.878447
13140	2.29308e+08	1928.77	14942	1926	190	224	0	1928.77	86.0001	159.407	0	17831.2	15060.7	0	5.81765e+06	354.941	293.023	0	13140	820.024	815.318	0.876867
13320	1.49292e+08	1242.3	10222	1730	187	219	0	1242.3	87	161	0	17390.8	14886.7	0	3.14446e+06	331.555	343.91	0	13320	820.723	813.852	0.87529
13500	2.40852e+08	2561.52	18750	2090	189	222	0	2561.52	87	131.862	0	17586.4	14999.7	0	3.22254e+06	295.414	313.701	0	13500	837.565	812.388	0.873716
13680	3.07226e+08	2556.51	19333	2438	190	221	0	2556.51	86	161	0	17491.7	15062.7	0	4.26178e+06	284.274	302.358	0	13680	836.472	810.927	0.872145
13860	1.47221e+08	1225.07	9724	1265	189	219	0	1225.07	87	161	0	17385.7	14989.7	0	6.14946e+06	321.781	316.31	0	13860	837.342	809.469	0.870576
14040	7.03392e+07	585.312	4772	1397	189	215	0	585.312	86	161	0	17139.8	15017.8	0	3.14456e+06	360.477	310.753	0	14040	820.24	808.013	0.869011
14220	6.25512e+07	938.628	6311	1017	191	213	0	938.628	86	105.608	0	16934.1	15184.1	0	1.94124e+06	318.751	328.601	0	14220	835.905	806.56	0.867448
14400	2.03641e+07	421.119	1097	56	191	213	0	421.119	86	88.3757	0	16827	15089	0	1.08446e+06	248.73	230.35	0	14400	829.898	805.109	0.865888
14580	4.79619e+06	63.0725	727	0	191	213	0	63.0725	86	114.39	0	16827	15150.7	0	691969	279.697	282.772	0	14580	829.95	803.661	0.864331
14760	1.02067e+07	87.944	1004	0	191	213	0	87.944	86	155.974	0	16827	15247	0	698608	249.823	350.635	0	14760	824.083	802.216	0.862776
14940	5.15444e+07	877.921	5340	1105	193	207	0	877.921	86.0001	98.2201	0	16449.3	15326.8	0	1.23751e+06	322.183	321.581	0	14940	830.392	800.773	0.861225
15120	2.34227e+07	238.37	1813	23	193	207	0	238.37	87	136.204	0	16511	15405	0	2.5076e+06	371.688	355.779	0	15120	842.016	799.333	0.859676
15300	3.99097e+07	905.702	4969	749	191	210	0	905.702	86.0004	84.1534	0	16674.5	15196.6	0	1.23428e+06	299.097	348.914	0	15300	816.099	797.896	0.85813
15480	1.07958e+08	1380.04	10090	941	191	209	0	1380.04	86	116.453	0	16588.1	15173.1	0	3.27394e+06	304.277	329.376	0	15480	861.573	796.461	0.856586
15660	9.34197e+07	938.937	7223	755	190	207	0	938.937	86	137.49	0	16462	15122.3	0	2.57907e+06	337.037	340.117	0	15660	856.613	795.029	0.855046
15840	1.55004e+08	1289.83	10498	1445	194	208	0	1289.83	87	161	0	16544.6	15409.5	0	4.80783e+06	337.762	325.091	0	15840	855.172	793.599	0.853508
16020	1.30702e+08	1931.01	12079	1904	192	211	0	1931.01	87	106.58	0	16720	15286	0	5.56256e+06	296.047	364.582	0	16020	863.793	792.172	0.851973
16200	3.15217e+06	144.137	1022	91	192	211	0	144.137	86	59	0	16827	15295.3	0	463476	335.198	293.146	0	16200	858.087	790.747	0.850441
16380	7.59933e+06	347.49	923	0	192	211	0	347.49	86	59	0	16827	15326	0	640630	392.851	378.377	0	16380	870.297	789.325	0.848912
16560	1.36671e+08	1326.68	10142	1509	198	213	0	1326.68	87	141.223	0	16929.4	15723.9	0	3.77317e+06	328.107	303.813	0	16560	864.385	787.905	0.847385
16740	1.52534e+08	1319.24	10393	1256	198	217	0	1319.24	86	155.454	0	17218	15733.5	0	4.92648e+06	308.25	324.642	0	16740	872.14	786.488	0.845861
16920	1.0816e+08	900.031	6970	1263	199	219	0	900.031	87	161	0	17400.1	15812.5	0	5.63409e+06	335.029	317.523	0	16920	883.666	785.074	0.84434
17100	7.88094e+07	880.642	6626	606	198	221	0	880.642	86	127.326	0	17520.8	15742.3	0	1.89106e+06	300.108	331.161	0	17100	881.647	783.662	0.842822
17280	3.02889e+07	252.042	974	0	198	221	0	252.042	87	161	0	17459	15800	0	2.30175e+06	263.336	377.225	0	17280	877.339	782.253	0.841306
17460	223956	10.2344	394	49	198	221	0	10.2344	87	59.0181	0	17472	15800	0	609593	274.718	328.396	0	17460	868.852	780.846	0.839793
17640	1.68198e+06	76.9111	874	304	198	221	0	76.9111	86	59	0	17535.9	15726.9	0	715124	319.607	336.367	0	17640	874.071	779.442	0.838283
17820	9.45093e+07	1815.74	10610	1525	205	222	0	1815.74	87	91.93	0	17589.7	16241.7	0	2.81773e+06	286.79	309.681	0	17820	870.825	778.04	0.836775
18000	6.65272e+06	79.097	612	0	205	222	0	79.097	86.0001	122.071	0	17696	16195	0	1.23601e+06	388.476	280.142	0	18000	886.267	776.641	0.83527
18180	1.41583e+06	64.7409	384	0	205	222	0	64.7409	87	59	0	17696	16195	0	1.06559e+06	345.216	313.728	0	18180	867.824	775.244	0.833768
18360	6.20152e+07	1597.24	8083	1662	206	226	0	1597.24	87	78.8173	0	17942.2	16322.7	0	1.75345e+06	346.816	323.541	0	18360	871.464	773.85	0.832269
18540	3.66209e+08	5688.2	32461	4827	205	228	0	5688.2	86.9997	103.506	0	18049.5	16300.1	0	9.39404e+06	277.897	342.468	0	18540	881.287	772.458	0.830772
18720	2.69497e+08	3494.77	23023	3944	205	231	0	3494.77	87	115.401	0	18321.4	16313.6	0	5.49371e+06	316.678	346.731	0	18720	877.087	771.069	0.829278
18900	1.95327e+08	2393.35	16384	2012	210	234	0	2393.35	87	119.673	0	18573.9	16665.4	0	3.144e+06	312.428	314.505	0	18900	908.902	769.682	0.827786
19080	3.77457e+08	4679.2	31844	3667	209	235	0	4679.2	86.0001	118.77	0	18638.3	16612.9	0	7.24233e+06	309.027	332.184	0	19080	890.297	768.298	0.826298
19260	4.19817e+08	4927.94	33439	4248	210	239	0	4927.94	86.0001	123.118	0	18983.2	16662.2	0	5.62091e+06	338.403	311.632	0	19260	883.201	766.917	0.824812
19440	3.70295e+08	4195.15	28547	4270	212	240	0	4195.15	87	126.12	0	19069.6	16808.5	0	6.53217e+06	339.038	299.602	0	19440	898.865	765.537	0.823328
19620	2.36036e+08	2270.86	16840	2569	214	232	0	2270.86	87	142.218	0	18433	16965.5	0	3.06584e+06	333.354	307.079	0	19620	890.607	764.161	0.821848
19800	2.24968e+08	3432.4	20651	3460	214	236	0	3432.4	87	104.587	0	18691.3	17005.4	0	6.41998e+06	284.641	344.679	0	19800	881.639	762.786	0.82037
19980	1.73012e+08	2300.26	15500	1970	214	232	0	2300.26	86.9999	113.611	0	18406.1	16951.9	0	4.36287e+06	330.923	297.837	0	19980	894.334	761.415	0.818895
20160	1.57225e+08	1752.54	11893	1952	209	234	0	1752.54	86	127.546	0	18516.5	16639.6	0	3.65425e+06	275.677	352.748	0	20160	879.866	760.045	0.817422
20340	7.75013e+07	732.633	5843	1018	215	239	0	732.633	86.0001	144.223	0	18910.6	17009.4	0	2.15505e+06	289.621	271.975	0	20340	864.63	758.678	0.815952
20520	1.51821e+08	1742.72	12210	1412	220	242	0	1742.72	86	124.994	0	19193	17473.4	0	3.09982e+06	314.088	329.902	0	20520	882.639	757.314	0.814484
20700	1.38728e+08	1968.67	13002	1468	217	242	0	1968.67	87	109.171	0	19228.2	17204.8	0	2.16952e+06	336.272	300.771	0	20700	884.63	755.952	0.81302
20880	9.45622e+07	1512.51	10035	1359	220	236	0	1512.51	86.9998	101.774	0	18705.4	17444.1	0	2.4034e+06	303.476	291.549	0	20880	878.305	754.593	0.811558
21060	9.6776e+07	953.191	7429	947	218	243	0	953.191	86	139.634	0	19342.7	17324.8	0	3.2552e+06	362.09	336.295	0	21060	889.85	753.236	0.810098
21240	5.60366e+07	617.485	4946	691	215	246	0	617.485	86	128.574	0	19501.4	17113.7	0	1.63032e+06	328.234	353.184	0	21240	874.771	751.881	0.808641
21420	5.17367e+07	1408.87	7182	788	218	252	0	1408.87	87	76.6008	0	20023.7	17298.1	0	2.46848e+06	324.803	302.312	0	21420	885.265	750.529	0.807187
21600	1.03821e+08	974.859	7578	628	222	251	0	974.859	86	145.007	0	19926.6	17588.5	0	3.5462e+06	331.832	297.654	0	21600	868.859	749.179	0.805735
21780	1.09009e+08	1971.09	11772	1557	221	255	0	1971.09	87	95.0175	0	20248.4	17513.9	0	2.91337e+06	329.998	292.296	0	21780	892.216	747.832	0.804286
21960	1.28838e+08	2619.45	14329	2042	222	255	0	2619.45	87	89.1781	0	20195.6	17587.6	0	2.54314e+06	288.208	296.322	0	21960	865.042	746.487	0.80284
22140	4.32902e+07	802.949	4929	832	221	254	0	802.949	87	93.703	0	20173.6	17574.4	0	2.28637e+06	306.348	338.118	0	22140	846.621	745.144	0.801396
22320	4.24455e+07	908.633	5910	445	227	258	0	908.633	86	86.7721	0	20465.1	18012.3	0	1.63509e+06	298.537	313.161	0	22320	846.488	743.804	0.799955
22500	5.73315e+06	262.157	1094	136	227	258	0	262.157	86	59	0	20540	18026	0	845763	302.169	316.688	0	22500	860.685	742.467	0.798516
22680	2.62963e+06	120.244	755	0	227	258	0	120.244	86	59	0	20442.1	17933	0	670365	304.004	274.65	0	22680	835.084	741.131	0.79708
22860	1.67556e+06	76.6172	759	0	227	258	0	76.6172	86	59	0	20540	18091	0	556030	293.722	324.58	0	22860	841.56	739.799	0.795647
23040	1.89379e+07	157.587	1377	101	227	258	0	157.587	87	161	0	20540	17933	0	1.19308e+06	312.218	251.837	0	23040	837.245	738.468	0.794216
23220	2.78336e+07	780.38	2510	423	227	258	0	780.38	87	75.4702	0	20394.1	17933	0	1.45212e+06	293.876	252.524	0	23220	831.276	737.14	0.792788
23400	5.9217e+07	1126.81	6328	1236	224	255	0	1126.81	87	92.4092	0	20256.6	17791.6	0	2.58002e+06	297.452	333.717	0	23400	834.359	735.814	0.791362
23580	6.21511e+07	1046.52	6877	771	227	259	0	1046.52	86	98.8529	0	20495.1	17985.5	0	1.31737e+06	271.946	280.917	0	23580	828.745	734.491	0.789939
23760	1.12044e+08	1467.8	10283	1463	225	260	0	1467.8	87	114.665	0	20641.6	17836	0	3.05306e+06	330.195	291.451	0	23760	843.928	733.17	0.788518
23940	8.64369e+07	1241.05	7923	1871	223	263	0	1241.05	87	108.407	0	20841.7	17693.7	0	3.29825e+06	298.202	308.85	0	23940	837.908	731.852	0.7871
24120	9.92583e+07	895.209	7767	925	221	263	0	895.209	86	149.918	0	20790.7	17507.9	0	4.60067e+06	272.803	296.968	0	24120	829.964	730.536	0.785684
24300	5.01933e+07	1285.42	6866	808	219	258	0	1285.42	87	79.0481	0	20441.9	17366.9	0	3.9027e+06	356.235	328.349	0	24300	820.119	729.222	0.784272
24480	3.77946e+07	1312.31	5585	1297	218	259	0	1312.31	87	67.7344	0	20539	17329.2	0	2.67255e+06	379.678	354.452	0	24480	862.027	727.91	0.782861
24660	4.12957e+07	343.633	3075	373	218	259	0	343.633	87	161	0	20579.4	17316.7	0	3.02555e+06	322.184	320.233	0	24660	839.475	726.601	0.781453
24840	4.31104e+06	35.8734	342	0	218	259	0	35.8734	86	161	0	20461	17380	0	966675	276.046	375.971	0	24840	844.482	725.295	0.780048
25020	8.26577e+07	1238.06	8077	1168	219	253	0	1238.06	86.0001	105.722	0	20106.8	17362.4	0	1.64529e+06	350.17	317.85	0	25020	829.177	723.99	0.778645
25200	8.62879e+07	776.549	6278	779	218	250	0	776.549	86.0001	150.192	0	19821.9	17261.6	0	1.79059e+06	311.273	299.407	0	25200	848.742	722.688	0.777245
25380	1.39536e+08	1550.22	11160	1860	221	251	0	1550.22	86	127.84	0	19906	17579.5	0	4.81229e+06	312.307	354.873	0	25380	851.841	721.389	0.775847
25560	7.95068e+07	1646.04	9428	1436	219	251	0	1646.04	86.4093	88.322	0	19910.1	17410.9	0	1.54044e+06	328.049	347.392	0	25560	841.12	720.091	0.774452
25740	1.49271e+08	1452.24	11235	2342	223	253	0	1452.24	87	140.976	0	20077.7	17689.5	0	5.81145e+06	331.157	300.394	0	25740	844.588	718.796	0.773059
25920	1.30281e+08	1257.19	9251	2003	221	254	0	1257.19	87	141.881	0	20115.8	17514.8	0	3.13223e+06	298.816	304.385	0	25920	860.166	717.504	0.771669
26100	9.7212e+07	1234.64	8732	1295	218	255	0	1234.64	87	116.935	0	20196.1	17294.1	0	2.39857e+06	282.344	318.377	0	26100	838.521	716.213	0.770281
26280	1.04919e+08	1065.2	8000	1334	216	256	0	1065.2	86.0005	136.448	0	20270.8	17144.3	0	1.4645e+06	288.796	322.869	0	26280	832.497	714.925	0.768896
26460	1.5791e+07	183.432	1973	115	216	256	0	183.432	87	123.988	0	20255.3	17170.9	0	888463	286.589	326.921	0	26460	835.594	713.64	0.767513
26640	7.77534e+07	1737.23	10158	974	219	256	0	1737.23	86.0001	84.8422	0	20297.6	17388.4	0	3.31264e+06	302.992	320.648	0	26640	842.281	712.356	0.766133
26820	1.21544e+08	1527.96	10315	2082	219	253	0	1527.96	87	117.704	0	20058.1	17379.5	0	5.35431e+06	309.398	337.251	0	26820	833.209	711.075	0.764755
27000	1.06666e+08	1354.01	9129	1603	217	256	0	1354.01	87	116.974	0	20273.2	17255.6	0	4.02492e+06	304.185	351.904	0	27000	823.465	709.796	0.763379
27180	7.35635e+07	1029.1	6993	1309	222	256	0	1029.1	86	110.118	0	20311.2	17603.3	0	1.56184e+06	311.74	292.721	0	27180	843.839	708.52	0.762007
27360	2.93644e+07	383.192	2941	652	222	256	0	383.192	87	114.945	0	20300.1	17686.9	0	1.47954e+06	308.556	343.777	0	27360	824.638	707.246	0.760636
27540	2.72432e+07	226.698	1477	137	222	256	0	226.698	86	161	0	20224	17696	0	2.3429e+06	227.631	361.457	0	27540	839.817	705.974	0.759268
27720	1.81069e+07	158.665	1004	92	222	256	0	158.665	86	153.674	0	20224	17696	0	1.5821e+06	232.257	360.817	0	27720	835.512	704.704	0.757903
27900	5.93177e+07	730.204	6057	331	221	253	0	730.204	86.0001	119.312	0	20069.9	17540.5	0	2.34598e+06	304.697	315.699	0	27900	834.964	703.437	0.75654
28080	5.77438e+07	854.473	5750	977	217	252	0	854.473	87	106.48	0	19997.1	17242	0	2.32533e+06	321.871	345.21	0	28080	843.702	702.172	0.755179
28260	1.18621e+08	1975.83	12220	1839	220	253	0	1975.83	87	99.458	0	20069.7	17461.7	0	1.78126e+06	311.354	310.904	0	28260	825.249	700.909	0.753821
28440	2.56837e+08	2996.61	20384	2815	222	251	0	2996.61	86.9985	123.621	0	19875.4	17635.4	0	6.90159e+06	298.323	334.808	0	28440	826.146	699.648	0.752466
28620	1.55405e+08	1830.75	12910	2277	222	250	0	1830.75	87	122.823	0	19849.2	17608.5	0	6.46476e+06	342.578	320.192	0	28620	819.227	698.39	0.751112
28800	1.81703e+08	2062.02	14974	1516	224	250	0	2062.02	86	125.975	0	19838.8	17745.5	0	4.81294e+06	336.589	283.889	0	28800	801.058	697.134	0.749762
