MS2-QUANT	v0j
Region DEFINITION, 05-Apr-2021
COMMENT	Outline definition performed in MS2-QUANT (Main program)
FILE	MAX_20201217_RI516_C12MS2128TkTat_001_visit_26.tif
PATH	/Volumes/EBL/20201217/
PARAMETERS
Pix-XY	Pix-Z	RI	Ex	Em	NA	dT	Type
79	600	1.458	488	521	1.4	180	widefield
ANALYSIS-SETTINGS	
IMAGING-BACKGROUND	150
LIMIT-FIT-SIGMA-XY-MIN	44
LIMIT-FIT-SIGMA-XY-MAX	172
LIMIT-FIT-SIGMA-Z-MIN	0
LIMIT-FIT-SIGMA-Z-MAX	0
LIMIT-FIT-BGD-MIN	64
LIMIT-FIT-BGD-MAX	65
DETECTION-THRESHOLD	500
REGION	TxSite
X_POS	247	247	247	248	248	249	249	249	249	250	250	250	250	251	251	251	251	252	252	252	252	253	253	253	254	254	254	254	254	254	255	255	255	256	256	256	256	257	257	257	257	258	258	258	258	258	259	259	259	259	260	260	260	260	260	261	261	261	261	261	261	261	261	261	261	261	261	261	261	261	261	260	260	260	260	260	259	259	259	259	259	259	258	258	258	258	258	258	258	258	257	257	257	257	256	256	256	256	255	255	255	254	254	253	252	252	251	251	250	250	250	249	249	249	248	248	247	247	246	246	245	245	244	244	243	243	242	242	241	240	240	239	239	238	238	237	237	237	236	236	235	235	234	234	233	233	232	232	231	230	230	229	229	228	228	227	227	226	226	225	225	224	224	223	223	222	221	221	220	220	219	219	218	218	217	217	216	216	215	215	214	214	213	213	212	212	211	211	210	210	209	209	208	208	207	207	206	206	205	205	204	204	203	203	203	202	201	201	200	200	200	200	199	199	199	198	198	198	197	197	197	197	196	196	196	196	195	195	195	195	194	194	194	193	193	193	193	193	192	192	192	192	191	191	191	191	191	191	191	191	190	190	190	190	190	190	190	190	190	190	190	191	191	191	191	191	191	191	192	192	192	192	192	193	193	193	194	194	195	195	196	196	197	197	198	198	199	199	200	200	201	201	202	202	203	204	204	205	205	206	206	206	207	207	208	208	208	208	209	209	210	210	210	210	210	211	211	211	211	211	212	212	212	212	212	212	212	212	212	212	212	212	212	212	212	212	212	212	212	212	212	211	211	211	211	211	210	210	209	209	209	208	208	207	207	206	206	205	205	205	204	204	203	203	202	202	201	201	200	200	200	199	199	199	198	198	197	197	196	196	195	195	195	194	194	193	193	193	193	193	192	192	192	192	192	192	192	192	192	193	193	193	193	193	193	194	194	194	194	194	195	195	195	195	195	196	196	196	196	196	196	197	197	197	197	197	198	198	198	199	199	200	200	200	200	201	201	201	202	202	202	203	203	203	204	204	204	205	205	205	206	206	206	207	207	207	208	208	209	209	209	209	210	210	210	210	211	211	211	212	212	212	213	213	213	213	214	214	215	215	215	216	216	217	217	218	219	219	220	220	221	221	222	222	223	223	224	224	225	225	226	226	227	227	228	228	229	229	230	230	231	231	232	232	233	233	234	234	235	235	236	236	236	237	237	237	238	238	238	239	239	239	239	240	240	240	240	240	240	241	241	241	241	242	242	242	242	242	242	243	243	243	243	243	243	244	244	244	244	244	245	245	245	245	245	245	245	246	246	246	246	246	246	246	246	246	246	246	246	246	246	246	246	246	246	246	246	246	246	246	246	246	246	245	245	245	245	245	245	245	245	245	245	245	245	245	245	245	245	END
Y_POS	102	102	102	101	101	101	100	100	100	100	99	99	99	99	98	98	98	98	97	97	96	96	96	95	95	95	94	94	94	93	93	93	92	92	92	91	91	91	90	90	90	90	89	89	89	88	88	88	87	87	87	86	86	85	85	85	84	84	83	83	82	82	81	81	80	80	79	79	78	78	78	77	77	76	76	76	75	75	74	74	74	73	73	73	72	72	72	71	71	70	70	70	70	69	69	68	68	68	68	67	67	67	67	67	66	66	66	66	66	66	65	65	65	65	65	65	65	65	65	65	64	64	64	64	64	64	64	64	64	64	64	64	64	64	64	64	64	64	64	64	64	63	63	63	63	63	63	63	63	63	63	63	63	63	63	63	63	62	62	62	62	62	62	62	62	62	62	62	62	62	62	62	62	62	62	62	62	62	62	62	62	62	62	62	62	62	62	62	62	62	62	62	62	62	62	62	62	62	62	62	62	62	62	63	63	63	64	64	64	64	64	65	65	65	66	66	66	67	67	67	67	68	68	68	68	69	69	69	69	70	70	70	70	70	71	71	71	72	72	72	72	73	73	73	74	74	74	75	75	76	76	76	77	77	78	78	79	79	80	80	81	81	81	82	82	82	83	83	83	84	84	84	85	85	86	86	86	87	87	87	87	87	88	88	88	88	88	88	88	88	88	89	89	89	89	89	89	89	89	89	89	89	89	89	89	90	90	90	90	91	91	91	91	92	92	92	93	93	94	94	94	95	95	95	96	96	97	97	98	98	99	99	100	100	101	101	102	102	103	103	103	104	104	105	105	105	105	106	106	106	106	106	106	107	107	107	107	107	107	107	107	107	107	107	107	107	107	107	107	108	108	108	108	108	108	108	109	109	109	109	109	110	110	110	111	111	112	112	112	113	113	113	114	114	115	115	116	116	117	117	117	118	118	119	119	119	120	120	120	121	121	121	122	122	122	122	123	123	123	124	124	124	125	125	125	126	126	126	126	127	127	127	128	128	128	128	129	129	129	130	130	130	130	130	131	131	131	131	132	132	132	132	132	132	133	133	133	133	133	134	134	134	134	135	135	135	135	136	136	136	136	136	136	137	137	137	137	137	137	138	138	138	138	138	138	138	138	138	138	138	138	138	138	138	138	138	138	138	138	138	138	138	138	138	138	138	138	138	138	138	138	138	138	138	138	138	138	138	138	138	138	138	138	138	138	137	137	137	137	136	136	136	135	135	134	134	134	133	133	133	132	132	132	132	131	131	131	130	130	130	129	129	128	128	128	128	127	127	126	126	126	125	125	124	124	124	123	123	123	122	122	121	121	121	120	120	119	119	118	118	117	117	116	116	115	115	115	114	114	113	113	112	112	112	111	111	110	110	109	109	108	108	107	107	106	106	105	105	104	END
QUANTIFICATION
Time[s]	Q_Integrate	Q_AMP	Q_Sum_pix	Q_MIP_int	Pix_Y	Pix_X	Pix_Z	AMP	BGD	SigmaXY	SigmaZ	MuY	MuX	MuZ	RES	Cent_Y	Cent_X	Cent_Z	OPB_time	OPB_INT	OPB_FIT	OPB_FIT_norm
0	1.0772e+06	88.5548	629	132	75	220	0	88.5548	64	44	0	17432.9	5982.51	0	292257	346.377	291.871	0	0	816.438	1024.9	1
180	2.4806e+06	55.047	366	161	75	220	0	55.047	64.2156	85.1459	0	17538	6083	0	516491	349.184	326.466	0	180	826.104	1023.06	0.998202
360	3.0644e+06	251.918	340	0	75	220	0	251.918	64	44	0	17538	6007.91	0	437551	318.075	364.533	0	360	816.834	1021.22	0.996406
540	935173	76.8788	468	0	75	220	0	76.8788	64	44	0	17380	5925	0	221694	277.385	324.381	0	540	792.89	1019.38	0.994615
720	3.55271e+06	57.307	175	1	75	220	0	57.307	65	101.285	0	17380	6083	0	588556	310.272	343.718	0	720	821.611	1017.55	0.992826
900	1.91562e+06	36.9957	476	0	75	220	0	36.9957	64	91.6717	0	17380	6083	0	266660	292.439	370.69	0	900	820.014	1015.72	0.99104
1080	1.22672e+06	100.847	328	77	75	220	0	100.847	64	44	0	17538	6004.15	0	184233	352.334	265.383	0	1080	826.856	1013.89	0.989258
1260	2.05782e+06	169.17	428	0	75	220	0	169.17	64	44	0	17538	6007.15	0	201294	349.691	326.632	0	1260	826.596	1012.07	0.987479
1440	5.31648e-09	4.37058e-13	169	22	75	220	0	4.37058e-13	64	44	0	17380	5925	0	360800	307.831	271.284	0	1440	813.54	1010.25	0.985703
1620	2.27889e+06	187.343	467	0	75	220	0	187.343	65	44	0	17538	6008.44	0	906249	298.519	338.354	0	1620	821.751	1008.43	0.983931
1800	3.80682e+06	312.952	1194	5	75	220	0	312.952	64	44	0	17482.6	5931.83	0	192770	287.083	309.78	0	1800	812.488	1006.62	0.982161
1980	2.12356e+06	174.573	457	41	75	220	0	174.573	64	44	0	17538	6081.06	0	226348	279.412	365.248	0	1980	805.617	1004.81	0.980395
2160	1.47516e+07	147.652	685	275	75	220	0	147.652	64	137.923	0	17380	6083	0	1.30733e+06	206.965	339.696	0	2160	801.967	1003	0.978632
2340	1.07942e+07	83.9361	565	8	75	220	0	83.9361	65	172	0	17380	6083	0	814049	221.951	345.506	0	2340	804.394	1001.2	0.976872
2520	625563	51.4264	183	0	75	220	0	51.4264	64	44	0	17384.3	6083	0	279261	310.56	365.24	0	2520	802.226	999.398	0.975115
2700	211056	17.3505	394	77	75	220	0	17.3505	64	44	0	17510	6083	0	410068	277.897	363.551	0	2700	832.996	997.601	0.973361
2880	6.55442e+07	602	4287	1275	75	220	0	602	64	147.653	0	17381.2	5960.13	0	2.63915e+06	263.114	292.577	0	2880	798.694	995.807	0.971611
3060	1.07055e+06	88.008	667	19	75	220	0	88.008	64	44	0	17380	6011.34	0	193899	289.226	280.409	0	3060	807.372	994.016	0.969863
3240	7.39609e+07	789.951	6427	972	87	217	0	789.951	65	131.458	0	17205.1	6917.01	0	2.04684e+06	314.692	277.328	0	3240	809.645	992.228	0.968119
3420	3.4299e+07	288.221	1728	424	87	217	0	288.221	64	159.548	0	17301	7031	0	1.39268e+06	385.056	403.571	0	3420	823.881	990.444	0.966378
3600	0.00119152	9.79525e-08	189	53	87	217	0	9.79525e-08	64	44	0	17143	7031	0	459681	237.461	393.003	0	3600	818.489	988.663	0.96464
3780	1.52701e+07	183.041	377	16	87	217	0	183.041	64	121.412	0	17301	7031	0	1.00771e+06	361.608	412.219	0	3780	808.663	986.885	0.962905
3960	3.36902e+07	333.916	1119	0	87	217	0	333.916	64	138.962	0	17271.3	7031	0	2.55321e+06	357.932	452.726	0	3960	802.683	985.11	0.961174
4140	1.73921e+07	163.176	377	0	87	217	0	163.176	64	145.103	0	17301	7031	0	872091	447.765	358.8	0	4140	814.612	983.338	0.959445
4320	6.30195e+07	662.04	4808	787	88	219	0	662.04	64.0001	133.044	0	17389.1	7064.33	0	1.03964e+06	315.802	330.305	0	4320	813.274	981.57	0.95772
4500	4.35354e+06	259.684	885	68	88	219	0	259.684	65	51.6548	0	17301	7094.77	0	1.6125e+06	420.282	326.585	0	4500	821.57	979.805	0.955997
4680	9.90615e+06	161.331	251	0	88	219	0	161.331	64	100.733	0	17301	7110	0	1.07079e+06	270.658	403.052	0	4680	816.409	978.043	0.954278
4860	7.23149e+06	56.2327	636	0	88	219	0	56.2327	64	171.999	0	17307.3	7110	0	672178	287.134	390.664	0	4860	802.687	976.284	0.952562
5040	2.98799e+06	245.637	525	0	88	219	0	245.637	64	44	0	17359.9	7110	0	238927	259.753	335.477	0	5040	813.153	974.528	0.950849
5220	1.39159e+08	1238	10019	933	96	227	0	1238	64	151.675	0	18021.3	7646.45	0	3.69626e+06	329.817	309.353	0	5220	820.296	972.775	0.949139
5400	1.61454e+08	1428.1	10866	1179	103	233	0	1428.1	64.0001	152.428	0	18467.9	8213.04	0	2.93135e+06	311.147	318.056	0	5400	802.437	971.026	0.947432
5580	1.2143e+06	99.8251	302	1	103	233	0	99.8251	64	44	0	18565	8273.83	0	381712	293.638	322.323	0	5580	816.504	969.28	0.945728
5760	8.86362e+07	1042.4	7508	1264	115	232	0	1042.4	64.0001	122.963	0	18419.2	9192.68	0	2.15347e+06	326.261	334.914	0	5760	804.372	967.537	0.944027
5940	6.24169e+07	647.303	5096	815	113	232	0	647.303	65	134.308	0	18402.7	8962.33	0	1.30439e+06	309.276	279.91	0	5940	790.791	965.797	0.94233
6120	5.84376e+06	472.884	1186	111	113	232	0	472.884	65	44.3485	0	18460.1	9085	0	548547	302.337	312.241	0	6120	815.599	964.06	0.940635
6300	2.9847e+06	245.366	752	184	113	232	0	245.366	64	44	0	18478.9	8944.91	0	444825	281.305	275.103	0	6300	822.136	962.326	0.938943
6480	2.03731e+06	129.29	540	84	113	232	0	129.29	64	50.0793	0	18328	8927	0	395362	325.791	262.223	0	6480	833.591	960.595	0.937255
6660	6.55025e+07	1238.69	7130	1173	110	226	0	1238.69	65	92.7212	0	17904.3	8769.09	0	1.39492e+06	313.538	299.667	0	6660	820.085	958.868	0.935569
6840	5.0054e+06	411.485	702	52	110	226	0	411.485	64	44	0	17881.8	8848	0	602223	364.61	308.669	0	6840	860.054	957.143	0.933887
7020	7.47385e+07	682.945	5035	1527	99	226	0	682.945	64.0001	148.281	0	17897.9	7929.55	0	2.73656e+06	292.665	327.303	0	7020	834.572	955.422	0.932207
7200	9.64579e+07	1506.11	8886	1582	106	222	0	1506.11	65	103.193	0	17637.5	8437.09	0	2.31826e+06	325.796	304.897	0	7200	854.431	953.704	0.930531
7380	8.05473e+07	832.582	6781	910	108	228	0	832.582	64.0001	134.635	0	18108.6	8600.11	0	2.24794e+06	326.967	298.401	0	7380	864.843	951.989	0.928857
7560	6.07023e+06	499.022	1790	266	108	228	0	499.022	65	44	0	18048.3	8582.08	0	437241	311.772	310.893	0	7560	851.448	950.277	0.927187
7740	1.15829e+07	952.21	1879	424	108	228	0	952.21	65	44	0	18117.6	8681.76	0	519285	343.408	338.763	0	7740	873.411	948.568	0.92552
7920	3.45267e+06	26.8481	422	0	108	228	0	26.8481	65	172	0	18170	8592.98	0	532140	346.931	323.995	0	7920	862.197	946.862	0.923855
8100	5.87754e+06	483.182	1045	0	108	228	0	483.182	65	44	0	18170	8542.24	0	681244	387.872	357.368	0	8100	861.269	945.159	0.922194
8280	2.27205e+06	186.781	380	0	108	228	0	186.781	64	44	0	18012	8612.25	0	349421	387.506	371.199	0	8280	848.724	943.459	0.920535
8460	2.4709e+07	192.139	534	0	108	228	0	192.139	65	172	0	18170	8690	0	1.17029e+06	384.566	383.174	0	8460	872.735	941.763	0.91888
8640	1.31554e+08	1596.01	11133	1242	112	229	0	1596.01	64.0001	120.453	0	18186.5	8922.53	0	2.75884e+06	329.282	322.486	0	8640	844.28	940.069	0.917227
8820	1.02185e+08	1203.3	8627	1426	119	229	0	1203.3	65	122.856	0	18124.3	9446.32	0	2.07342e+06	268.201	288.984	0	8820	859.302	938.378	0.915578
9000	3.2848e+08	3397.54	24626	3052	116	226	0	3397.54	64	134.571	0	17968.5	9212.65	0	5.00469e+06	353.396	291.488	0	9000	867.112	936.691	0.913931
9180	2.25189e+08	1751.08	14365	1925	118	227	0	1751.08	65	172	0	18001.3	9369.61	0	3.8832e+06	312.921	295.444	0	9180	865.841	935.006	0.912288
9360	8.90376e+07	938.329	6555	1456	116	230	0	938.329	65	132.738	0	18216.8	9273.9	0	1.87653e+06	297.295	331.086	0	9360	864.414	933.325	0.910647
9540	4.42752e+06	363.978	1211	186	116	230	0	363.978	65	44	0	18262.4	9194.14	0	584060	344.17	324.502	0	9540	877.276	931.646	0.909009
9720	2.79661e+06	157.94	731	167	116	230	0	157.94	65	53.0864	0	18259.2	9164	0	428797	279.59	328.32	0	9720	900.28	929.971	0.907374
9900	2.39407e+06	196.812	624	198	116	230	0	196.812	64	44	0	18192.3	9235.05	0	346695	275.518	342.628	0	9900	886.007	928.298	0.905743
10080	1.51705e+06	60.0162	655	9	116	230	0	60.0162	64	63.4391	0	18170	9232.12	0	355079	296.953	347.755	0	10080	885.285	926.629	0.904114
10260	6.38191e+07	1701.91	7984	1567	131	223	0	1701.91	65	77.4241	0	17682.9	10459.2	0	1.24801e+06	299.763	352.833	0	10260	873.272	924.963	0.902488
10440	5.88405e+07	854.758	5678	993	132	219	0	854.758	65	107.653	0	17343.2	10481	0	1.57216e+06	274.935	293.793	0	10440	895.583	923.299	0.900865
10620	4.28879e+07	812.628	4642	950	132	214	0	812.628	64	92.6228	0	17007.8	10474.6	0	973465	328.841	298.066	0	10620	872.183	921.639	0.899245
10800	2.73536e+07	212.703	1926	54	132	214	0	212.703	65	172	0	16906	10428	0	1.04506e+06	282.297	276.53	0	10800	881.093	919.981	0.897628
10980	5.12674e+06	421.46	1070	152	132	214	0	421.46	65	44	0	16992.8	10575.2	0	989545	356.496	357.894	0	10980	868.008	918.327	0.896013
11160	1.21307	9.97244e-05	216	7	132	214	0	9.97244e-05	64	44	0	16982.2	10503.5	0	467244	360.904	285.214	0	11160	894.575	916.675	0.894402
11340	2.70171e+06	222.102	963	63	132	214	0	222.102	64	44	0	17064	10586	0	338530	321.265	309.522	0	11340	879.507	915.027	0.892793
11520	861268	70.7995	396	0	132	214	0	70.7995	64	44.0012	0	16906	10579	0	241329	291.685	307.82	0	11520	874.141	913.381	0.891188
11700	4.52223e+06	371.764	819	6	132	214	0	371.764	64	44	0	17027.7	10586	0	263237	330.487	383.369	0	11700	889.389	911.739	0.889585
11880	1.16916e+06	96.1146	717	22	132	214	0	96.1146	64	44	0	17064	10428	0	247024	361.123	281.66	0	11880	878.008	910.099	0.887985
12060	6.93365e+07	948.102	6421	603	120	205	0	948.102	64	111.659	0	16250.5	9604.15	0	2.21838e+06	298.115	362.644	0	12060	900.747	908.462	0.886388
12240	9.6887e+07	950.429	7491	1135	118	205	0	950.429	65	140.072	0	16318.6	9356.25	0	2.55019e+06	345.395	281.533	0	12240	904.465	906.828	0.884794
12420	2.741e+07	216.483	538	55	118	205	0	216.483	65	169.314	0	16195	9480	0	1.46804e+06	210.399	336.807	0	12420	897.215	905.198	0.883203
12600	8.88751e+07	1363.61	8094	1702	116	205	0	1363.61	64.0001	104.246	0	16246	9225.32	0	2.34169e+06	307.028	300.344	0	12600	932.747	903.57	0.881615
12780	8.92137e+07	1113.7	7393	1184	120	208	0	1113.7	64	118.236	0	16485.4	9567.01	0	2.13238e+06	294.281	312.905	0	12780	902.955	901.945	0.880029
12960	6.61442e+07	892.619	6155	532	120	207	0	892.619	64	112.567	0	16453.4	9587.61	0	1.5015e+06	327.702	343.53	0	12960	926.772	900.323	0.878447
13140	9.68517e+06	129.375	984	169	120	207	0	129.375	64	113.28	0	16353	9638	0	862855	269.85	367.098	0	13140	895.542	898.704	0.876867
13320	5.79128e+07	983.117	6409	1259	125	206	0	983.117	65	98.403	0	16358.2	9959.25	0	1.11195e+06	321.438	326.805	0	13320	908.981	897.087	0.87529
13500	3.27552e+07	487.774	2477	1	125	206	0	487.774	65	106.084	0	16274	10033	0	1.29759e+06	276.237	366.443	0	13500	903.904	895.474	0.873716
13680	8.57575e+07	1333.17	8697	1153	122	205	0	1333.17	65	103.455	0	16276.3	9703.49	0	1.45531e+06	333.334	323.797	0	13680	904.255	893.864	0.872145
13860	1.29268e+08	1167.72	8373	1468	123	204	0	1167.72	64.0001	149.718	0	16217.1	9756.28	0	2.528e+06	329.386	294.242	0	13860	927.554	892.256	0.870576
14040	1.16414e+08	1267.37	8956	1471	121	204	0	1267.37	64	129.676	0	16249.9	9667.43	0	2.86129e+06	360.679	341.339	0	14040	916.232	890.652	0.869011
14220	2.64812e+07	240.29	1513	237	121	204	0	240.29	65	149.152	0	16274	9717	0	2.05601e+06	384.965	343.603	0	14220	934.776	889.05	0.867448
14400	16358.9	1.34473	321	0	121	204	0	1.34473	64	44.0017	0	16274	9636.55	0	262116	370.955	335.318	0	14400	933.905	887.451	0.865888
14580	3.02776e+07	235.44	817	194	121	204	0	235.44	65	172	0	16274	9559	0	1.78021e+06	399.196	288.56	0	14580	950.661	885.855	0.864331
14760	2.83266e+06	232.867	938	194	121	204	0	232.867	65	44	0	16234.1	9585.84	0	466201	323.17	306.489	0	14760	918.44	884.262	0.862776
14940	6.82834e+07	790.746	6134	592	120	209	0	790.746	64	124.248	0	16583.7	9531.58	0	2.10452e+06	306.935	289.391	0	14940	936.034	882.672	0.861225
15120	9.42204e+07	903.682	7075	1071	120	211	0	903.682	64	142.566	0	16701	9547.5	0	4.6121e+06	278.395	294.643	0	15120	923.912	881.084	0.859676
15300	8.57087e+07	1834.69	9764	1971	121	212	0	1834.69	65	86.774	0	16838.9	9658.61	0	2.48169e+06	300.039	315.774	0	15300	945.222	879.5	0.85813
15480	1.78586e+08	1697.5	13496	2332	116	214	0	1697.5	65	143.59	0	16943	9253.95	0	7.30622e+06	283.425	333.675	0	15480	956.175	877.918	0.856586
15660	2.14047e+08	1664.44	12206	1452	118	217	0	1664.44	64.0002	172	0	17194.5	9379	0	7.25632e+06	295.034	299.476	0	15660	942.57	876.339	0.855046
15840	3.24579e+08	3545.96	25603	3953	120	217	0	3545.96	65	129.357	0	17220.6	9531.5	0	8.03489e+06	319.556	289.368	0	15840	968.522	874.763	0.853508
16020	3.20484e+08	2662.89	21300	2313	122	220	0	2662.89	64.0001	161.222	0	17487.6	9703.8	0	9.44151e+06	334.513	304.196	0	16020	952.383	873.19	0.851973
16200	3.37497e+08	3065.97	23337	3111	122	217	0	3065.97	64.9999	149.008	0	17186.9	9711.57	0	6.89089e+06	285.352	320.956	0	16200	963.642	871.62	0.850441
16380	3.28872e+08	2941.12	21531	2906	124	219	0	2941.12	64.0002	150.997	0	17393.1	9872.55	0	6.41807e+06	323.674	311.965	0	16380	960.516	870.052	0.848912
16560	3.25583e+08	2712.83	21027	2096	123	218	0	2712.83	64	160.803	0	17317.1	9796.75	0	6.79757e+06	329.011	311.105	0	16560	942.609	868.488	0.847385
16740	2.82568e+08	2627.14	19943	2962	124	219	0	2627.14	65	146.179	0	17380	9858.16	0	8.21827e+06	319.756	305.478	0	16740	963.726	866.926	0.845861
16920	2.44566e+08	2427.57	17625	2517	121	224	0	2427.57	64	138.805	0	17792.8	9648.43	0	4.93717e+06	331.825	324.867	0	16920	969.696	865.367	0.84434
17100	2.49782e+08	2282.01	16621	2224	122	226	0	2282.01	64	148.305	0	17981.3	9735.23	0	6.72113e+06	357.043	323.566	0	17100	951.528	863.81	0.842822
17280	4.21038e+08	4655.97	32018	4359	119	228	0	4655.97	64.9998	128.256	0	18083.8	9507.65	0	5.63986e+06	307.783	337.64	0	17280	987.641	862.257	0.841306
17460	2.86311e+08	2728.93	20538	3418	114	229	0	2728.93	65	143.276	0	18172.3	9108.88	0	8.29994e+06	308.509	326.526	0	17460	979.005	860.706	0.839793
17640	2.52439e+08	2333.95	17179	1706	118	235	0	2333.95	64.6483	146.849	0	18646.6	9387.59	0	8.56311e+06	318.048	310.311	0	17640	973.991	859.158	0.838283
17820	1.9371e+08	1660.08	13137	1532	118	234	0	1660.08	64	156.728	0	18600	9370	0	5.71086e+06	341.418	290.384	0	17820	987.118	857.613	0.836775
18000	2.75116e+08	2433.96	20440	2363	110	232	0	2433.96	64	152.402	0	18425.5	8806.48	0	1.08218e+07	330.999	347.826	0	18000	994.417	856.071	0.83527
18180	1.94461e+08	1562.45	13298	1760	104	230	0	1562.45	65	166.465	0	18248.7	8281.05	0	7.42073e+06	311.789	294.77	0	18180	982.923	854.531	0.833768
18360	1.41824e+08	1672.26	11801	1567	104	229	0	1672.26	64	122.749	0	18138	8301.46	0	3.34448e+06	275.449	316.291	0	18360	959.316	852.995	0.832269
18540	9.13645e+07	861.957	6412	923	103	235	0	861.957	64	144.456	0	18623.6	8194.91	0	2.68945e+06	297.131	296.589	0	18540	982.557	851.461	0.830772
18720	1.43033e+08	1591.49	12076	1281	102	232	0	1591.49	64.9999	127.705	0	18408.9	8145.4	0	3.93656e+06	310.65	322.335	0	18720	972.041	849.929	0.829278
18900	1.20133e+08	1980.46	11077	2472	103	229	0	1980.46	65	100.04	0	18134.3	8191.12	0	3.48755e+06	294.87	288.361	0	18900	965.51	848.401	0.827786
19080	2.08847e+08	3022.06	19260	2718	105	230	0	3022.06	64.9999	107.903	0	18262.7	8389.36	0	4.27777e+06	322.302	315.163	0	19080	971.49	846.875	0.826298
19260	6.03074e+08	6013.08	43057	5668	103	231	0	6013.08	64.9999	138.329	0	18365	8212.81	0	2.16217e+07	347.619	313.731	0	19260	959.304	845.352	0.824812
19440	2.86655e+08	2826.96	19842	4521	97	236	0	2826.96	65	139.498	0	18673.6	7698.33	0	1.13557e+07	269.045	284.839	0	19440	978.672	843.832	0.823328
19620	1.11842e+08	1008.81	8378	706	99	234	0	1008.81	65	149.904	0	18548.2	7876.78	0	4.41737e+06	289.681	299.744	0	19620	983.938	842.314	0.821848
19800	9.98645e+07	956.597	6870	907	94	233	0	956.597	64.0021	142.71	0	18452.3	7483.18	0	2.95011e+06	294.733	299.055	0	19800	986.258	840.8	0.82037
19980	9.00562e+07	986.332	7552	1264	89	229	0	986.332	65	129.127	0	18210.7	7084.44	0	3.96968e+06	361.629	313.929	0	19980	975.602	839.287	0.818894
20160	7.09982e+07	904.771	5924	842	88	230	0	904.771	65	116.683	0	18259	6984.85	0	3.72735e+06	345.93	293.504	0	20160	979.192	837.778	0.817422
20340	1.01381e+08	1639.97	10411	1184	87	226	0	1639.97	65	101.121	0	17928.9	6969.73	0	3.95832e+06	328.06	334.238	0	20340	957.018	836.271	0.815952
20520	9.139e+07	1181.95	8246	1415	85	225	0	1181.95	65	115.596	0	17882.7	6843.26	0	2.23151e+06	342.144	360.419	0	20520	984.294	834.768	0.814484
20700	1.58728e+08	1573.02	12636	927	85	227	0	1573.02	65	138.975	0	18007.7	6841.33	0	5.61484e+06	327.676	366.629	0	20700	966.901	833.266	0.81302
20880	3.43451e+08	3250.93	23595	3823	82	228	0	3250.93	65	144.072	0	18057.4	6533.24	0	7.67251e+06	297.666	308.017	0	20880	964.991	831.768	0.811557
21060	2.54914e+08	2561.1	19030	2290	81	224	0	2561.1	65	137.53	0	17806.9	6463.71	0	4.50795e+06	345.294	307.641	0	21060	954.219	830.272	0.810098
21240	2.52503e+08	2440.1	18322	3095	81	225	0	2440.1	65	141.721	0	17865.6	6505.84	0	7.33416e+06	332.615	329.348	0	21240	962.623	828.779	0.808641
21420	1.88772e+08	1521.35	12286	1563	84	226	0	1521.35	64	165.974	0	17989	6717.77	0	5.13371e+06	356.449	318.24	0	21420	960.07	827.288	0.807187
21600	1.18802e+08	1230.86	8472	1650	88	228	0	1230.86	64.9998	134.404	0	18127.3	7023.25	0	2.33456e+06	346.906	299.967	0	21600	983.761	825.801	0.805735
21780	8.32243e+07	752.437	6126	1176	81	226	0	752.437	65	149.608	0	17942.6	6550.65	0	3.26835e+06	318.706	357.536	0	21780	993.315	824.315	0.804286
21960	2.043e+08	1897.53	13959	1764	86	220	0	1897.53	65	146.299	0	17482.5	6893.48	0	4.96049e+06	324.458	314.738	0	21960	985.149	822.833	0.80284
22140	1.67807e+08	2244.19	14907	1502	82	219	0	2244.19	65	113.198	0	17338.9	6566.45	0	4.30299e+06	287.782	322.463	0	22140	965.358	821.353	0.801396
22320	1.40057e+08	2062.14	12633	2456	85	218	0	2062.14	65	106.796	0	17317.1	6753.26	0	3.30528e+06	332.427	279.631	0	22320	923.339	819.876	0.799955
22500	1.39629e+08	1458.69	10892	1453	91	223	0	1458.69	64	133.587	0	17709.5	7262.83	0	3.86714e+06	329.24	308.205	0	22500	973.068	818.402	0.798516
22680	5.3974e+07	780.058	5062	1142	92	225	0	780.058	64	107.982	0	17802.8	7352.52	0	1.44887e+06	279.353	323.541	0	22680	936.521	816.93	0.79708
22860	7.16482e+07	831.262	6118	1039	84	221	0	831.262	65	124.091	0	17525.2	6715.56	0	2.18837e+06	305.762	314.765	0	22860	945.118	815.461	0.795647
23040	6.73313e+07	767.487	5492	682	83	226	0	767.487	64.9998	125.593	0	17891.7	6642.06	0	1.86234e+06	290.246	323.721	0	23040	963.526	813.994	0.794216
23220	5.16154e+07	811.64	5376	566	85	224	0	811.64	65	102.774	0	17808.7	6815.27	0	1.39468e+06	328.884	333.471	0	23220	930.43	812.53	0.792788
23400	3.04989e+07	237.161	1225	37	85	224	0	237.161	65	172	0	17854	6715	0	2.69137e+06	408.085	258.832	0	23400	938.769	811.069	0.791362
23580	8.52622e+07	1020.36	7412	1120	81	229	0	1020.36	65	121.543	0	18176.9	6518.73	0	1.87628e+06	306.174	365.255	0	23580	932.992	809.61	0.789939
23760	4.58318e+07	944.006	5215	1073	78	230	0	944.006	65	88.5633	0	18255	6246.64	0	945884	307.352	324.105	0	23760	926.602	808.154	0.788518
23940	3.94912e+06	324.65	1034	0	78	230	0	324.65	65	44	0	18328	6253.54	0	526130	304.119	314.83	0	23940	917.469	806.701	0.7871
24120	777821	34.8787	124	0	78	230	0	34.8787	64	59.5799	0	18328	6162	0	329335	299.698	231.823	0	24120	937.012	805.25	0.785684
24300	2.81794e+06	31.1447	573	0	78	230	0	31.1447	64	128.305	0	18328	6266.37	0	558723	326.338	306.462	0	24300	922.349	803.802	0.784271
24480	4.90065e+06	242.577	802	126	78	230	0	242.577	64	56.7054	0	18295.5	6320	0	778873	370.469	311.346	0	24480	921.946	802.357	0.782861
24660	1.36015e+06	111.815	304	52	78	230	0	111.815	64	44.0001	0	18170	6245.38	0	445465	253.099	293.638	0	24660	928.508	800.914	0.781453
24840	6.724e+06	289.237	1172	0	78	230	0	289.237	65	60.833	0	18328	6320	0	611398	360.517	315.353	0	24840	910.76	799.473	0.780048
25020	6.95027e+06	571.369	993	0	78	230	0	571.369	65	44	0	18327.3	6239.55	0	794790	304.555	327.496	0	25020	912.128	798.036	0.778645
25200	1.7097e+06	36.4852	650	0	78	230	0	36.4852	64	86.9158	0	18275.8	6320	0	283679	328.239	377.468	0	25200	932.665	796.6	0.777245
25380	5.02935e+06	413.454	1032	0	78	230	0	413.454	64	44	0	18279.9	6177.52	0	381110	331.325	306.598	0	25380	922.866	795.168	0.775847
25560	3.52005e+06	289.377	752	32	78	230	0	289.377	64	44	0	18181	6162	0	362041	335.82	277.938	0	25560	927.795	793.738	0.774452
25740	2.96468e+07	2064.38	5731	1256	71	242	0	2064.38	65	47.8084	0	19243.7	5700.81	0	1.91124e+06	323.271	323.095	0	25740	921.854	792.31	0.773059
25920	1.25813e+08	1674.48	10592	1756	88	243	0	1674.48	65	113.537	0	19276.5	7001.68	0	4.34465e+06	323.696	298.383	0	25920	916.952	790.886	0.771669
26100	1.93615e+08	2142.61	14063	2114	88	244	0	2142.61	64.0001	128.191	0	19373.7	6996.12	0	5.01238e+06	321.626	290.197	0	26100	940.971	789.463	0.770281
26280	7.17225e+07	1246.43	7231	1320	83	245	0	1246.43	64.0014	97.1242	0	19445.5	6622.53	0	2.36068e+06	314.776	296.688	0	26280	930.145	788.043	0.768896
26460	1.35428e+08	1713.15	11425	1782	82	248	0	1713.15	64.9998	117.234	0	19657	6591.85	0	2.71607e+06	310.338	340.196	0	26460	922.255	786.626	0.767513
26640	1.92848e+08	2853.52	17309	2459	81	246	0	2853.52	64.9998	106.484	0	19542.6	6515.27	0	3.05972e+06	340.582	340.455	0	26640	932.108	785.212	0.766133
26820	1.38919e+08	1924.46	12223	1690	86	241	0	1924.46	65	110.774	0	19130.5	6854.11	0	3.81593e+06	312.372	313.309	0	26820	943.858	783.799	0.764755
27000	1.58275e+08	1951.42	12876	2189	84	241	0	1951.42	64	119.19	0	19122.3	6664.68	0	4.68394e+06	322.674	267.22	0	27000	947.061	782.39	0.763379
27180	1.50085e+08	2598.48	14979	2647	86	242	0	2598.48	65	97.3269	0	19224	6892.46	0	3.68895e+06	338.58	327.524	0	27180	952.626	780.983	0.762007
27360	1.51771e+08	1619.38	11237	1552	84	242	0	1619.38	64.9999	131.553	0	19168.6	6761.25	0	2.03039e+06	296.883	352.314	0	27360	914.958	779.578	0.760636
27540	1.3893e+08	1405.63	10420	1137	84	242	0	1405.63	65	136.804	0	19153	6733.05	0	4.65232e+06	292.021	327.213	0	27540	952.319	778.176	0.759268
27720	1.33178e+08	1731.32	11083	1649	84	240	0	1731.32	65	115.22	0	19074.9	6677.69	0	3.81117e+06	357.618	279.428	0	27720	930.946	776.777	0.757903
27900	1.91988e+08	2469.57	16423	2366	84	238	0	2469.57	64.9999	115.993	0	18870.6	6670.02	0	4.71079e+06	300.407	277.666	0	27900	935.286	775.38	0.75654
28080	1.59068e+08	1251.74	10192	1538	80	239	0	1251.74	65	169.934	0	18984.7	6350.71	0	6.69917e+06	326.269	292.751	0	28080	933.696	773.986	0.755179
28260	9.03884e+07	1030.29	7133	1234	79	238	0	1030.29	65	125.594	0	18895.5	6298.15	0	2.82556e+06	318.496	312.171	0	28260	942.367	772.594	0.753821
28440	3.62553e+07	319.776	1538	233	79	238	0	319.776	64	152.804	0	18832.3	6241	0	2.02142e+06	296.112	227.44	0	28440	950.677	771.204	0.752466
28620	1.28832e+07	100.18	952	215	79	238	0	100.18	65	172	0	18878.7	6241	0	1.22025e+06	310.745	289.246	0	28620	942.655	769.817	0.751112
28800	8.14716e+06	63.3527	327	0	79	238	0	63.3527	65	172	0	18960	6241	0	777146	354.39	250.061	0	28800	961.588	768.433	0.749762
