MS2-QUANT	v0j
Region DEFINITION, 05-Apr-2021
COMMENT	Outline definition performed in MS2-QUANT (Main program)
FILE	MAX_20201217_RI516_C12MS2128TkTat_001_visit_4.tif
PATH	/Volumes/EBL/20201217/
PARAMETERS
Pix-XY	Pix-Z	RI	Ex	Em	NA	dT	Type
79	600	1.458	488	521	1.4	180	widefield
ANALYSIS-SETTINGS	
IMAGING-BACKGROUND	150
LIMIT-FIT-SIGMA-XY-MIN	-24
LIMIT-FIT-SIGMA-XY-MAX	104
LIMIT-FIT-SIGMA-Z-MIN	0
LIMIT-FIT-SIGMA-Z-MAX	0
LIMIT-FIT-BGD-MIN	47
LIMIT-FIT-BGD-MAX	48
DETECTION-THRESHOLD	500
REGION	TxSite
X_POS	334	334	333	333	332	332	331	331	330	330	330	329	329	329	329	329	328	328	328	328	327	327	327	327	326	326	325	325	325	325	324	324	323	323	323	323	322	322	322	321	321	320	320	319	319	318	318	317	317	316	315	314	314	313	313	312	312	311	310	310	310	309	309	308	308	308	308	307	307	306	306	306	305	305	305	305	304	304	304	304	303	303	303	303	303	303	303	303	303	303	303	303	303	303	303	303	303	303	303	303	303	303	303	303	303	303	303	303	303	303	303	303	303	303	303	303	303	303	303	303	303	303	303	303	303	302	302	302	302	302	301	301	301	301	301	301	301	301	301	301	301	301	301	301	301	301	301	301	301	301	301	301	302	302	302	302	302	302	302	302	303	303	303	303	304	304	304	305	305	305	305	306	306	306	307	307	307	307	308	308	308	309	309	309	309	310	310	310	311	311	312	312	313	313	314	314	315	315	315	316	316	317	317	318	319	319	320	320	320	321	322	323	323	324	325	325	325	326	326	327	327	328	328	328	329	329	330	330	331	331	332	332	333	334	334	335	335	336	336	337	337	338	338	339	339	340	341	341	342	342	343	343	344	344	345	345	346	346	347	347	347	348	348	349	350	350	351	351	352	353	353	354	354	355	356	357	357	358	358	359	359	360	360	360	361	361	361	362	362	363	364	364	365	365	366	366	367	367	367	367	368	368	369	369	369	369	370	370	371	371	371	371	372	372	372	372	372	373	373	373	373	374	374	374	374	374	375	375	375	376	376	377	377	377	378	378	378	378	379	379	380	380	380	380	381	381	382	382	382	383	383	383	384	384	384	384	385	385	385	386	386	386	387	387	387	387	387	387	388	388	388	388	388	388	388	388	388	388	388	388	388	388	388	388	387	387	387	386	386	385	385	384	384	383	383	382	382	381	381	380	380	379	379	378	378	377	377	377	376	376	375	375	374	374	374	373	373	372	372	371	371	370	370	369	368	368	367	366	366	365	365	365	364	364	363	363	362	362	362	361	361	360	360	359	358	357	357	356	356	356	355	355	355	355	354	353	353	353	352	352	351	351	351	350	350	349	349	349	349	348	348	347	347	347	347	346	346	346	345	345	345	345	345	344	344	344	343	343	END
Y_POS	195	195	194	194	193	193	192	192	191	191	190	190	190	190	189	189	189	188	188	188	188	187	187	186	186	186	185	185	185	184	184	184	184	183	183	183	183	183	182	182	182	182	182	182	182	182	182	182	182	182	181	181	181	181	181	181	181	182	182	182	182	182	182	182	183	183	183	183	184	184	184	184	185	185	186	186	187	187	188	188	188	189	189	190	190	191	191	192	193	193	194	194	195	195	196	197	197	198	198	199	199	200	200	201	201	202	202	203	203	204	204	205	205	206	206	207	207	208	208	209	209	210	210	211	211	211	212	212	213	213	213	214	214	215	215	216	216	217	217	218	218	219	219	220	220	221	221	222	222	223	223	224	225	225	226	226	226	227	227	228	228	228	229	229	229	230	230	231	231	231	232	232	232	233	233	234	234	234	235	235	235	235	236	236	237	237	237	237	237	238	238	238	239	239	239	239	240	240	240	241	241	241	241	242	242	243	243	243	244	244	245	245	245	246	246	246	246	246	247	247	247	247	247	248	248	248	248	248	249	249	249	249	249	250	250	250	250	251	251	251	251	251	251	251	252	252	252	252	252	252	252	252	253	253	253	253	253	253	253	253	253	253	253	253	253	254	254	254	254	254	254	254	254	254	254	254	254	254	254	254	254	254	254	253	253	253	253	253	253	253	252	252	252	252	252	252	252	252	252	251	251	251	251	251	251	250	250	250	250	249	249	249	248	248	247	247	247	247	246	246	246	246	245	245	245	244	244	244	244	243	243	243	242	242	242	241	241	241	241	240	240	239	239	239	239	238	238	237	237	236	236	236	236	235	235	235	234	234	234	233	233	232	232	232	232	231	231	230	230	230	229	229	228	228	228	227	227	226	226	225	225	224	224	224	223	223	223	222	222	222	221	221	221	220	220	220	220	220	220	220	219	219	219	219	219	219	219	219	219	219	219	219	219	219	218	218	218	218	218	218	218	218	218	218	217	217	217	217	217	217	217	217	217	217	217	217	216	216	216	216	216	216	215	215	215	214	214	214	214	214	214	213	213	212	212	212	212	211	211	210	210	210	210	209	209	209	209	208	208	208	208	208	207	207	207	206	206	206	206	205	205	205	204	204	204	204	203	203	END
QUANTIFICATION
Time[s]	Q_Integrate	Q_AMP	Q_Sum_pix	Q_MIP_int	Pix_Y	Pix_X	Pix_Z	AMP	BGD	SigmaXY	SigmaZ	MuY	MuX	MuZ	RES	Cent_Y	Cent_X	Cent_Z	OPB_time	OPB_INT	OPB_FIT	OPB_FIT_norm
0	1.00983e+06	189.395	330	94	232	337	0	189.395	47	29.1306	0	26781	18329.2	0	187361	361.75	353.352	0	0	551.836	617.043	1
180	398843	642.391	425	0	232	337	0	642.391	48	9.94057	0	26623	18447.3	0	312150	286.9	278.192	0	180	557.098	615.933	0.998202
360	155913	332.488	95	0	232	337	0	332.488	48	8.63899	0	26779.1	18484.8	0	402465	293.488	316.128	0	360	558.962	614.825	0.996406
540	1.65075e+06	471.945	462	158	232	337	0	471.945	47	23.5942	0	26694.3	18362.6	0	185833	352.26	301.111	0	540	560.696	613.72	0.994615
720	557611	294.823	516	36	232	337	0	294.823	47	17.3498	0	26701.9	18328	0	99908.9	343.072	298.11	0	720	544.931	612.616	0.992826
900	2.03545e+06	233.898	649	53	232	337	0	233.898	47	37.2157	0	26623	18328	0	242452	260.697	314.874	0	900	554.282	611.514	0.99104
1080	1.82323e+06	783.908	503	0	232	337	0	783.908	47	19.2397	0	26780.8	18407.2	0	333839	297.314	298.937	0	1080	546.635	610.415	0.989258
1260	805096	418	230	0	232	337	0	418	47	17.5084	0	26719.5	18486	0	159680	274.129	327.43	0	1260	554.797	609.317	0.987479
1440	0.000343066	32.5513	71	0	232	337	0	32.5513	47	0.00129513	0	26696	18418.8	0	157186	305.168	311.196	0	1440	555.926	608.221	0.985703
1620	887944	521.324	400	0	232	337	0	521.324	47	16.4645	0	26623	18409	0	180069	312.037	283.986	0	1620	541.08	607.127	0.98393
1800	353718	408.075	306	0	232	337	0	408.075	47.0001	11.7454	0	26623	18405.7	0	224206	267.897	316.828	0	1800	549.472	606.035	0.982161
1980	4.0498e+06	146.441	689	81	232	337	0	146.441	47	66.3667	0	26699.1	18486	0	395303	327.032	322.981	0	1980	540.891	604.946	0.980395
2160	3.31018e-07	40.6605	62	0	232	337	0	40.6605	47	-3.59956e-05	0	26687.4	18435.3	0	167847	318.701	309.73	0	2160	536.967	603.858	0.978632
2340	1.63502e+06	470	436	119	232	337	0	470	47	23.53	0	26736.1	18345.7	0	160245	347.974	265.427	0	2340	544.877	602.772	0.976872
2520	1.21953e+06	582	257	0	232	337	0	582	47	18.2619	0	26781	18486	0	199376	392.064	358.177	0	2520	519.188	601.688	0.975115
2700	833760	663.112	367	0	232	337	0	663.112	48	14.1461	0	26702.5	18328.3	0	317616	297.709	318.73	0	2700	540.91	600.606	0.973361
2880	367827	359.879	422	100	232	337	0	359.879	47	12.7542	0	26725.8	18407	0	234983	327.045	300.059	0	2880	554.434	599.525	0.971611
3060	1.62535e+06	594	848	0	232	337	0	594	48	20.8685	0	26781	18328	0	316414	346.534	264.481	0	3060	547.277	598.447	0.969863
3240	3.42059e+07	526.959	1360	135	232	337	0	526.959	48	104	0	26781	18328	0	1.46179e+06	392.075	199.4	0	3240	547.005	597.371	0.968119
3420	3.3138e+07	1228.16	4680	1367	232	337	0	1228.16	48	65.5504	0	26725	18419	0	941727	349.315	326.644	0	3420	554.576	596.297	0.966378
3600	3.63226e+07	559.569	2952	427	232	337	0	559.569	48	104	0	26623	18367.2	0	853595	268.441	278.236	0	3600	555.709	595.224	0.96464
3780	5.06168e+07	779.778	4815	844	221	338	0	779.778	48	104	0	26772.5	17558.7	0	1.04635e+06	325.836	338.667	0	3780	550.763	594.154	0.962905
3960	0.0716859	41.0134	92	6	221	338	0	41.0134	47.972	0.0166788	0	26702.6	17605.6	0	230648	266.604	339.897	0	3960	551.285	593.085	0.961174
4140	5.30879e+06	121.76	711	264	221	338	0	121.76	47.8766	83.6891	0	26778.1	17617	0	420634	345.316	329.298	0	4140	546.589	592.019	0.959445
4320	1.16844e+06	235.353	286	0	221	338	0	235.353	48	28.1096	0	26702	17459	0	313277	305.823	260.57	0	4320	548.494	590.954	0.95772
4500	394957	116.799	496	0	221	338	0	116.799	47.7697	23.1988	0	26702	17459	0	301923	326.187	280.739	0	4500	552.392	589.891	0.955997
4680	204537	252.582	113	0	221	338	0	252.582	47	11.3526	0	26859.9	17538.6	0	128368	364.652	301.127	0	4680	547.419	588.831	0.954278
4860	831106	727.773	221	0	221	338	0	727.773	47	13.4816	0	26780.3	17459	0	253518	405.212	252.338	0	4860	555.397	587.772	0.952562
5040	8.53859e+06	327.981	1001	175	221	338	0	327.981	48	64.3842	0	26860	17459	0	432569	350.234	324.607	0	5040	557.548	586.715	0.950849
5220	8.15923e+06	125.697	898	203	221	338	0	125.697	48	104	0	26702	17538.9	0	497884	310.179	290.061	0	5220	551.929	585.659	0.949139
5400	1.51483e+06	790.578	560	248	221	338	0	790.578	48	17.463	0	26780.4	17514.7	0	404529	275.496	310.84	0	5400	560.662	584.606	0.947432
5580	3.00827e+06	1184	932	23	221	338	0	1184	48	20.1091	0	26702	17491.8	0	779024	340.473	352.719	0	5580	552.682	583.555	0.945728
5760	2.72176e+06	783.952	629	392	221	338	0	783.952	48	23.5066	0	26762.3	17537.8	0	421180	315.129	344.126	0	5760	549.84	582.505	0.944027
5940	5.07024e+06	207.15	593	93	221	338	0	207.15	47.7041	62.4231	0	26860	17617	0	267200	327.641	346.055	0	5940	547.907	581.458	0.94233
6120	18742.5	81.0269	170	0	221	338	0	81.0269	48	6.06748	0	26856.9	17616.8	0	718078	317.665	310.259	0	6120	550.158	580.412	0.940635
6300	2.24275e+06	545.998	760	259	221	338	0	545.998	48	25.5685	0	26789.2	17506.6	0	340420	321.825	331.636	0	6300	553.005	579.368	0.938943
6480	7.40091e+06	297.769	885	14	221	338	0	297.769	47	62.9049	0	26860	17580.4	0	432791	379.921	301.647	0	6480	551.23	578.326	0.937255
6660	3.62058e+06	374.259	755	0	221	338	0	374.259	48	39.2386	0	26860	17605	0	478498	405.26	347.199	0	6660	548.39	577.286	0.935569
6840	911515	251.861	357	119	221	338	0	251.861	48	-24	0	26702	17459	0	860219	359.07	337.031	0	6840	555.774	576.248	0.933887
7020	9.05824e+06	139.547	965	41	221	338	0	139.547	48	104	0	26702	17616.3	0	437420	306.174	363.21	0	7020	553.767	575.212	0.932207
7200	367890	395.838	236	46	221	338	0	395.838	47	12.1622	0	26716.9	17535.3	0	319618	308.791	297.521	0	7200	560.051	574.177	0.930531
7380	2.26046e+06	459.848	518	0	221	338	0	459.848	48	27.9706	0	26768.4	17459	0	322715	303.735	248.255	0	7380	560.62	573.145	0.928857
7560	6.44627e+06	99.3082	279	48	221	338	0	99.3082	48	104	0	26860	17617	0	664891	329.372	318.902	0	7560	561.022	572.114	0.927187
7740	2.03776e+06	230.606	567	0	221	338	0	230.606	48	37.5017	0	26860	17491.8	0	595358	345.417	310.467	0	7740	565.543	571.085	0.92552
7920	6.62352e+06	102.039	587	0	221	338	0	102.039	47	104	0	26702	17531	0	367376	273.832	320.795	0	7920	567.613	570.058	0.923855
8100	6.69014e+06	103.065	921	0	221	338	0	103.065	48	104	0	26860	17459	0	547640	367.148	285.286	0	8100	563.414	569.033	0.922194
8280	2.41973e+06	774	842	0	221	338	0	774	48	22.3061	0	26824.5	17471.5	0	453627	331.704	305.239	0	8280	557.515	568.01	0.920535
8460	1.56377e+06	24.0907	632	54	221	338	0	24.0907	48	104	0	26702	17519.3	0	278520	299.693	283.051	0	8460	565.569	566.988	0.91888
8640	191933	285.384	86	0	221	338	0	285.384	47.9994	10.346	0	26778.5	17459	0	369986	200.86	245.823	0	8640	564.821	565.968	0.917227
8820	6.80755e+07	1048.74	6826	527	200	316	0	1048.74	47	104	0	25021.1	15864	0	1.68013e+06	297.192	317.158	0	8820	569.878	564.951	0.915578
9000	1.72167e+06	1802.6	467	0	200	316	0	1802.6	48	12.3292	0	25121.8	15879.4	0	1.82118e+06	393.755	208.412	0	9000	572.582	563.935	0.913931
9180	5.17531e+07	797.284	5337	578	195	318	0	797.284	48	104	0	25180.6	15493.1	0	1.43049e+06	300.409	306.581	0	9180	564.491	562.92	0.912288
9360	1.26354e+06	182.072	355	0	195	318	0	182.072	48	33.234	0	25280	15405	0	325955	316.91	316.787	0	9360	570.638	561.908	0.910647
9540	4.09183e+06	1192	987	20	195	318	0	1192	47.9258	23.3739	0	25280	15563	0	239174	374.882	330.359	0	9540	558.94	560.898	0.909009
9720	1.02029e+06	1122.88	769	166	195	318	0	1122.88	48	12.0255	0	25200.2	15451.5	0	1.69358e+06	248.469	264.895	0	9720	580.129	559.889	0.907374
9900	9.52109e+06	146.677	774	298	195	318	0	146.677	48	104	0	25122	15547	0	615565	241.952	381.86	0	9900	569.871	558.882	0.905743
10080	6.03735e+06	93.0085	807	35	195	318	0	93.0085	47	104	0	25122	15563	0	484244	254.426	379.225	0	10080	563.083	557.877	0.904114
10260	7.96549	32.6963	167	0	195	318	0	32.6963	47	0.19691	0	25122.4	15472.7	0	295383	268.793	203.406	0	10260	576.297	556.874	0.902488
10440	1.85501e+06	602	443	0	195	318	0	602	48	22.1455	0	25219.6	15405	0	248899	293.53	284.941	0	10440	569.874	555.872	0.900865
10620	430181	637.845	335	0	195	318	0	637.845	47	10.3604	0	25122	15405	0	313980	269.108	323.302	0	10620	577.669	554.873	0.899245
10800	1.53483e+06	43.4637	335	74	195	318	0	43.4637	47	75.0881	0	25170.5	15563	0	308351	310.082	353.234	0	10800	576.908	553.875	0.897628
10980	2.72081e+06	332.848	429	0	195	318	0	332.848	47	36.0692	0	25122	15512	0	484479	284.456	340.854	0	10980	577.172	552.879	0.896013
11160	8.86653e+07	1498.3	8743	1728	203	313	0	1498.3	48	98.6557	0	24841.6	16102.3	0	2.18194e+06	356.141	305.344	0	11160	572.329	551.884	0.894402
11340	1.65965e+07	255.678	693	107	203	313	0	255.678	48	104	0	24885	16195	0	1.33592e+06	423.828	342.364	0	11340	568.67	550.892	0.892793
11520	872368	786.893	381	142	203	313	0	786.893	48	13.2832	0	24839.7	16116	0	480279	400.571	308.987	0	11520	576.812	549.901	0.891188
11700	2.55689e+06	799.997	521	19	203	313	0	799.997	47	22.5539	0	24872.6	16037.3	0	146951	298.429	305.423	0	11700	569.255	548.912	0.889585
11880	1.53887e+06	537.998	657	104	203	313	0	537.998	47	21.3364	0	24812.2	16062.7	0	240897	342.157	348.37	0	11880	571.224	547.925	0.887985
12060	1.49934e+06	426	352	213	203	313	0	426	47	23.6676	0	24806	16144.9	0	147482	269.059	304.085	0	12060	554.798	546.94	0.886388
12240	1.00329e+06	23.0682	320	0	203	313	0	23.0682	47	83.5809	0	24727	16195	0	225604	278.126	358.5	0	12240	574.864	545.956	0.884794
12420	811122	535.064	345	0	203	313	0	535.064	47.9229	15.5328	0	24727.1	16117	0	233712	252.43	319.539	0	12420	555.192	544.974	0.883203
12600	2.13928e+06	908	475	0	203	313	0	908	47	19.3643	0	24727	16195	0	309922	330.814	334.462	0	12600	562.235	543.994	0.881615
12780	509563	615.67	249	9	203	313	0	615.67	47	-11.4772	0	24884	16159.1	0	282298	306.389	321.07	0	12780	563.911	543.016	0.880029
12960	0.000325853	24.0219	196	0	203	313	0	24.0219	47	0.00146932	0	24826.7	16148.7	0	248115	331.62	310.316	0	12960	562.655	542.039	0.878447
13140	2.38313e+06	36.7136	172	0	203	313	0	36.7136	47	104	0	24885	16195	0	431747	337.253	347.312	0	13140	561.514	541.064	0.876867
13320	4.8666e+06	74.9727	490	28	203	313	0	74.9727	48	104	0	24727	16046	0	487758	284.684	305.138	0	13320	562.061	540.091	0.87529
13500	5.64832e+06	87.0154	419	107	203	313	0	87.0154	48	104	0	24727	16195	0	652397	330.853	392.566	0	13500	563.21	539.12	0.873716
13680	9.45412e+06	145.646	922	0	203	313	0	145.646	48	104	0	24885	16037	0	880874	327.406	252.926	0	13680	558.796	538.151	0.872145
13860	4.35109e+06	189.096	503	0	203	313	0	189.096	47	60.5211	0	24863.9	16037	0	339433	338.991	289.417	0	13860	559.966	537.183	0.870576
14040	1.31705e+06	640.71	331	0	203	313	0	640.71	47	18.0876	0	24727	16117.2	0	245581	319.521	378.977	0	14040	559.003	536.217	0.869011
14220	1.03263e+08	1672.98	9975	1576	212	320	0	1672.98	48	101.033	0	25333.3	16806	0	2.0318e+06	286.53	294.449	0	14220	565.788	535.252	0.867448
14400	5.46426e+07	936.841	5547	757	210	317	0	936.841	48	97.8592	0	25092.8	16672.2	0	1.16404e+06	323.36	306.616	0	14400	550.892	534.29	0.865888
14580	1.97331e+07	303.998	539	48	210	317	0	303.998	48	104	0	25201	16590	0	1.79135e+06	400.326	247.795	0	14580	572.462	533.329	0.864331
14760	2.20117e+07	870.572	1894	0	210	317	0	870.572	47	63.4477	0	25201	16748	0	502596	369.849	376.162	0	14760	552.951	532.37	0.862776
14940	4.81816e+07	953.868	5174	857	210	319	0	953.868	48	90.4569	0	25296.6	16700.1	0	852380	319.528	331.672	0	14940	555.094	531.412	0.861225
15120	1.45711e+06	673.999	615	0	210	319	0	673.999	48	18.5492	0	25314.4	16748	0	259923	351.091	336.435	0	15120	536.71	530.457	0.859676
15300	2.39358e+06	161.199	477	140	210	319	0	161.199	47	48.6132	0	25289.2	16590	0	244177	263.649	268.279	0	15300	547.098	529.503	0.85813
15480	813527	527.237	212	0	210	319	0	527.237	47	15.6709	0	25280.1	16748	0	192456	336.569	283.636	0	15480	547.875	528.551	0.856586
15660	1.20113e+06	213.781	521	0	210	319	0	213.781	47	29.9034	0	25201	16747.9	0	238892	310.052	333.91	0	15660	553.826	527.6	0.855046
15840	890199	649.088	334	0	210	319	0	649.088	47	14.7741	0	25279.4	16747.9	0	213343	335.922	309.428	0	15840	548.684	526.651	0.853508
16020	930087	1066.18	362	11	210	319	0	1066.18	47.8822	11.783	0	25269.5	16590.8	0	528944	315.303	283.102	0	16020	541.49	525.704	0.851973
16200	5.3186e+07	1120.96	5642	972	219	316	0	1120.96	47.3953	87.4893	0	25034.3	17409.1	0	1.10857e+06	300.87	333.864	0	16200	564.208	524.759	0.850441
16380	7.064e+07	1213.55	7015	1334	221	316	0	1213.55	48	97.7495	0	25038	17510.8	0	2.46046e+06	314.47	302.519	0	16380	550.879	523.815	0.848912
16560	9.66921e+07	1489.59	9425	936	221	317	0	1489.59	48	104	0	25094.6	17536.6	0	2.23517e+06	289.168	313.062	0	16560	557.896	522.873	0.847385
16740	6.39448e+07	985.103	6197	889	221	316	0	985.103	48	104	0	25036.5	17547.9	0	1.66762e+06	307.063	326.766	0	16740	549.193	521.933	0.845861
16920	7.70045e+07	1186.3	7009	939	223	318	0	1186.3	48	104	0	25241	17681.2	0	1.89744e+06	360.484	306.963	0	16920	549.5	520.994	0.84434
17100	6.97838e+07	1075.06	5817	1050	224	321	0	1075.06	48	104	0	25478.1	17758.2	0	1.75154e+06	350.719	302.339	0	17100	540.872	520.057	0.842822
17280	7.19528e+07	1108.47	6368	983	227	328	0	1108.47	48	104	0	26034.9	18002.3	0	1.95468e+06	356.622	309.618	0	17280	527.501	519.122	0.841306
17460	5.23532e+07	806.529	4503	791	233	332	0	806.529	48	104	0	26352	18507.4	0	1.85674e+06	357.607	328.321	0	17460	537.661	518.188	0.839793
17640	6.98417e+07	1155.53	7230	652	236	338	0	1155.53	47.9997	99.8367	0	26771.3	18694.1	0	1.69897e+06	307.046	306.354	0	17640	528.792	517.256	0.838283
17820	5.80853e+06	89.4835	412	169	236	338	0	89.4835	48	104	0	26702	18783.2	0	614888	251.297	332.614	0	17820	521.378	516.326	0.836775
18000	6.9462e+07	1070.1	6196	793	237	336	0	1070.1	48	104	0	26653.5	18805	0	2.4257e+06	315.472	317.26	0	18000	529.588	515.397	0.83527
18180	6.74676e+07	1088.08	6753	1081	240	338	0	1088.08	48	101.296	0	26815.8	19025.3	0	1.47581e+06	333.05	302.679	0	18180	534.748	514.471	0.833768
18360	9.75098e+07	1502.19	8408	1436	241	339	0	1502.19	48	104	0	26889.7	19083.7	0	2.82641e+06	329.3	284.987	0	18360	521.217	513.545	0.832269
18540	9.34183e+07	1503.85	8354	1660	246	337	0	1503.85	47	101.401	0	26696.4	19474.8	0	2.28168e+06	320.928	279.446	0	18540	515.19	512.622	0.830772
18720	2.36161e+06	36.3818	333	64	246	337	0	36.3818	48	104	0	26623	19434	0	530434	300.709	249.531	0	18720	509.41	511.7	0.829278
18900	80740.1	149.807	268	0	246	337	0	149.807	48	-9.26166	0	26778.1	19592	0	338227	368.346	337.929	0	18900	515.812	510.78	0.827786
19080	760136	456.921	384	0	246	337	0	456.921	48	16.2718	0	26700.3	19434	0	229076	282.352	287.915	0	19080	512.613	509.861	0.826298
19260	2.80562e+06	188.178	585	0	246	337	0	188.178	47.0014	48.7126	0	26623	19518.1	0	591190	346.42	276.658	0	19260	510.82	508.944	0.824812
19440	0.0324172	98.5233	319	0	246	337	0	98.5233	47.9999	0.00723649	0	26726.6	19440.4	0	339720	324.869	255.752	0	19440	510.294	508.029	0.823328
19620	3.75505e+06	983.999	843	195	246	337	0	983.999	48	24.6445	0	26702	19571	0	459693	298.172	357.784	0	19620	499.072	507.115	0.821848
19800	6.41852e+07	988.807	6369	1086	221	350	0	988.807	48	104	0	27690.2	17530.7	0	1.62394e+06	283.518	307.569	0	19800	497.045	506.203	0.82037
19980	3.10637e+06	722	669	0	221	350	0	722	47	26.1679	0	27703.4	17617	0	247004	347.957	318.807	0	19980	511.013	505.293	0.818895
20160	7.08953e+06	109.218	753	0	221	350	0	109.218	47	104	0	27700.6	17459	0	408974	285.541	232.583	0	20160	507.16	504.384	0.817422
20340	2.22254e+06	541.991	746	77	221	350	0	541.991	47	25.5469	0	27805.6	17567.9	0	152634	315.868	331.166	0	20340	496.502	503.477	0.815952
20520	4.98915e+07	768.604	4797	781	226	350	0	768.604	48	104	0	27707.2	17896.3	0	1.51619e+06	306.34	281.377	0	20520	499.51	502.572	0.814484
20700	1.97043e+07	303.555	1556	100	226	350	0	303.555	48	104	0	27764.2	17854	0	645424	309.993	260.167	0	20700	511.478	501.668	0.81302
20880	1.74161e+07	268.304	879	186	226	350	0	268.304	48	104	0	27650	17854	0	1.23575e+06	210.825	233.698	0	20880	501.127	500.766	0.811558
21060	1.16433e+06	935.182	459	0	226	350	0	935.182	48	14.0767	0	27779.7	18006.4	0	364220	320.735	348.022	0	21060	495.804	499.865	0.810098
21240	0.0129824	9.28096	16	0	226	350	0	9.28096	47	0.0149208	0	27808	17854	0	298145	354.653	269.831	0	21240	500.348	498.966	0.808641
21420	1.58943e+06	500	568	0	226	350	0	500	47	22.493	0	27808	17990.8	0	146936	360.189	354.751	0	21420	491.042	498.069	0.807187
21600	1.17786e+06	152.979	306	85	226	350	0	152.979	47	35.0058	0	27808	17934.8	0	150148	329.52	357.018	0	21600	487.807	497.173	0.805735
21780	642926	799.122	332	0	226	350	0	799.122	47	11.3158	0	27808	18012	0	406116	368.908	329.145	0	21780	501.237	496.279	0.804286
21960	1.29986e+06	581.652	530	61	226	350	0	581.652	48	18.8593	0	27653	17891.6	0	256237	279.729	334.827	0	21960	496.443	495.387	0.80284
22140	2.48453e+06	379.917	875	215	226	350	0	379.917	48	32.2617	0	27701.6	17901.7	0	413703	286.687	330.474	0	22140	495.903	494.496	0.801396
22320	5.32425e+06	900	1072	76	226	350	0	900	47	30.6844	0	27805.5	17897.6	0	122209	348.537	290.808	0	22320	478.832	493.606	0.799955
22500	2.44528e+06	969.713	986	227	226	350	0	969.713	48	20.0333	0	27806.2	17854.4	0	507249	343.081	325.067	0	22500	484.432	492.719	0.798516
22680	2.21546e+06	710	609	0	226	350	0	710	47	22.285	0	27808	18012	0	204680	291.912	310.676	0	22680	463.147	491.833	0.79708
22860	1.16288	67.3939	126	0	226	350	0	67.3939	48	0.0524043	0	27729.4	17885.4	0	423603	303.839	236.093	0	22860	457.393	490.948	0.795647
23040	0.00033831	36.1779	4	0	226	350	0	36.1779	47	0.00121996	0	27706.6	17871.2	0	307340	290.03	431.496	0	23040	472.186	490.065	0.794216
23220	695052	712	264	19	226	350	0	712	48	12.4646	0	27650	17854	0	404387	285.551	290.285	0	23220	464.161	489.184	0.792788
23400	1.75632e+06	265.604	420	5	226	350	0	265.604	47	32.441	0	27650	17929	0	243487	289.771	304.486	0	23400	459.003	488.304	0.791362
23580	1.74072e+06	326.398	534	78	226	350	0	326.398	47	29.134	0	27650	17854.6	0	186200	318.648	300.558	0	23580	477.705	487.426	0.789939
23760	5.23129e+07	805.908	5099	798	229	378	0	805.908	48	104	0	29972.1	18184.8	0	1.45426e+06	337.504	318.808	0	23760	480.922	486.549	0.788518
23940	2.98349e+07	459.623	1862	245	229	378	0	459.623	48	104	0	30020	18091	0	1.53118e+06	390.865	233.753	0	23940	481.438	485.674	0.7871
24120	8.95211e+06	137.912	795	0	229	378	0	137.912	48	104	0	30020	18249	0	627186	347.089	402.796	0	24120	493.455	484.801	0.785684
24300	992310	1139.81	247	0	229	378	0	1139.81	48	11.7711	0	30020	18249	0	1.01597e+06	214.105	346.73	0	24300	492.833	483.929	0.784271
24480	2.55719e+06	130.558	472	0	229	378	0	130.558	48	55.8341	0	29862	18147.1	0	567306	338.597	371.699	0	24480	496.118	483.059	0.782861
24660	4.91635e+06	252.535	918	0	229	378	0	252.535	48	55.6647	0	29918	18249	0	422429	304.871	365.39	0	24660	505.398	482.19	0.781453
24840	2.94937e+06	289.531	342	0	229	378	0	289.531	47	40.2649	0	29862	18091	0	309794	277.266	306.633	0	24840	511.811	481.323	0.780048
25020	3.76402e+06	949.998	1132	59	229	378	0	949.998	48	25.1116	0	29913.5	18229.8	0	675374	298.415	404.192	0	25020	523.443	480.457	0.778645
25200	2.93791e+06	226.287	646	61	229	378	0	226.287	47	45.4569	0	29885.4	18249	0	215435	301	336.067	0	25200	519.73	479.593	0.777245
25380	370917	421.682	302	0	229	378	0	421.682	48	-11.8319	0	30019.3	18205.4	0	273978	318.973	283.933	0	25380	531.455	478.731	0.775847
25560	4.92985e+07	759.469	4921	824	234	366	0	759.469	48	104	0	28985.1	18586.2	0	1.75922e+06	298.432	363.524	0	25560	529.663	477.87	0.774452
25740	4.96828e+07	765.39	4760	731	236	362	0	765.39	48	104	0	28677	18736.8	0	2.3882e+06	296.582	319.133	0	25740	534.045	477.01	0.773059
25920	1.25146e+07	192.794	481	0	236	362	0	192.794	48	104	0	28756	18802	0	912185	350.47	410.543	0	25920	518.137	476.153	0.771669
26100	6.68734e+07	1030.22	6748	789	235	366	0	1030.22	48	104	0	28994.3	18677.1	0	1.25995e+06	312.677	349.634	0	26100	527.805	475.296	0.770281
26280	6.75708e+07	1040.96	6448	483	237	363	0	1040.96	48	104	0	28719.9	18794.3	0	3.366e+06	278.73	298.211	0	26280	529.652	474.442	0.768896
26460	9.6744e+07	1490.39	8089	1236	234	364	0	1490.39	48	104	0	28825.9	18572	0	3.93348e+06	306.604	322.035	0	26460	523.181	473.588	0.767513
26640	6.48533e+07	999.1	5865	1094	233	365	0	999.1	48	104	0	28898	18468.5	0	1.01864e+06	284.864	292.461	0	26640	534.703	472.737	0.766133
26820	3.81709e+07	588.043	1940	90	233	365	0	588.043	48	104	0	28835	18563.3	0	2.12827e+06	244.851	353.178	0	26820	526.001	471.886	0.764755
27000	1.45547e+07	224.222	1025	154	233	365	0	224.222	48	104	0	28835	18565	0	2.54451e+06	248.612	402.629	0	27000	529.428	471.038	0.763379
27180	5.98335e+07	921.766	5744	868	239	360	0	921.766	48	104	0	28532.6	18943.4	0	1.6184e+06	312.754	306.52	0	27180	547.53	470.191	0.762007
27360	3.15393e+07	761.648	2771	466	239	360	0	761.648	48	81.4775	0	28440	19013.2	0	1.15531e+06	259.051	329.121	0	27360	540.268	469.345	0.760636
27540	2.52992e+07	389.747	2421	102	239	360	0	389.747	48	104	0	28598	18953.2	0	1.24679e+06	354.008	326.579	0	27540	528.508	468.501	0.759268
27720	7.23075e+06	111.394	1213	78	239	360	0	111.394	48	104	0	28491.8	19033.3	0	1.14681e+06	324.324	316.849	0	27720	548.111	467.659	0.757903
27900	6.6221e+06	257.505	1060	259	239	360	0	257.505	48	63.9894	0	28440	19031	0	682542	295.069	309.402	0	27900	540.3	466.817	0.75654
28080	4.20032e+07	1374.78	5255	1145	233	366	0	1374.78	48	69.7799	0	28952.8	18518.7	0	1.12954e+06	292.484	332.636	0	28080	534.055	465.978	0.755179
28260	1.17396e+08	1808.55	10658	1561	235	364	0	1808.55	48	104	0	28835.3	18625.8	0	2.33582e+06	313.383	308.298	0	28260	540.103	465.14	0.753821
28440	5.55127e+07	855.202	5516	840	232	361	0	855.202	48	104	0	28587.2	18374.9	0	2.05528e+06	333.445	287.083	0	28440	548.688	464.303	0.752466
28620	8.05076e+07	1240.26	7434	1103	231	362	0	1240.26	48	104	0	28702.2	18358.6	0	1.70584e+06	334.881	317.558	0	28620	542.607	463.468	0.751112
28800	3.87822e+07	597.46	2632	675	231	362	0	597.46	48	104	0	28598	18369.4	0	1.67851e+06	238.98	335.541	0	28800	540.014	462.635	0.749762
