MS2-QUANT	v0j
Region DEFINITION, 05-Apr-2021
COMMENT	Outline definition performed in MS2-QUANT (Main program)
FILE	MAX_20201217_RI516_C12MS2128TkTat_001_visit_14.tif
PATH	/Volumes/EBL/20201217/
PARAMETERS
Pix-XY	Pix-Z	RI	Ex	Em	NA	dT	Type
79	600	1.458	488	521	1.4	180	widefield
ANALYSIS-SETTINGS	
IMAGING-BACKGROUND	150
LIMIT-FIT-SIGMA-XY-MIN	18
LIMIT-FIT-SIGMA-XY-MAX	180
LIMIT-FIT-SIGMA-Z-MIN	0
LIMIT-FIT-SIGMA-Z-MAX	0
LIMIT-FIT-BGD-MIN	43
LIMIT-FIT-BGD-MAX	44
DETECTION-THRESHOLD	500
REGION	TxSite
X_POS	293	293	292	292	292	292	292	291	291	291	291	291	290	290	290	290	289	289	289	289	289	288	288	288	287	287	287	286	286	286	285	285	285	285	284	284	283	283	283	282	282	281	281	281	280	280	279	279	278	278	277	277	276	276	275	275	274	274	273	273	272	272	271	271	270	270	269	269	268	268	267	267	266	266	265	265	264	264	263	263	262	262	261	261	260	260	259	259	259	258	258	258	257	257	256	256	256	255	255	255	255	254	254	254	254	253	253	253	253	253	253	253	253	253	252	252	252	252	252	252	252	252	252	252	252	252	252	252	252	252	252	252	252	252	252	252	252	252	252	252	253	253	253	253	253	253	253	253	253	253	253	253	253	254	254	254	254	254	254	255	255	255	255	255	255	256	256	256	256	257	257	257	257	257	258	258	258	258	259	259	259	259	260	260	261	261	261	262	262	263	263	263	264	264	265	265	265	266	266	267	267	268	268	268	269	269	270	270	271	271	272	272	273	273	274	274	275	276	276	277	277	278	278	279	279	280	280	280	281	281	281	282	282	282	282	283	283	283	284	284	284	284	285	285	285	286	286	286	286	286	287	287	288	288	288	289	289	290	290	290	291	291	292	292	293	293	294	294	295	295	296	296	296	297	297	298	298	298	299	299	300	300	300	301	301	301	301	302	302	302	303	303	303	304	304	304	305	305	306	306	306	307	307	307	308	308	309	309	309	310	310	310	311	311	312	312	313	313	314	314	315	315	315	316	316	316	316	317	317	317	317	317	317	318	318	318	318	318	318	318	318	318	318	318	318	319	319	319	319	319	319	319	319	319	319	319	319	319	319	318	318	318	318	317	317	317	317	316	316	316	316	316	315	315	315	315	314	314	313	313	313	312	312	311	311	310	310	309	309	308	308	308	307	307	307	306	306	306	305	305	304	304	303	303	302	302	301	301	300	300	299	299	298	298	297	297	296	296	296	295	295	295	294	END
Y_POS	333	332	332	331	331	331	330	330	329	329	329	328	328	328	328	327	327	327	326	326	326	326	325	325	325	325	324	324	324	324	324	323	323	323	323	322	322	322	322	322	322	322	321	321	321	321	321	320	320	320	320	320	320	320	320	320	320	320	320	320	320	320	320	320	320	320	320	320	320	319	319	319	319	319	319	319	319	319	319	319	319	319	319	319	320	320	320	320	320	321	321	321	321	321	322	322	322	322	323	323	323	323	324	324	325	325	325	326	326	327	327	328	328	329	329	329	330	330	331	331	332	332	333	333	334	334	335	335	336	336	337	337	338	338	339	339	340	340	341	341	341	342	342	343	343	344	344	345	345	346	346	347	347	347	348	348	349	349	350	350	350	351	351	351	352	352	352	353	353	353	354	354	354	355	355	355	355	356	356	356	357	357	357	358	358	358	359	359	359	359	359	359	359	359	359	360	360	360	360	360	360	360	360	360	360	360	360	360	361	361	361	361	361	361	361	361	361	361	361	361	361	361	360	360	360	360	360	360	360	359	359	359	359	358	358	358	358	357	357	357	357	356	356	356	356	356	355	355	355	354	354	354	354	353	353	353	353	353	353	353	353	353	353	353	353	353	353	353	353	353	353	353	353	353	353	353	354	354	354	354	354	355	355	355	355	355	356	356	356	357	357	357	357	358	358	359	359	359	359	359	359	359	359	360	360	360	360	360	360	360	361	361	361	361	361	361	361	361	361	361	361	360	360	360	360	360	359	359	359	358	358	358	357	357	357	356	356	355	355	355	354	354	353	353	352	352	352	351	351	350	350	349	349	348	348	347	347	346	346	346	345	345	345	344	344	344	343	343	343	342	342	342	342	341	341	341	341	341	340	340	340	340	340	340	340	340	339	339	339	339	339	339	339	339	338	338	338	338	338	338	338	337	337	337	337	337	337	337	337	336	336	336	336	336	336	336	336	335	335	335	335	335	335	END
QUANTIFICATION
Time[s]	Q_Integrate	Q_AMP	Q_Sum_pix	Q_MIP_int	Pix_Y	Pix_X	Pix_Z	AMP	BGD	SigmaXY	SigmaZ	MuY	MuX	MuZ	RES	Cent_Y	Cent_X	Cent_Z	OPB_time	OPB_INT	OPB_FIT	OPB_FIT_norm
0	25088.6	11.8568	85	10	335	273	0	11.8568	43	18.3512	0	21567	26465.9	0	144037	284.659	277.824	0	0	675.948	759.09	1
180	2.98342e+06	85.3172	794	58	335	273	0	85.3172	43	74.7148	0	21590.8	26465	0	174307	245.886	285.224	0	180	671.795	757.725	0.998202
360	746683	366.772	462	80	335	273	0	366.772	43	18.0003	0	21638.6	26495.2	0	104135	290.712	319.463	0	360	663.711	756.363	0.996406
540	1.6189e+06	260.044	387	97	335	273	0	260.044	43	31.4773	0	21567	26526.9	0	192914	316.944	324.048	0	540	658.513	755.002	0.994615
720	939073	122.718	150	0	335	273	0	122.718	43	34.8984	0	21725	26465	0	170282	447.118	252.118	0	720	663.373	753.645	0.992826
900	432300	212.354	339	0	335	273	0	212.354	43	18	0	21646.2	26621.9	0	147951	291.766	302.038	0	900	641.533	752.289	0.99104
1080	269672	132.452	130	8	335	273	0	132.452	43	18.0011	0	21723.7	26468.6	0	152601	315.035	339.115	0	1080	655.987	750.936	0.989258
1260	1.44866e+06	235.642	582	36	335	273	0	235.642	43	31.28	0	21589	26501.5	0	156005	312.054	227.072	0	1260	646.96	749.586	0.987479
1440	732688	11.5132	234	0	335	273	0	11.5132	43	102.816	0	21725	26465	0	194630	363.036	267.191	0	1440	648.934	748.238	0.985703
1620	1.48111e+06	83.0388	234	0	335	273	0	83.0388	43	53.2803	0	21725	26465	0	138178	343.947	253.497	0	1620	651.026	746.892	0.98393
1800	1.87497e+06	452	507	137	335	273	0	452	43	25.6944	0	21579.7	26595.4	0	148168	289.305	326.187	0	1800	660.107	745.549	0.982161
1980	1.54818e+06	760.495	327	0	335	273	0	760.495	43	18	0	21567	26465	0	283380	323.474	411.122	0	1980	653.746	744.208	0.980395
2160	83491.3	35.6315	159	46	335	273	0	35.6315	43	19.3114	0	21697.4	26542.5	0	147900	283.98	306.594	0	2160	646.852	742.87	0.978632
2340	1.47614e+06	63.1016	279	0	335	273	0	63.1016	43.2027	61.0236	0	21590.8	26623	0	230653	258.521	344.001	0	2340	650.465	741.534	0.976872
2520	585433	287.562	318	21	335	273	0	287.562	43	18.0004	0	21646.1	26467.8	0	187004	283.06	279.453	0	2520	651.823	740.2	0.975115
2700	930927	414.816	363	15	335	273	0	414.816	43.0006	18.899	0	21723.5	26543.9	0	165773	352.098	326.294	0	2700	647.106	738.869	0.973361
2880	506548	5.86368	97	1	335	273	0	5.86368	43	124.281	0	21567	26623	0	190053	256.557	352.274	0	2880	661.703	737.54	0.971611
3060	1.94315e+06	621.999	518	311	335	273	0	621.999	43	22.2981	0	21651.2	26554.3	0	118381	317.445	284.885	0	3060	648.399	736.214	0.969863
3240	6.0165e+06	45.7271	565	0	335	273	0	45.7271	43	176.146	0	21725	26623	0	351855	327.402	350.207	0	3240	650.377	734.89	0.968119
3420	65303.9	30.8366	313	23	335	273	0	30.8366	44	18.3589	0	21569.7	26543	0	263626	278.937	334.116	0	3420	653.756	733.568	0.966378
3600	1.44469e+06	27.3062	266	44	335	273	0	27.3062	43	92.7467	0	21567	26465	0	153843	244.758	305.139	0	3600	652.74	732.249	0.96464
3780	1.95474e+06	693.655	673	0	335	273	0	693.655	43	21.1779	0	21646.3	26622.7	0	196028	319.809	318.612	0	3780	665.909	730.932	0.962905
3960	1.4475e+06	620	372	0	335	273	0	620	44	19.2763	0	21567	26623	0	306718	304.929	352.422	0	3960	661.191	729.618	0.961174
4140	44793	21.0639	160	52	335	273	0	21.0639	43	18.3969	0	21640.7	26544	0	120329	273.183	318.412	0	4140	662.86	728.306	0.959445
4320	5.39293e+06	40.173	461	123	335	273	0	40.173	44	180	0	21714.9	26623	0	358461	349.296	316.521	0	4320	649.607	726.996	0.95772
4500	1.77412e+06	478	516	0	335	273	0	478	43	24.3046	0	21590.6	26465	0	114707	307.554	253.38	0	4500	672.682	725.688	0.955997
4680	2.67806e+06	79.5471	467	0	335	273	0	79.5471	43	73.2891	0	21567	26465	0	262856	296.954	324.239	0	4680	659.8	724.383	0.954278
4860	1.07412e+06	407.294	348	50	335	273	0	407.294	43	20.4872	0	21725	26621.5	0	96004.4	327.115	356.97	0	4860	681.313	723.081	0.952562
5040	1.72497e-05	8.47336e-09	56	0	335	273	0	8.47336e-09	43	18	0	21567	26465	0	178588	293.898	306.895	0	5040	652.169	721.78	0.950849
5220	2.4281e+06	49.7516	389	0	335	273	0	49.7516	44	88.8095	0	21567	26567.9	0	347284	294.858	344.424	0	5220	683.476	720.482	0.949139
5400	854806	419.897	257	0	335	273	0	419.897	44	18	0	21725	26623	0	285191	340.754	335.406	0	5400	672.991	719.187	0.947432
5580	4.04701e+06	822	815	75	335	273	0	822	43	27.9925	0	21725	26492.7	0	86195.9	335.781	325.133	0	5580	667.66	717.893	0.945728
5760	1475.42	0.720635	203	20	335	273	0	0.720635	44	18.0513	0	21576.7	26545.6	0	216268	271.927	344.784	0	5760	664.144	716.602	0.944027
5940	2.25302e+07	215.2	1069	93	335	273	0	215.2	43	143.033	0	21725	26505.4	0	869451	420.217	280.906	0	5940	664.183	715.313	0.94233
6120	3.96661e+07	352.893	2534	494	335	273	0	352.893	43	151.671	0	21725	26503.6	0	834050	380.99	306.525	0	6120	684.315	714.027	0.940635
6300	7.43994e+07	754.785	5533	895	335	273	0	754.785	44	136.525	0	21583.7	26537.9	0	1.94742e+06	267.931	327.059	0	6300	655.629	712.743	0.938943
6480	1.38675e+07	103.302	653	95	335	273	0	103.302	44	180	0	21725	26623	0	817897	389.802	372.495	0	6480	669.926	711.461	0.937255
6660	195118	94.3111	272	75	335	273	0	94.3111	43	18.1458	0	21646	26541.5	0	188678	315.67	413.844	0	6660	684.417	710.182	0.935569
6840	777393	381.869	343	0	335	273	0	381.869	43.1968	18	0	21690	26623	0	238076	367.997	328.197	0	6840	692.943	708.904	0.933887
7020	6.81452e+06	227.202	1040	67	335	273	0	227.202	43.5503	69.133	0	21703.8	26623	0	239118	319.676	313.378	0	7020	686.058	707.63	0.932207
7200	5.51073e+06	116.684	490	0	335	273	0	116.684	43	87.2754	0	21711.5	26623	0	371517	336.993	365.485	0	7200	694.484	706.357	0.930531
7380	2.01816e+06	680	469	0	335	273	0	680	44	21.7337	0	21595.4	26623	0	268266	335.312	285.594	0	7380	698.644	705.087	0.928857
7560	2.71756e+06	624	649	178	335	273	0	624	43	26.3274	0	21644.5	26493.6	0	201370	328.771	259.461	0	7560	693.803	703.819	0.927187
7740	1.74298e+06	607.98	697	0	335	273	0	607.98	44	21.3605	0	21646.3	26623	0	218915	348.403	382.187	0	7740	714.229	702.553	0.92552
7920	325028	159.66	288	1	335	273	0	159.66	43	18	0	21725	26623	0	113593	389.914	317.841	0	7920	700.963	701.289	0.923855
8100	2.79884e+06	322.109	407	0	335	273	0	322.109	43	37.1876	0	21567	26465	0	129606	302.054	294.711	0	8100	684.567	700.028	0.922194
8280	1.41066e+06	421.996	514	104	335	273	0	421.996	43	23.0657	0	21701	26521.3	0	127473	357.266	296.601	0	8280	704.122	698.769	0.920535
8460	1.08124e+06	531.109	527	49	335	273	0	531.109	43.5228	18.0003	0	21577.1	26544.5	0	275619	283.803	316.583	0	8460	682.112	697.513	0.91888
8640	4.07257e+06	509.459	866	70	335	273	0	509.459	43	35.6689	0	21628.7	26465	0	192067	329.002	314.739	0	8640	713.298	696.258	0.917227
8820	1.82604e+06	438	699	27	335	273	0	438	43	25.7589	0	21725	26494.7	0	141409	360.933	298.834	0	8820	695.979	695.006	0.915578
9000	510964	250.848	435	0	335	273	0	250.848	43	18.0053	0	21724.6	26623	0	201679	267.729	341.266	0	9000	705.814	693.756	0.913931
9180	875029	144.463	273	0	335	273	0	144.463	44	31.0486	0	21567	26623	0	347514	280.24	323.228	0	9180	698.795	692.509	0.912288
9360	6.06067e+07	748.613	5002	887	341	285	0	748.613	44	119.048	0	22610.4	27025.8	0	1.24113e+06	323.502	323.937	0	9360	708.078	691.263	0.910647
9540	1.15476e+08	1934.07	10754	1579	342	288	0	1934.07	44	99.1501	0	22860.1	27060.9	0	1.67761e+06	340.269	298.717	0	9540	725.207	690.02	0.909009
9720	1.21673e+07	90.6365	557	158	342	288	0	90.6365	44	180	0	22882.9	27176	0	531835	316.017	349.795	0	9720	703.93	688.779	0.907374
9900	820322	402.642	330	17	342	288	0	402.642	44	18.0071	0	22831	27173.8	0	746178	194.285	205.943	0	9900	713.87	687.541	0.905743
10080	1.94049e+06	199.171	431	0	342	288	0	199.171	43	39.378	0	22752	27067.5	0	196428	270.201	333.274	0	10080	724.641	686.304	0.904114
10260	8.97994e+07	1473.33	9013	1524	334	278	0	1473.33	43.9999	100.311	0	22070.1	26470.4	0	1.27084e+06	355.955	319.106	0	10260	718.887	685.07	0.902488
10440	1.64471e+07	122.518	1274	0	334	278	0	122.518	43	180	0	22120	26437.7	0	620459	389.674	308.652	0	10440	714.92	683.838	0.900865
10620	1.43623e+07	106.988	293	20	334	278	0	106.988	44	180	0	22120	26386	0	1.13877e+06	355.744	242.395	0	10620	720.802	682.608	0.899245
10800	4.49148e+07	334.58	2665	674	334	278	0	334.58	44	180	0	22120	26544	0	1.62502e+06	337.082	377.886	0	10800	728.43	681.38	0.897628
10980	8.33972e+07	777.621	6102	860	331	274	0	777.621	43	145.834	0	21710.7	26208.7	0	1.30342e+06	310.452	299.662	0	10980	726.814	680.155	0.896013
11160	5.99278e+07	854.818	5819	635	333	276	0	854.818	44	108.833	0	21866.7	26419.9	0	1.81042e+06	302.55	339.332	0	11160	735.23	678.932	0.894402
11340	9.3968e+07	1125.96	8108	1089	333	272	0	1125.96	44	121.442	0	21575.2	26366.6	0	2.43838e+06	294.673	301.126	0	11340	719.388	677.711	0.892793
11520	5.14158e+07	451.209	1382	292	333	272	0	451.209	43	153.476	0	21488	26307	0	2.02924e+06	247.17	193.313	0	11520	736.407	676.492	0.891188
11700	9.02579e+06	86.3277	902	41	333	272	0	86.3277	43	142.88	0	21646	26410.3	0	460961	412.55	320.213	0	11700	736.032	675.276	0.889585
11880	8.02084e+07	814.104	5944	950	333	281	0	814.104	44	136.476	0	22248.9	26391.2	0	1.71423e+06	302.454	308.859	0	11880	732.509	674.061	0.887985
12060	1.16583e+08	1441.47	8947	1739	330	279	0	1441.47	44	118.971	0	22091.7	26111.8	0	2.80524e+06	295.336	285.72	0	12060	736.255	672.849	0.886388
12240	1.31983e+08	1347.19	10209	1128	332	272	0	1347.19	44	135.9	0	21551.9	26276.5	0	3.17829e+06	327.375	303.652	0	12240	769.974	671.639	0.884794
12420	1.41438e+08	1566.84	10895	1749	336	272	0	1566.84	43.9997	128.098	0	21588.9	26639.8	0	2.05611e+06	342.194	332.5	0	12420	740.617	670.431	0.883203
12600	1.9605e+08	2101.63	14493	1995	338	271	0	2101.63	43.9998	131.113	0	21519.9	26763.6	0	2.0065e+06	337.851	302.935	0	12600	764.435	669.225	0.881615
12780	2.35799e+08	2122.04	16604	2228	329	270	0	2122.04	43	150.194	0	21401.7	26100.7	0	4.77644e+06	317.239	347.503	0	12780	744.981	668.022	0.880029
12960	2.39945e+08	2039.44	15518	2467	333	269	0	2039.44	43	157.896	0	21302.7	26402.4	0	7.39355e+06	292.909	338.856	0	12960	737.626	666.82	0.878447
13140	1.74935e+08	1747.51	12300	1777	335	264	0	1747.51	43	138.131	0	20975.1	26597.1	0	2.83595e+06	351.006	356.937	0	13140	759.1	665.621	0.876867
13320	2.5706e+08	2405.1	17726	2348	333	268	0	2405.1	43	145.43	0	21211.8	26378.2	0	2.71875e+06	286.24	308.341	0	13320	767.361	664.424	0.87529
13500	2.28905e+08	2164.54	15774	2165	334	264	0	2164.54	43.9763	144.188	0	20980	26509.8	0	3.73332e+06	347.26	352.87	0	13500	753.053	663.229	0.873716
13680	1.10158e+08	892.296	7004	860	338	268	0	892.296	43.0002	165.162	0	21202.4	26785.4	0	2.71269e+06	280.119	317.569	0	13680	749.327	662.037	0.872145
13860	1.37085e+08	1051.95	7677	1572	339	268	0	1051.95	43.0006	174.372	0	21241	26893.8	0	3.8654e+06	312.448	336.071	0	13860	747.075	660.846	0.870576
14040	2.5061e+08	2805.97	19444	3265	340	263	0	2805.97	44	127.151	0	20871.5	26947.7	0	4.04236e+06	333.87	323.053	0	14040	757.025	659.658	0.869011
14220	1.31128e+08	1263	9478	989	335	264	0	1263	43.0001	142.09	0	20917.1	26597.9	0	2.98167e+06	303.744	353.774	0	14220	745.468	658.471	0.867448
14400	1.03344e+08	1209.51	8594	1447	336	269	0	1209.51	44	123.362	0	21317.2	26643.9	0	1.75553e+06	310.069	332.108	0	14400	760.76	657.287	0.865888
14580	9.47652e+07	862.015	7187	983	344	270	0	862.015	44	148.845	0	21408.2	27253.8	0	2.62902e+06	317.677	320.761	0	14580	764.747	656.105	0.864331
14760	2.729e+07	203.289	1468	362	344	270	0	203.289	43.0062	180	0	21488	27271.8	0	797812	372.212	321.181	0	14760	774.597	654.925	0.862776
14940	1.80154e+06	884.866	528	18	344	270	0	884.866	44	18.0008	0	21360.6	27309.5	0	629720	308.33	337.594	0	14940	770.137	653.747	0.861225
15120	1.25475e+07	93.4693	429	0	344	270	0	93.4693	44	180	0	21488	27334	0	541804	383.015	357.527	0	15120	762.095	652.572	0.859676
15300	1.95897e+07	145.927	669	0	344	270	0	145.927	44	180	0	21488	27299.4	0	935114	344.289	350.419	0	15300	774.217	651.398	0.85813
15480	1.56602e+07	332.791	1485	282	344	270	0	332.791	44	87.1084	0	21363.6	27334	0	799646	320.918	404.627	0	15480	748.121	650.227	0.856586
15660	698839	343.058	241	112	344	270	0	343.058	43.483	18.0059	0	21408.9	27220.8	0	398986	380.588	247.536	0	15660	756.059	649.057	0.855046
15840	1.85382e+07	498.311	2754	378	344	270	0	498.311	44	77.1105	0	21384.6	27267	0	835594	334.18	368.822	0	15840	763.104	647.89	0.853508
16020	7.33857e+07	954.793	6562	843	345	269	0	954.793	43	115.161	0	21283.4	27363.3	0	2.26565e+06	271.604	350.066	0	16020	781.257	646.725	0.851973
16200	4.88506e+07	658.521	4568	651	345	269	0	658.521	43.0001	112.643	0	21305.2	27321.1	0	1.75423e+06	305.796	302.002	0	16200	750.065	645.562	0.850441
16380	7.52258e+07	996.024	6227	1061	347	274	0	996.024	44	113.904	0	21690.2	27531.7	0	1.50716e+06	282.19	362.6	0	16380	753.38	644.401	0.848912
16560	4.32182e+07	409.724	2588	599	347	274	0	409.724	43	143.891	0	21804	27413	0	1.73611e+06	408.161	256.719	0	16560	729.503	643.242	0.847385
16740	5.18405e+07	490.603	1786	222	347	274	0	490.603	43	144.094	0	21804	27438	0	1.73158e+06	408.49	287.741	0	16740	747.522	642.085	0.845861
16920	3.19361e+07	237.899	1626	0	347	274	0	237.899	44	180	0	21804	27481.6	0	1.41434e+06	384.136	314.434	0	16920	736.459	640.93	0.84434
17100	1.15265e+08	1434.89	9888	1214	342	274	0	1434.89	43.9999	118.449	0	21756.4	27101.2	0	2.37374e+06	345.33	324.958	0	17100	745.43	639.778	0.842822
17280	1.12918e+08	1309.38	9001	1495	342	272	0	1309.38	44	124.136	0	21607.2	27085.8	0	2.13637e+06	349.58	310.505	0	17280	742.005	638.627	0.841306
17460	1.03639e+08	1193.13	8502	987	338	275	0	1193.13	44	124.745	0	21837.6	26754.1	0	2.12698e+06	350.212	306.639	0	17460	734.097	637.479	0.839793
17640	6.9875e+07	678.149	5467	465	335	276	0	678.149	43.9999	141.245	0	21845.5	26571.8	0	2.03578e+06	284.87	328.405	0	17640	714.331	636.332	0.838283
17820	5.44242e+07	495.407	2652	165	335	276	0	495.407	44	148.758	0	21962	26465	0	1.45011e+06	396.855	274.241	0	17820	724.829	635.188	0.836775
18000	8.30786e+07	844.757	6321	1215	335	282	0	844.757	43	136.292	0	22282.1	26581.5	0	2.47716e+06	251.389	358.154	0	18000	730.624	634.046	0.83527
18180	5.98937e+07	446.161	3535	191	335	282	0	446.161	43	180	0	22323.3	26604.6	0	1.437e+06	299	350.468	0	18180	737.248	632.905	0.833768
18360	1.96677e+07	170.264	1164	486	335	282	0	170.264	43.9999	155.322	0	22278	26623	0	682645	286.857	386.324	0	18360	725.922	631.767	0.832269
18540	1.81252e+07	135.018	862	0	335	282	0	135.018	44	180	0	22278	26623	0	971796	297.659	368.959	0	18540	738.188	630.631	0.830772
18720	2.07104e+07	154.276	994	59	335	282	0	154.276	44	180	0	22278	26623	0	974900	308.137	379.75	0	18720	725.156	629.497	0.829278
18900	1.48745e+07	110.803	535	16	335	282	0	110.803	43.0002	180	0	22436	26623	0	775226	351.119	374.148	0	18900	696.658	628.365	0.827786
19080	1.26851e+08	1446.43	9959	1942	340	287	0	1446.43	44	125.564	0	22738.7	26934.8	0	4.11506e+06	298.326	313.785	0	19080	705.651	627.235	0.826298
19260	8.423e+07	914.957	6636	511	342	286	0	914.957	43.9999	129.881	0	22646.2	27056.5	0	1.42074e+06	299.94	286.014	0	19260	710.278	626.107	0.824812
19440	3.0544e+07	227.529	1266	234	342	286	0	227.529	44	180	0	22752	27018	0	972570	354.883	282.769	0	19440	707.334	624.981	0.823328
19620	2.98711e+07	281.076	1700	158	342	286	0	281.076	44	144.76	0	22594	27018	0	849059	250.937	286.547	0	19620	685.751	623.857	0.821848
19800	5.89459e+07	923.972	5503	955	343	276	0	923.972	44	102.962	0	21892	27209.4	0	1.15908e+06	325.175	309.734	0	19800	692.93	622.735	0.82037
19980	2.37454e+07	176.884	997	82	343	276	0	176.884	44	180	0	21892.5	27255	0	1.03011e+06	324.736	393.588	0	19980	674.816	621.615	0.818894
20160	1.85764e+07	138.379	549	103	343	276	0	138.379	44	180	0	21804	27253.6	0	725589	284.142	332.475	0	20160	669.822	620.497	0.817422
20340	8.90455e+06	70.6869	551	0	343	276	0	70.6869	43	168.457	0	21962	27255	0	362693	370.382	348.543	0	20340	654.413	619.381	0.815952
20520	2.33918e+07	190.346	553	137	343	276	0	190.346	43.0001	164.436	0	21962	27202.7	0	1.69288e+06	439.232	333.881	0	20520	646.882	618.267	0.814484
20700	7.86205e+07	788.935	6464	966	338	280	0	788.935	44	137.657	0	22227.9	26782	0	3.35534e+06	336.211	309.169	0	20700	642.849	617.155	0.81302
20880	7.88358e+07	789.972	5988	1447	335	279	0	789.972	44	137.805	0	22129.5	26548.4	0	2.62403e+06	307.295	325.191	0	20880	637.148	616.045	0.811558
21060	1.27403e+08	1089.9	8308	1149	340	275	0	1089.9	44	156.977	0	21812.7	26931	0	2.62062e+06	314.595	315.678	0	21060	627.071	614.938	0.810098
21240	1.08166e+08	1091.23	8276	692	340	273	0	1091.23	43	137.101	0	21656	26984.7	0	2.14233e+06	327.86	352.228	0	21240	614.845	613.832	0.808641
21420	1.66754e+08	1300.41	10565	848	343	274	0	1300.41	43.0023	171.497	0	21755.4	27178.2	0	3.85455e+06	336.879	315.845	0	21420	621.131	612.728	0.807187
21600	1.827e+08	1889.01	13558	1878	343	276	0	1889.01	43.9999	134.607	0	21885.1	27167.9	0	2.16357e+06	313.907	313.693	0	21600	623.35	611.626	0.805735
21780	9.29127e+07	874.747	6075	1268	342	279	0	874.747	44	144.697	0	22048.4	27141.7	0	2.58402e+06	280.097	350.54	0	21780	625.91	610.526	0.804286
21960	6.92713e+07	768.149	5805	852	339	278	0	768.149	44	128.008	0	22019.7	26902.5	0	1.66056e+06	292.325	355.605	0	21960	604.835	609.428	0.80284
22140	6.50059e+07	561.233	4164	924	346	283	0	561.233	44	155.696	0	22452.7	27387.7	0	1.82956e+06	313.425	303.444	0	22140	596.483	608.332	0.801396
22320	7.00636e+07	633.355	5114	914	344	287	0	633.355	44	149.627	0	22775.6	27209.1	0	1.68164e+06	330.925	290.191	0	22320	588.206	607.238	0.799955
22500	1.40726e+07	104.83	1006	101	344	287	0	104.83	44	180	0	22790.7	27330.6	0	460247	325.939	337.905	0	22500	592.376	606.146	0.798516
22680	7.78465e+06	57.9895	278	0	344	287	0	57.9895	44	180	0	22673	27176	0	663776	305.177	299.999	0	22680	582.231	605.056	0.79708
22860	6.56566e+07	655.612	5345	253	349	303	0	655.612	43.0001	138.173	0	24026	27648.9	0	1.40114e+06	321.986	307.272	0	22860	561.176	603.968	0.795647
23040	9.5089e+07	817.282	6583	925	347	310	0	817.282	44	156.32	0	24562.2	27491.9	0	3.38156e+06	304.126	324.527	0	23040	572.756	602.882	0.794216
23220	5.64916e+07	701.381	5090	967	346	312	0	701.381	44	118.652	0	24742.3	27423.8	0	1.09446e+06	314.366	345.473	0	23220	545.707	601.797	0.792788
23400	3.61968e+07	368.355	1180	23	346	312	0	368.355	43	136.208	0	24648	27492	0	1.17955e+06	261.998	421.628	0	23400	532.37	600.715	0.791362
23580	1.51549e+08	1189.77	9275	1716	348	309	0	1189.77	43.9999	170.338	0	24496.9	27592.3	0	3.41166e+06	319.156	325.649	0	23580	541.866	599.635	0.789939
23760	7.8988e+07	588.398	5000	633	350	310	0	588.398	44	180	0	24576.1	27709.6	0	1.84509e+06	317.591	310.31	0	23760	540.313	598.556	0.788518
23940	1.34763e+08	1266.66	9557	1434	347	306	0	1266.66	44	144.891	0	24281.1	27498.1	0	3.42703e+06	335.449	336.618	0	23940	532.554	597.48	0.7871
24120	1.77537e+08	1416.85	11207	1603	347	307	0	1416.85	44	167.573	0	24317.5	27540.6	0	3.0104e+06	306.496	347.245	0	24120	537.841	596.405	0.785684
24300	1.59429e+08	1210.58	9162	1422	348	306	0	1210.58	43	176.32	0	24310.4	27615.3	0	2.63839e+06	349.464	344.298	0	24300	541.006	595.333	0.784271
24480	1.34808e+08	1113.44	8469	1309	351	304	0	1113.44	43.0001	162.126	0	24051.6	27764.2	0	1.47409e+06	287.514	287.229	0	24480	549.477	594.262	0.782861
24660	9.23548e+07	718.501	5840	1112	346	301	0	718.501	43	171.915	0	23817	27491.5	0	2.07517e+06	294.315	370.142	0	24660	541.124	593.194	0.781453
24840	1.23081e+08	1124.51	9170	1065	349	300	0	1124.51	44	148.301	0	23786.5	27674.7	0	1.93166e+06	316.995	335.862	0	24840	540.028	592.127	0.780048
25020	1.25156e+08	932.316	7850	1088	348	302	0	932.316	44	180	0	23982.5	27574.8	0	2.50361e+06	347.858	313.398	0	25020	532.098	591.062	0.778645
25200	6.30321e+07	517.586	4143	502	348	302	0	517.586	44	163.02	0	23921.4	27642.2	0	1.29463e+06	298.647	331.538	0	25200	533.066	589.999	0.777245
25380	6.29003e+07	510.342	3879	603	348	302	0	510.342	44	164.899	0	23886.5	27529	0	1.28107e+06	282.512	300.843	0	25380	546.638	588.938	0.775847
25560	1.17546e+07	87.5634	255	0	348	302	0	87.5634	43	179.998	0	23858	27650	0	619694	208.13	338.212	0	25560	532.997	587.879	0.774452
25740	7.87344e+07	640.061	5359	950	344	298	0	640.061	44	164.59	0	23643.2	27239.6	0	2.01387e+06	337.589	315.953	0	25740	535.772	586.822	0.773059
25920	4.02532e+07	346.335	982	155	344	298	0	346.335	43.9999	156.174	0	23542	27334	0	2.06023e+06	206.669	349.161	0	25920	542.419	585.766	0.771669
26100	287152	140.073	134	82	344	298	0	140.073	43	18.063	0	23621	27233.2	0	337345	338.613	295.496	0	26100	540.052	584.713	0.770281
26280	1.02086e+07	76.0459	395	0	344	298	0	76.0459	44	180	0	23542	27176	0	715594	282.45	323.881	0	26280	529.874	583.661	0.768896
26460	7.32493e+07	756.186	5771	1152	343	290	0	756.186	44	134.761	0	22990.5	27186.3	0	1.38837e+06	333.446	330.341	0	26460	542.125	582.612	0.767513
26640	7.8083e+07	705.361	5488	870	343	292	0	705.361	43	149.715	0	23099	27206.3	0	1.02985e+06	276.388	338.8	0	26640	531.577	581.564	0.766133
26820	1.82504e+07	141.618	1163	51	343	292	0	141.618	43	172.371	0	23226	27255	0	595722	376.632	367.816	0	26820	533.475	580.518	0.764755
27000	2.08244e+06	732	615	0	343	292	0	732	44	21.2785	0	23147.2	27255	0	237017	337.303	365.414	0	27000	518.647	579.474	0.763379
27180	2.7733e+06	23.3149	245	0	343	292	0	23.3149	43	159.483	0	23068	27097	0	300446	241.94	299.807	0	27180	510.138	578.432	0.762007
27360	965539	474.29	310	170	343	292	0	474.29	43.9464	18	0	23146.9	27153.1	0	241924	297.243	281.532	0	27360	516.186	577.392	0.760636
27540	1.40144e+06	688.364	601	26	343	292	0	688.364	44	18.0007	0	23068.2	27205.7	0	341879	271.487	341.561	0	27540	512.478	576.353	0.759268
27720	923927	453.76	270	84	343	292	0	453.76	43	18.0018	0	23225.8	27097	0	151745	326.732	266.632	0	27720	506.259	575.317	0.757903
27900	4.37335e+06	612	982	138	343	292	0	612	44	33.7242	0	23102.3	27139.2	0	271775	325.687	279.631	0	27900	502.596	574.282	0.75654
28080	4.10178e+06	59.3786	650	0	343	292	0	59.3786	43	107.876	0	23068	27097	0	235154	267.652	284.313	0	28080	513.944	573.249	0.755179
28260	1.17935e+06	433.768	388	217	343	292	0	433.768	43	20.8019	0	23156.1	27175.7	0	101765	316.897	257.678	0	28260	489.88	572.218	0.753821
28440	2.55943e+06	557.999	596	115	343	292	0	557.999	43	27.0188	0	23181.1	27121	0	144412	359.063	250.998	0	28440	500.127	571.189	0.752466
28620	3.3628e+06	748	988	18	343	292	0	748	44	26.7491	0	23226	27202.9	0	283225	330.773	339.748	0	28620	497.594	570.162	0.751112
28800	1.6973e+06	622	330	19	343	292	0	622	43	20.8399	0	23226	27097	0	290016	341.014	332.5	0	28800	493.68	569.137	0.749762
