MS2-QUANT	v0j
Region DEFINITION, 05-Apr-2021
COMMENT	Outline definition performed in MS2-QUANT (Main program)
FILE	MAX_20201217_RI516_C12MS2128TkTat_001_visit_5.tif
PATH	/Volumes/EBL/20201217/
PARAMETERS
Pix-XY	Pix-Z	RI	Ex	Em	NA	dT	Type
79	600	1.458	488	521	1.4	180	widefield
ANALYSIS-SETTINGS	
IMAGING-BACKGROUND	150
LIMIT-FIT-SIGMA-XY-MIN	17
LIMIT-FIT-SIGMA-XY-MAX	159
LIMIT-FIT-SIGMA-Z-MIN	0
LIMIT-FIT-SIGMA-Z-MAX	0
LIMIT-FIT-BGD-MIN	42
LIMIT-FIT-BGD-MAX	43
DETECTION-THRESHOLD	500
REGION	TxSite
X_POS	208	209	209	210	210	211	211	212	212	213	214	214	215	215	216	216	217	217	218	218	219	219	220	220	221	221	222	222	223	223	224	224	225	225	225	226	226	227	227	228	228	228	229	229	230	230	230	231	231	232	232	232	233	234	234	235	235	235	236	236	237	237	237	238	238	239	239	239	240	240	241	241	242	242	242	243	243	244	244	245	245	245	246	246	246	247	247	248	248	249	249	249	250	250	251	251	252	252	252	253	253	254	254	254	255	255	256	256	257	257	258	258	258	259	259	260	260	261	261	262	262	262	263	263	263	264	264	264	265	265	266	266	266	267	267	267	268	268	268	268	268	268	268	269	269	269	269	269	269	269	269	269	269	269	269	269	269	269	269	269	269	270	270	270	270	270	270	270	270	270	269	269	269	268	268	268	267	267	267	266	266	265	265	265	265	264	264	263	263	263	262	262	262	261	261	260	260	259	259	258	258	257	257	256	256	255	254	254	254	253	253	252	252	251	251	250	250	249	249	248	248	247	247	246	246	245	245	245	244	244	243	243	242	242	241	241	240	240	239	239	238	238	237	237	236	236	235	235	235	234	234	233	233	232	232	232	232	231	231	230	230	229	229	228	228	227	227	226	226	225	225	224	224	223	223	222	222	221	221	220	220	219	219	218	218	217	217	216	216	215	215	214	214	213	213	212	212	212	211	211	210	210	210	209	209	209	209	208	208	208	208	207	207	207	207	207	206	206	206	206	206	205	205	205	205	204	204	204	204	203	203	202	202	201	201	200	200	200	199	199	198	198	197	197	196	196	195	195	194	194	193	193	192	192	191	191	190	190	189	189	188	188	187	187	186	185	185	184	184	184	183	183	183	183	183	182	182	182	182	181	181	181	181	180	180	180	180	179	179	179	179	179	178	178	178	178	178	177	177	177	177	177	177	177	177	176	176	176	176	176	176	176	176	176	176	176	176	176	176	176	176	176	176	177	177	177	177	177	177	177	177	177	178	178	178	178	178	178	178	178	178	179	179	179	180	180	180	180	181	181	181	181	181	182	182	183	183	183	184	184	184	185	185	186	186	186	187	187	188	188	188	188	189	189	189	190	190	190	191	191	192	193	193	194	194	195	195	196	196	196	197	197	197	198	198	198	199	200	200	201	201	202	202	202	203	203	204	204	205	206	206	END
Y_POS	147	147	147	147	147	147	147	147	147	147	147	147	147	148	148	148	148	148	148	148	148	148	148	148	148	148	148	148	148	148	148	148	148	148	148	148	148	148	148	148	148	147	147	147	147	147	147	147	147	147	146	146	146	146	146	146	146	146	146	146	146	146	145	145	145	145	145	145	145	145	145	145	145	145	144	144	144	144	144	144	144	144	144	144	143	143	143	143	143	143	143	143	143	142	142	142	142	142	141	141	141	141	141	140	140	140	140	140	140	140	140	139	139	139	139	139	139	138	138	138	138	138	137	137	137	137	137	136	136	135	135	135	134	134	134	133	133	133	133	132	132	131	131	131	130	130	129	129	128	128	128	127	127	126	126	125	125	124	124	123	123	122	122	121	121	120	120	119	119	118	118	118	117	117	117	117	117	116	116	116	116	116	115	115	115	115	115	115	114	114	114	114	114	114	114	114	113	113	113	113	113	113	113	113	112	112	112	112	112	112	112	112	112	112	111	111	111	111	111	111	111	111	111	111	111	111	110	110	110	110	110	110	110	110	110	110	110	110	110	110	110	110	110	110	111	111	111	111	111	111	112	112	112	112	112	112	113	113	113	113	113	113	113	113	113	113	113	113	113	113	113	113	113	113	113	113	113	113	113	113	113	113	113	113	113	113	113	113	113	113	113	113	113	113	113	113	113	113	113	112	112	112	111	111	111	110	110	109	109	108	108	108	107	107	107	106	106	106	105	105	105	105	104	104	104	104	103	103	103	103	102	102	102	102	102	102	102	101	101	101	101	101	101	101	101	101	101	101	101	101	100	100	100	100	100	100	100	100	100	100	100	100	100	100	100	101	101	101	101	101	101	102	102	102	103	103	103	103	104	104	105	105	106	106	106	107	107	107	108	108	108	109	109	109	110	110	110	110	111	111	112	112	112	113	113	113	114	114	115	115	116	117	117	118	118	119	119	120	120	121	121	122	122	123	123	124	124	125	125	125	126	126	127	127	128	128	129	129	129	130	130	131	131	132	132	132	133	133	133	134	134	134	135	135	136	136	136	136	137	137	138	138	139	139	139	139	139	140	140	141	141	141	141	141	142	142	142	142	143	143	143	144	144	144	144	145	145	145	145	145	145	146	146	146	146	146	146	146	146	147	147	147	147	147	147	147	147	148	148	148	148	END
QUANTIFICATION
Time[s]	Q_Integrate	Q_AMP	Q_Sum_pix	Q_MIP_int	Pix_Y	Pix_X	Pix_Z	AMP	BGD	SigmaXY	SigmaZ	MuY	MuX	MuZ	RES	Cent_Y	Cent_X	Cent_Z	OPB_time	OPB_INT	OPB_FIT	OPB_FIT_norm
0	569680	313.728	218	18	138	201	0	313.728	42	17	0	16037	11060	0	145136	233.829	320.29	0	0	738.673	762.965	1
180	474771	260.25	289	52	138	201	0	260.25	43	17.0395	0	15897.7	10987.8	0	185299	303.835	330.407	0	180	715.022	761.593	0.998201
360	1.11016e+06	103.366	338	0	138	201	0	103.366	43	41.3442	0	15879	11060	0	212902	264.69	350.042	0	360	746.143	760.223	0.996406
540	461257	229.339	252	0	138	201	0	229.339	43	17.8913	0	16037	10981.1	0	182798	354.255	307.845	0	540	738.657	758.856	0.994614
720	5780.62	2.89352	177	0	138	201	0	2.89352	42	17.8313	0	16036.8	11059.1	0	182343	336.652	345.396	0	720	735.237	757.492	0.992826
900	2.28674e+06	130.932	816	0	138	201	0	130.932	43	52.7229	0	16037	11032.7	0	247764	326.061	333.887	0	900	746.101	756.129	0.99104
1080	342772	6.08617	107	0	138	201	0	6.08617	42	95.9752	0	16037	10902	0	248529	348.461	255.663	0	1080	727.098	754.769	0.989258
1260	3.44574e+06	80.4167	405	50	138	201	0	80.4167	42.1916	82.9346	0	16037	10902	0	450187	369.644	317.753	0	1260	731.931	753.412	0.987479
1440	1.01869e+06	219.42	412	0	138	201	0	219.42	42	27.1827	0	16007.4	10902	0	153760	365.081	282.779	0	1440	723.424	752.057	0.985703
1620	148711	81.3424	224	0	138	201	0	81.3424	42	17.0578	0	16037	11058.1	0	166742	351.562	311.854	0	1620	719.83	750.705	0.98393
1800	3.0012e+06	89.6568	221	14	138	201	0	89.6568	42	73.0768	0	16037	10902	0	319792	339.817	257.06	0	1800	710.576	749.355	0.982161
1980	5.45745e+06	212.216	626	200	138	201	0	212.216	42	63.9895	0	15879	11060	0	348233	265.188	305.798	0	1980	718.05	748.007	0.980395
2160	339044	186.658	234	0	138	201	0	186.658	42	17.0026	0	15879.5	10980.7	0	233652	283.691	368.127	0	2160	711.347	746.662	0.978631
2340	687393	378.552	283	0	138	201	0	378.552	43	17	0	15993.9	11060	0	314553	341.348	315.507	0	2340	687.234	745.319	0.976872
2520	1.01386e+06	558.341	424	99	138	201	0	558.341	42	17	0	16036.8	11060	0	346809	322.592	283.657	0	2520	702.232	743.979	0.975115
2700	311071	171.277	145	40	138	201	0	171.277	43	17.0016	0	15888.5	10981.4	0	318529	303.606	272.339	0	2700	684.415	742.641	0.973361
2880	4.03198e-11	2.22045e-14	4	0	138	201	0	2.22045e-14	43	17	0	16037	11059.7	0	405505	231.322	311.263	0	2880	695.219	741.305	0.971611
3060	74940.5	40.7164	144	0	138	201	0	40.7164	42	17.1153	0	16036	10983.8	0	313243	306.086	282.954	0	3060	663.757	739.972	0.969863
3240	1.36529e+06	681.972	416	93	138	201	0	681.972	42	17.8501	0	16010.9	10981.6	0	242739	282.427	310.446	0	3240	676.499	738.641	0.968119
3420	805112	11.62	119	0	138	201	0	11.62	42	108.07	0	16037	11060	0	248707	376.059	336.739	0	3420	700.218	737.313	0.966378
3600	941767	518.633	261	8	138	201	0	518.633	43	17.0001	0	16037	11027.8	0	235465	315.865	337.426	0	3600	689.444	735.987	0.96464
3780	1.75221e+07	147.796	669	0	138	201	0	147.796	42	158.999	0	16037	11003.1	0	622321	410.904	330.164	0	3780	683.032	734.663	0.962905
3960	6.63582e+07	1086.29	6179	1147	138	201	0	1086.29	43	100.439	0	15924.9	11022.3	0	1.41119e+06	294.162	347.592	0	3960	669.017	733.342	0.961174
4140	1.62472e+06	44.8222	124	0	138	201	0	44.8222	42	76.0945	0	15879	10902	0	229936	326.612	249.802	0	4140	658.266	732.023	0.959445
4320	1.78677e+06	861.718	611	275	138	201	0	861.718	42	18.1661	0	15980.7	10980	0	302111	291.87	296.054	0	4320	668.346	730.707	0.95772
4500	547610	280	336	0	138	201	0	280	42	17.6428	0	15879	11060	0	95940.5	283.664	295.063	0	4500	665.285	729.393	0.955997
4680	9.20369e+07	1249.15	8275	1294	119	191	0	1249.15	42	112.172	0	15182.9	9510.85	0	956738	342.539	343.903	0	4680	671.814	728.081	0.954278
4860	5.23255e+07	816.817	5032	793	119	191	0	816.817	42	103.208	0	15153.2	9508.28	0	1.07706e+06	295.889	347.573	0	4860	657.012	726.772	0.952562
5040	7.49528e+07	858.967	6364	525	118	185	0	858.967	42	125.132	0	14727.8	9362.27	0	1.50068e+06	338.239	284.411	0	5040	664.665	725.465	0.950849
5220	4.60917e+06	177.513	642	0	118	185	0	177.513	43	64.2992	0	14773	9480	0	401354	351.841	328.591	0	5220	658.739	724.16	0.949139
5400	5.36737e+07	756.043	5177	997	118	186	0	756.043	42	109.66	0	14771.3	9372.18	0	953526	292.015	272.64	0	5400	643.936	722.858	0.947432
5580	953135	524.9	345	25	118	186	0	524.9	42.9999	17	0	14829.2	9322	0	320940	329.694	325.523	0	5580	648.116	721.558	0.945728
5760	8.17272e+06	68.9351	634	46	118	186	0	68.9351	43	159	0	14694	9322	0	453449	310.107	248.073	0	5760	657.709	720.26	0.944027
5940	1.63753e+07	168.564	939	99	118	186	0	168.564	43	135.049	0	14852	9322	0	696553	392.549	286.75	0	5940	648.176	718.965	0.94233
6120	4.03286e+07	598.577	2606	399	118	186	0	598.577	42	106.29	0	14852	9341.26	0	1.20563e+06	390.529	257.177	0	6120	656.531	717.672	0.940635
6300	2.69022e+06	40.5285	245	50	118	186	0	40.5285	42.0001	105.364	0	14852	9434.27	0	194312	347.928	310.736	0	6300	657.264	716.381	0.938943
6480	0.0259399	1.42852e-05	108	0	118	186	0	1.42852e-05	42	17	0	14775.8	9352.86	0	178192	332.097	260.362	0	6480	659.144	715.093	0.937255
6660	920859	507.122	490	66	118	186	0	507.122	42.5398	17.0001	0	14704.9	9432.98	0	153394	292.321	255.193	0	6660	652.244	713.807	0.935569
6840	2.51237e+06	43.017	253	116	118	186	0	43.017	42	97.9319	0	14694	9322	0	143536	239.439	249.194	0	6840	660.145	712.523	0.933887
7020	407858	224.608	454	0	118	186	0	224.608	42	17.0001	0	14852	9407.56	0	269446	379.614	271.454	0	7020	662.248	711.242	0.932207
7200	6.78865e+07	717.835	4930	1381	110	192	0	717.835	42	132.414	0	15174.3	8736.92	0	2.28154e+06	245.46	291.365	0	7200	666.705	709.963	0.930531
7380	5.34631e+07	494.684	3164	528	110	192	0	494.684	42	146.755	0	15326	8690	0	1.14697e+06	400.019	251.862	0	7380	662.394	708.686	0.928857
7560	1.02316e+07	135.278	1209	0	110	192	0	135.278	43	114.006	0	15326	8848	0	526922	362.886	330.309	0	7560	659.87	707.411	0.927187
7740	272372	149.261	133	86	110	192	0	149.261	42	17.0419	0	15247	8768.96	0	173325	358.3	309.026	0	7740	671.546	706.139	0.925519
7920	4.08583e+06	95.1673	497	110	110	192	0	95.1673	42	83.0196	0	15170.9	8690	0	279341	299.195	315.178	0	7920	658.003	704.869	0.923855
8100	0.00013838	7.62074e-08	175	0	110	192	0	7.62074e-08	42	17	0	15168	8848	0	234830	246.683	313.526	0	8100	654.149	703.602	0.922194
8280	1.78499e+06	135.831	562	97	110	192	0	135.831	42	45.733	0	15226.4	8848	0	124222	302.063	358.027	0	8280	649.33	702.336	0.920535
8460	1.71183e+06	700	348	0	110	192	0	700	42	19.7284	0	15257.8	8690	0	271697	282.62	255.446	0	8460	646.425	701.073	0.91888
8640	1.27015e+08	1555.68	10866	1360	117	204	0	1555.68	42	119.705	0	16168.4	9311.53	0	1.80633e+06	287.78	313.752	0	8640	651.623	699.812	0.917227
8820	7.07593e+07	1005.24	6377	1141	118	200	0	1005.24	43	109.099	0	15886.2	9433.95	0	1.01837e+06	318.152	342.643	0	8820	659.553	698.554	0.915578
9000	9.12002e+06	95.2908	454	0	118	200	0	95.2908	42.0001	133.572	0	15851.8	9322	0	435448	293.115	234.359	0	9000	661.814	697.298	0.913931
9180	3.45179e+06	1015.94	963	0	118	200	0	1015.94	43	23.2541	0	15804.6	9426.74	0	532686	302.801	436.815	0	9180	649.628	696.044	0.912287
9360	3.68153e+07	553.873	2062	85	118	200	0	553.873	43	105.448	0	15951.5	9480	0	1.25134e+06	364.401	405.611	0	9360	665.428	694.792	0.910647
9540	6.50182e+07	846.606	5917	1001	120	201	0	846.606	42.9999	115.103	0	15948.6	9559.78	0	1.1471e+06	294.517	314.783	0	9540	655.711	693.542	0.909009
9720	3.6882e+07	473.89	1849	115	120	201	0	473.89	43	116.075	0	15879	9638	0	1.71346e+06	232.272	418.68	0	9720	658.505	692.295	0.907374
9900	4.2786e+07	1071.61	4922	928	123	201	0	1071.61	43	79.9582	0	15928.6	9833.73	0	795484	258.717	355.558	0	9900	653.446	691.05	0.905743
10080	1.28932e+06	709.621	399	83	123	201	0	709.621	43	17.005	0	15879.7	9717	0	455454	335.439	321.07	0	10080	661.652	689.807	0.904114
10260	2.91377e+06	228.949	968	73	123	201	0	228.949	42	45.0058	0	15885.5	9794.31	0	133573	320.49	330.765	0	10260	649.882	688.567	0.902488
10440	253815	138.512	204	8	123	201	0	138.512	42	17.0775	0	15883.1	9795.99	0	222739	399.17	225.436	0	10440	658.26	687.329	0.900865
10620	93600.7	48.6106	59	0	123	201	0	48.6106	42	17.5059	0	15958.1	9717.44	0	100295	311.607	299.545	0	10620	654.245	686.092	0.899245
10800	682741	46.5214	208	44	123	201	0	46.5214	42.271	48.3295	0	16037	9765.19	0	251347	354.033	327.772	0	10800	643.504	684.859	0.897627
10980	1.45245e+06	15.5228	161	61	123	201	0	15.5228	42	131.399	0	16037	9717	0	211897	341.758	258.494	0	10980	658.079	683.627	0.896013
11160	1.08132e+06	432	369	0	123	201	0	432	42	19.9593	0	16016.2	9875	0	143214	370.82	381.522	0	11160	646.666	682.398	0.894402
11340	1.46424e+06	804.337	391	232	123	201	0	804.337	42.0004	17.0215	0	15982.3	9795.21	0	357803	310.306	299.93	0	11340	645.105	681.17	0.892793
11520	2.17907e+06	710.92	801	46	123	201	0	710.92	42	22.0869	0	15958.7	9717	0	256716	388.082	290.569	0	11520	651.911	679.945	0.891188
11700	1.67173e+06	587.997	494	0	123	201	0	587.997	43	21.2718	0	15964.5	9874.97	0	230698	292.918	321.175	0	11700	643.688	678.723	0.889585
11880	917357	26.5225	419	0	123	201	0	26.5225	42	74.3003	0	15941.8	9875	0	316013	332.795	361.958	0	11880	634.803	677.502	0.887985
12060	2.65325e+06	733.999	644	367	123	201	0	733.999	42	23.9857	0	15972.8	9791.31	0	212110	361.415	289.803	0	12060	644.245	676.284	0.886388
12240	2.94562e+06	955.992	825	0	123	201	0	955.992	43	22.1448	0	15880.1	9717	0	302054	280.984	298.157	0	12240	640.264	675.067	0.884794
12420	995751	69.4893	206	0	123	201	0	69.4893	43	47.7559	0	15879	9717.05	0	1.01739e+06	281.214	431.918	0	12420	654.14	673.853	0.883203
12600	1.16087e+06	96.9031	197	92	123	201	0	96.9031	42	43.665	0	16037	9793.57	0	125195	383.845	265.204	0	12600	661.15	672.641	0.881615
12780	8.44682	0.00465094	27	8	123	201	0	0.00465094	42	17.0015	0	15936.5	9723.63	0	104806	308.431	339.298	0	12780	656.159	671.432	0.880029
12960	3.24843e+06	57.4184	425	15	123	201	0	57.4184	42	96.2149	0	15879	9717	0	368304	305.534	277.784	0	12960	672.026	670.224	0.878447
13140	1.74393e+06	38.3214	170	84	123	201	0	38.3214	42	85.5858	0	15993.1	9717	0	225561	334.013	236.394	0	13140	674.969	669.019	0.876867
13320	9.75886e+07	1846.13	10175	2203	131	197	0	1846.13	43	92.7031	0	15609.9	10440.9	0	1.90879e+06	274.358	313.678	0	13320	655.485	667.816	0.87529
13500	2.17844e+08	2002.61	14631	2202	134	198	0	2002.61	42.0001	147.544	0	15714.7	10642.4	0	6.54965e+06	305.834	296.586	0	13500	672.24	666.615	0.873716
13680	3.42229e+08	2886.63	21156	2726	134	204	0	2886.63	43	159	0	16176.9	10665.4	0	1.2889e+07	291.153	313.361	0	13680	677.793	665.416	0.872145
13860	6.59098e+08	6719.07	46329	6739	133	205	0	6719.07	42.0001	136.029	0	16247.4	10542.5	0	1.00391e+07	294.222	281.189	0	13860	676.149	664.219	0.870576
14040	3.08137e+08	3120.87	21791	3603	136	204	0	3120.87	43	136.696	0	16229.7	10824	0	4.37077e+06	338.548	319.619	0	14040	666.425	663.025	0.86901
14220	1.74851e+08	1863.98	12957	1680	131	205	0	1863.98	42	131.638	0	16297.8	10448.4	0	3.26322e+06	333.646	330.577	0	14220	679.508	661.832	0.867448
14400	1.58485e+08	1546.39	11446	1065	129	204	0	1546.39	42	140.656	0	16200.6	10294.4	0	3.88654e+06	316.615	338.322	0	14400	663.652	660.642	0.865888
14580	1.32604e+08	2010.86	11965	2086	132	209	0	2010.86	43	104.96	0	16584.9	10470.4	0	3.03014e+06	320.498	282.865	0	14580	692.776	659.454	0.86433
14760	3.52608e+08	3208.54	23941	2718	130	213	0	3208.54	43	148.803	0	16910.7	10355.5	0	9.01319e+06	312.931	315.025	0	14760	691.985	658.268	0.862776
14940	4.88512e+08	4139.41	30753	3782	133	212	0	4139.41	42.0002	158.337	0	16858.7	10583	0	1.93608e+07	336.586	312.284	0	14940	695.147	657.084	0.861224
15120	1.92118e+08	2033.54	14771	2309	134	212	0	2033.54	42	132.316	0	16775	10628	0	5.429e+06	261.962	285.609	0	15120	684.528	655.903	0.859676
15300	1.58251e+08	2575.38	14385	2641	133	213	0	2575.38	43	100.775	0	16933.3	10615.2	0	3.04071e+06	339.158	345.215	0	15300	684.162	654.723	0.85813
15480	1.08285e+08	1559.41	9712	1476	130	212	0	1559.41	42.0018	108.213	0	16847	10387	0	1.84924e+06	334.393	353.511	0	15480	693.637	653.546	0.856586
15660	5.55334e+08	6334.96	43130	6523	132	216	0	6334.96	42.9999	125.526	0	17138.4	10481.4	0	8.5208e+06	307.827	297.084	0	15660	692.073	652.37	0.855046
15840	5.3942e+08	5316.65	38727	4807	130	218	0	5316.65	43	139.56	0	17302.8	10364.6	0	8.66168e+06	310.22	326.888	0	15840	694.435	651.197	0.853508
16020	2.72438e+08	2297.96	17650	2514	129	219	0	2297.96	43	159	0	17419.3	10274.7	0	8.55275e+06	338.115	322.041	0	16020	679.328	650.026	0.851973
16200	1.47559e+08	1776.78	11963	1946	126	220	0	1776.78	42.9999	121.05	0	17450.8	10056.4	0	2.81943e+06	310.269	328.074	0	16200	693.381	648.857	0.850441
16380	2.65612e+07	224.038	1162	0	126	220	0	224.038	43	159	0	17538	10112	0	1.55132e+06	405.131	383.036	0	16380	689.801	647.69	0.848912
16560	231414	127.442	120	0	126	220	0	127.442	42	17	0	17525.6	10112	0	300493	358.84	385.211	0	16560	695.466	646.525	0.847385
16740	9.75416e+07	907.649	7679	1123	129	231	0	907.649	43	146.077	0	18310	10263.4	0	3.53311e+06	313.655	316.778	0	16740	692.368	645.363	0.845861
16920	2.68029e+08	3320.26	21017	3993	130	235	0	3320.26	43	118.826	0	18646.3	10324.8	0	7.49774e+06	309.105	293.931	0	16920	709.434	644.202	0.84434
17100	3.29066e+08	2847.45	20840	2664	129	234	0	2847.45	42	155.384	0	18530.4	10256.2	0	1.20221e+07	294.623	302.679	0	17100	700.105	643.044	0.842821
17280	3.91258e+08	3560.98	26500	3455	132	238	0	3560.98	43	148.777	0	18871.3	10464.6	0	5.34122e+06	305.833	284.186	0	17280	703.329	641.887	0.841306
17460	3.97975e+08	3388.71	25422	3344	127	242	0	3388.71	42.0002	157.64	0	19196.9	10121	0	8.08448e+06	317.315	322.814	0	17460	707.589	640.733	0.839793
17640	3.44283e+08	3361.25	24511	4257	129	242	0	3361.25	43	140.591	0	19214	10258.1	0	8.81376e+06	324.884	303.072	0	17640	669.648	639.58	0.838283
17820	5.31934e+08	4486.75	33233	4285	128	244	0	4486.75	43	159	0	19323.3	10169.1	0	1.40789e+07	295.774	304.482	0	17820	702.302	638.43	0.836775
18000	3.70961e+08	3128.97	22850	3005	126	243	0	3128.97	43	159	0	19268.1	10032.8	0	1.35506e+07	313.156	311.005	0	18000	715.268	637.282	0.83527
18180	4.16669e+08	4389.62	30369	4019	126	246	0	4389.62	42.0016	132.77	0	19543.6	10017.5	0	1.48786e+07	342.526	299.084	0	18180	707.847	636.136	0.833768
18360	5.33621e+08	5122.87	36896	5323	127	244	0	5122.87	42	142.459	0	19342.5	10087.8	0	6.16616e+06	308.653	297.591	0	18360	705.663	634.992	0.832269
18540	4.51257e+08	4022.63	29944	4044	125	243	0	4022.63	43	151.413	0	19277.9	9943.6	0	1.18879e+07	310.962	307.068	0	18540	672.72	633.85	0.830772
18720	2.21581e+08	2248.97	15969	2377	124	247	0	2248.97	42.9991	136.478	0	19573.6	9859.94	0	6.38625e+06	301.333	313.191	0	18720	683.136	632.71	0.829278
18900	2.5167e+08	3751.78	22477	4211	123	246	0	3751.78	43	106.017	0	19493.7	9810.3	0	4.45533e+06	287.608	323.179	0	18900	704.836	631.572	0.827786
19080	4.58697e+08	4032.82	30303	3953	126	246	0	4032.82	43	153.229	0	19544.8	10049.1	0	1.29359e+07	330.699	324.211	0	19080	690.191	630.436	0.826298
19260	1.34201e+08	1421.31	10211	1524	125	248	0	1421.31	43	132.261	0	19700.2	9931.49	0	3.06644e+06	335.056	300.085	0	19260	687.297	629.303	0.824812
19440	3.3401e+08	3867.95	25899	4132	127	247	0	3867.95	42.9999	124.248	0	19555.7	10128.1	0	5.18102e+06	285.706	338.994	0	19440	683.564	628.171	0.823328
19620	5.72441e+08	5212.32	39810	4028	128	249	0	5212.32	42	148.721	0	19727.9	10169.8	0	2.45831e+07	288.995	298.483	0	19620	674.521	627.041	0.821848
19800	5.49716e+08	4912.2	34952	4852	125	247	0	4912.2	42.0001	151.1	0	19570.8	9928.88	0	1.17286e+07	303.286	298.795	0	19800	681.342	625.914	0.82037
19980	2.72786e+08	2300.89	16870	1973	123	248	0	2300.89	43	159	0	19708.7	9829.56	0	5.05004e+06	345.209	340.094	0	19980	681.003	624.788	0.818894
20160	3.44694e+08	3020.14	21681	2720	130	249	0	3020.14	42.9996	153.688	0	19773.5	10358.1	0	6.62542e+06	332.651	316.967	0	20160	675.916	623.664	0.817422
20340	5.48155e+08	4784.68	36525	3742	128	247	0	4784.68	42.0004	154.198	0	19634.4	10181	0	1.41494e+07	349.728	308.758	0	20340	674.918	622.543	0.815952
20520	2.65521e+08	2272.7	17505	1699	128	247	0	2272.7	42.0001	156.901	0	19599.8	10227.9	0	3.59175e+06	326.02	342.747	0	20520	670.919	621.423	0.814484
20700	9.64159e+07	994.168	7627	860	126	249	0	994.168	43	134.88	0	19761.2	10060.5	0	2.68519e+06	316.29	338.667	0	20700	694.087	620.306	0.81302
20880	4.37201e+07	368.77	2081	340	126	249	0	368.77	43	159	0	19713	10112	0	1.80629e+06	305.92	367.049	0	20880	678.371	619.19	0.811557
21060	4.97086e+07	419.282	2320	221	126	249	0	419.282	43	159	0	19829	10106.4	0	1.70495e+06	351.929	355.613	0	21060	688.601	618.077	0.810098
21240	5.20033e+07	979.378	5423	1278	128	251	0	979.378	43	92.9286	0	19910.3	10186	0	1.65924e+06	304.846	300.53	0	21240	677.501	616.965	0.808641
21420	5.0148e+07	515.18	2113	417	128	251	0	515.18	43	135.25	0	19829	10112	0	1.69349e+06	204.316	283.116	0	21420	672.045	615.856	0.807187
21600	9.8611e+06	189.842	1016	174	128	251	0	189.842	43	91.8284	0	19829	10155.3	0	550737	317.032	279.177	0	21600	676.257	614.748	0.805735
21780	5.04277e+06	139.855	620	221	128	251	0	139.855	43	75.8899	0	19970.9	10112	0	300150	350.324	254	0	21780	669.772	613.642	0.804286
21960	579166	316.36	449	140	128	251	0	316.36	42.9997	17.0695	0	19908.3	10191	0	329004	344.938	320.015	0	21960	668.711	612.539	0.80284
22140	3.53123e+06	491.103	630	0	128	251	0	491.103	43	33.8288	0	19987	10268.5	0	387314	341.445	309.716	0	22140	657.837	611.437	0.801396
22320	1.68955e+06	473.999	568	188	128	251	0	473.999	43	23.8181	0	19927.2	10218.6	0	215181	339.127	326.357	0	22320	648.042	610.338	0.799955
22500	2.47619e+06	574	568	0	128	251	0	574	43	26.2027	0	19939.1	10270	0	196756	390.756	319.092	0	22500	642.24	609.24	0.798516
22680	6.76409e+06	97.6275	685	151	128	251	0	97.6275	43	108.068	0	19829	10255	0	551673	277.298	305.706	0	22680	648.449	608.144	0.79708
22860	3.87593e+06	472.619	699	0	128	251	0	472.619	43	36.1279	0	19917	10112	0	307270	299.626	265.509	0	22860	660.998	607.051	0.795647
23040	2.86538e+07	299.921	966	186	128	251	0	299.921	42.9988	133.399	0	19829	10112	0	1.43747e+06	231.891	239.784	0	23040	653.738	605.959	0.794216
23220	2.31185e+06	716	696	186	128	251	0	716	43	22.669	0	19829	10118.5	0	375341	323.173	358.25	0	23220	630.149	604.869	0.792787
23400	3.65562e+06	69.6531	376	8	128	251	0	69.6531	42.0001	92.3432	0	19936	10112	0	302407	301.385	282.425	0	23400	643.63	603.782	0.791362
23580	3.28847e+06	69.5984	577	105	128	251	0	69.5984	43	87.2964	0	19987	10238	0	279934	304.919	331.145	0	23580	623.412	602.696	0.789939
23760	2.06917e+06	660	506	0	128	251	0	660	43	22.3376	0	19932	10270	0	352249	332.506	354.192	0	23760	626.851	601.612	0.788518
23940	8.12424e+06	123.347	549	0	128	251	0	123.347	43	104.886	0	19974.6	10112	0	473092	317.265	320.588	0	23940	636.953	600.53	0.7871
24120	1.34285e+06	739.022	429	24	128	251	0	739.022	43	17.0057	0	19909.3	10114.8	0	736712	274.449	235.448	0	24120	651.756	599.45	0.785684
24300	6.42703e+07	1107.51	5903	1590	117	253	0	1107.51	43	97.5827	0	20107.3	9346.37	0	1.91456e+06	360.29	347.105	0	24300	621.558	598.372	0.784271
24480	4.32715e+07	1082.76	4913	1406	118	252	0	1082.76	43	79.9968	0	19991.1	9371.25	0	1.18217e+06	335.895	310.444	0	24480	627.653	597.296	0.782861
24660	6.5898e+07	555.836	2495	331	118	252	0	555.836	42	159	0	20066	9322	0	1.80288e+06	389.916	242.96	0	24660	630.644	596.222	0.781453
24840	1.73138e+07	241.3	1389	298	118	252	0	241.3	42	110.369	0	20066	9379.23	0	905735	386.087	293.135	0	24840	633.657	595.149	0.780048
25020	4.78151e+06	1384	1101	3	118	252	0	1384	43	23.449	0	20066	9480	0	431925	387.952	322.194	0	25020	633.484	594.079	0.778645
25200	776397	408.462	280	64	118	252	0	408.462	42	17.3931	0	20043.9	9401.86	0	184849	355.32	370.986	0	25200	647.077	593.011	0.777245
25380	1.129e+07	99.1448	1010	17	118	252	0	99.1448	42.011	153.385	0	20066	9368.34	0	520315	370.444	319.766	0	25380	626.223	591.944	0.775847
25560	2.41222e+06	606	691	45	118	252	0	606	42	25.1699	0	19915.7	9377.83	0	134672	313.52	305.307	0	25560	638.889	590.88	0.774452
25740	6.08754e+07	807.856	4879	890	119	261	0	807.856	42	113.743	0	20671	9441.95	0	1.32687e+06	299.868	280.339	0	25740	632.78	589.817	0.773059
25920	1.44499e+08	1255.29	9131	1330	123	259	0	1255.29	42.0001	154.846	0	20555.5	9767.61	0	3.81501e+06	322.01	292.168	0	25920	625.406	588.756	0.771669
26100	1.34566e+08	2077.87	11853	2414	122	258	0	2077.87	43	103.86	0	20469.1	9684.96	0	2.74192e+06	310.087	285.452	0	26100	619.19	587.698	0.770281
26280	6.30604e+07	1063.67	6606	1044	123	258	0	1063.67	43	98.757	0	20456.4	9826.57	0	1.47832e+06	305.093	327.223	0	26280	629.233	586.641	0.768896
26460	4.72129e+07	487.103	2245	134	123	258	0	487.103	43	134.822	0	20489.9	9875	0	1.82995e+06	316.645	385.082	0	26460	607.505	585.586	0.767513
26640	1.35491e+07	114.284	1240	227	123	258	0	114.284	42	159	0	20417	9838.04	0	485930	290.024	322.576	0	26640	647.444	584.533	0.766133
26820	1.07983e+07	172.22	472	50	123	258	0	172.22	42.0001	101.942	0	20382	9875	0	456646	277.803	357.465	0	26820	625.907	583.481	0.764755
27000	1.33855e+07	132.96	901	39	123	258	0	132.96	42	138.729	0	20540	9784	0	633926	369.607	336.647	0	27000	619.771	582.432	0.763379
27180	5.55457e+06	475.166	1496	186	123	258	0	475.166	43	43.1333	0	20494.8	9867.35	0	529845	296.87	315.853	0	27180	610.506	581.385	0.762007
27360	3.95372e+06	51.6593	512	0	123	258	0	51.6593	43	114.854	0	20474.6	9717	0	387198	322.671	299.933	0	27360	615.31	580.339	0.760636
27540	3.94412e+06	635.998	789	35	123	258	0	635.998	42	31.4165	0	20498	9850.84	0	210629	307.731	329.076	0	27540	634.369	579.295	0.759268
27720	444611	243.629	200	81	123	258	0	243.629	43	17.0426	0	20422.7	9795.19	0	184514	312.634	295.277	0	27720	616.447	578.254	0.757903
27900	2.97706e+06	859.951	759	430	123	258	0	859.951	43	23.4729	0	20465.1	9806.03	0	414926	407.063	350.528	0	27900	615.825	577.214	0.75654
28080	1.28569e+07	108.445	601	0	123	258	0	108.445	42	159	0	20540	9869.88	0	497224	368.919	337.126	0	28080	616.267	576.176	0.755179
28260	7.70299e+06	66.4427	630	0	123	258	0	66.4427	42	155.825	0	20540	9835.55	0	347556	375.421	325.399	0	28260	588.821	575.139	0.753821
28440	2.66827e+06	43.3537	362	0	123	258	0	43.3537	42.9999	100.867	0	20382	9875	0	322358	340.456	350.226	0	28440	596.877	574.105	0.752466
28620	7.23209e+06	554.99	717	37	123	258	0	554.99	43	45.5407	0	20540	9875	0	345720	347.178	331.105	0	28620	598.877	573.073	0.751112
28800	1.3324e+06	733.762	587	0	123	258	0	733.762	43	17	0	20495	9875	0	350861	303.079	344.353	0	28800	581.631	572.042	0.749762
