MS2-QUANT	v0j
Region DEFINITION, 05-Apr-2021
COMMENT	Outline definition performed in MS2-QUANT (Main program)
FILE	MAX_20201217_RI516_C12MS2128TkTat_001_visit_28.tif
PATH	/Volumes/EBL/20201217/
PARAMETERS
Pix-XY	Pix-Z	RI	Ex	Em	NA	dT	Type
79	600	1.458	488	521	1.4	180	widefield
ANALYSIS-SETTINGS	
IMAGING-BACKGROUND	150
LIMIT-FIT-SIGMA-XY-MIN	14
LIMIT-FIT-SIGMA-XY-MAX	158
LIMIT-FIT-SIGMA-Z-MIN	0
LIMIT-FIT-SIGMA-Z-MAX	0
LIMIT-FIT-BGD-MIN	43
LIMIT-FIT-BGD-MAX	44
DETECTION-THRESHOLD	500
REGION	TxSite
X_POS	103	103	104	104	105	105	106	106	107	107	108	109	109	109	109	110	111	111	111	111	111	111	111	111	111	111	111	110	110	109	109	109	109	108	107	107	106	106	105	104	104	103	103	102	101	101	101	100	99	99	98	97	97	96	95	94	94	93	93	92	91	90	89	88	88	87	86	85	84	83	82	81	80	79	78	77	76	75	74	73	72	71	70	69	68	67	66	66	65	64	64	63	62	61	60	59	59	58	57	57	56	56	55	54	53	53	52	51	51	51	50	49	49	49	49	48	48	47	47	47	46	46	46	46	46	46	46	46	46	46	47	47	47	48	49	49	49	50	51	51	52	52	53	53	54	54	55	55	56	56	57	57	58	58	59	59	59	60	61	61	61	62	62	63	63	63	64	64	65	65	65	65	65	65	66	66	66	66	66	66	66	66	66	66	66	66	66	66	66	66	66	66	66	66	65	65	65	65	65	65	64	64	63	63	63	63	62	62	62	62	62	61	61	61	61	61	61	61	61	61	61	61	61	61	61	61	61	61	61	61	61	62	63	63	64	65	67	67	68	70	71	72	73	74	75	76	77	78	79	80	81	82	83	84	85	85	86	87	87	87	87	88	89	90	91	92	92	93	94	95	96	97	99	99	101	102	103	103	104	105	105	105	106	106	106	107	107	108	108	109	109	109	110	111	111	111	112	113	113	115	116	117	117	119	119	120	121	122	123	124	125	126	127	128	129	130	131	132	133	134	135	136	137	137	138	138	139	139	140	141	141	141	142	142	142	143	143	143	143	143	143	144	144	144	144	144	144	144	145	145	145	145	145	145	145	145	145	145	145	145	145	144	144	144	143	143	143	143	142	142	141	141	141	141	140	139	139	139	138	137	136	135	133	133	131	131	130	129	128	128	127	126	125	124	123	122	121	119	118	117	116	115	114	113	112	111	110	109	108	107	106	105	104	103	101	100	100	99	98	97	97	96	96	95	95	94	93	93	93	92	92	91	91	90	90	89	89	89	89	89	88	88	88	88	89	89	89	89	90	90	91	92	92	93	94	95	95	96	96	97	97	98	98	99	99	100	END
Y_POS	335	334	333	331	331	330	329	328	327	326	325	325	324	323	322	321	321	320	319	318	317	316	315	314	313	312	311	311	310	310	309	308	307	307	306	305	305	304	303	303	302	302	301	301	301	300	299	299	299	298	298	298	297	297	297	297	296	296	295	295	295	295	295	295	294	294	294	293	293	293	293	293	293	293	293	293	293	293	293	293	293	293	293	293	293	293	293	294	294	294	295	295	295	296	296	296	297	297	297	298	298	299	299	300	300	301	301	301	302	303	303	303	304	305	306	306	307	307	308	309	310	311	312	313	314	315	316	317	318	319	320	321	322	323	323	324	325	325	326	327	327	328	328	329	329	330	330	331	331	332	332	333	333	334	334	335	336	336	337	338	339	339	340	340	341	342	343	344	345	346	347	348	349	350	350	351	352	353	354	355	356	357	358	359	360	361	362	363	364	365	366	367	368	369	369	370	371	372	373	374	374	375	376	377	378	379	379	380	381	382	383	383	384	385	386	387	388	389	390	391	392	393	394	395	396	397	398	399	400	401	402	403	404	405	406	407	408	409	409	410	411	411	412	413	413	413	413	413	413	413	413	413	413	412	412	411	411	411	410	409	408	408	407	406	405	405	404	404	404	404	404	404	404	405	405	405	406	407	407	407	408	409	409	410	411	411	412	413	414	415	416	417	417	417	418	419	419	419	420	421	421	421	422	422	423	423	423	423	423	423	423	423	423	423	423	423	423	423	423	423	422	421	421	420	420	419	419	418	417	416	415	414	413	412	411	411	410	409	408	407	406	406	405	404	403	402	401	400	399	398	397	396	395	394	393	392	391	390	389	388	387	387	386	385	385	384	383	382	381	380	380	379	378	377	377	377	376	375	375	375	374	373	373	372	372	371	371	371	371	370	370	370	369	369	369	369	369	369	369	369	369	369	369	369	369	369	369	369	369	369	369	369	369	368	368	368	367	367	366	366	365	365	364	364	363	363	363	362	361	361	360	360	359	358	357	357	356	355	354	353	353	351	350	349	348	347	346	345	345	344	343	343	342	341	340	340	339	339	338	338	337	337	336	336	335	335	END
QUANTIFICATION
Time[s]	Q_Integrate	Q_AMP	Q_Sum_pix	Q_MIP_int	Pix_Y	Pix_X	Pix_Z	AMP	BGD	SigmaXY	SigmaZ	MuY	MuX	MuZ	RES	Cent_Y	Cent_X	Cent_Z	OPB_time	OPB_INT	OPB_FIT	OPB_FIT_norm
0	1.04676e+06	783.936	302	0	308	72	0	783.936	43	14.5778	0	5735.76	24332	0	248001	363.519	265.762	0	0	404.102	501.517	1
180	3.24714e+07	401.271	2101	332	308	72	0	401.271	43	119.013	0	5846	24489	0	364848	386.512	377.009	0	180	417.037	500.615	0.998202
360	6.87464e+07	645.812	5036	780	308	72	0	645.812	44	144.953	0	5793.57	24394.7	0	1.72133e+06	327.387	303.433	0	360	413.709	499.715	0.996406
540	1.03841e+07	88.1969	621	134	308	72	0	88.1969	44	158	0	5688	24332	0	437280	265.438	246.839	0	540	406.218	498.817	0.994615
720	9.1048e+07	773.31	5551	1041	308	72	0	773.31	44	158	0	5802.7	24387.9	0	1.33579e+06	336.936	309.449	0	720	407.666	497.919	0.992826
900	1.95255e-05	1.5855e-08	0	0	308	72	0	1.5855e-08	43	14	0	5846	24490	0	220840	359.768	398.519	0	900	408.723	497.024	0.99104
1080	3.29388e+06	43.6535	304	0	308	72	0	43.6535	43	113.838	0	5688	24332	0	224754	278.118	284.844	0	1080	405.271	496.13	0.989258
1260	4.44134e+07	460.06	2809	579	308	72	0	460.06	44	134.424	0	5841.01	24461.8	0	690153	360.579	336.951	0	1260	414.926	495.238	0.987479
1440	7.50214e+06	63.719	810	32	308	72	0	63.719	44	158	0	5688	24457	0	427982	330.587	314.878	0	1440	415.752	494.347	0.985703
1620	5.70309e+06	48.4389	599	0	308	72	0	48.4389	44	158	0	5846	24332	0	297609	352.002	295.671	0	1620	404.777	493.458	0.983931
1800	1.67834e+06	402	522	0	308	72	0	402	44	25.7773	0	5846	24365.1	0	138331	368.932	326.703	0	1800	395.783	492.571	0.982161
1980	6.97328e+07	660.864	5175	695	314	58	0	660.864	44	143.931	0	4679	24877.5	0	1.31855e+06	329.638	306.604	0	1980	389.18	491.685	0.980395
2160	2.70312e+07	229.588	1090	34	314	58	0	229.588	44	158	0	4582	24964	0	671145	259.828	347.596	0	2160	400.967	490.801	0.978632
2340	6.11753e+07	519.588	3620	454	314	58	0	519.588	44	158	0	4588.93	24856.5	0	1.79095e+06	282.074	300.506	0	2340	396.981	489.918	0.976872
2520	7.78825e+07	977.32	6212	923	317	61	0	977.32	43.9999	117.84	0	4924.12	25093.8	0	1.27923e+06	342.447	293.826	0	2520	395.668	489.037	0.975115
2700	1.19354e+08	1013.72	8063	1020	313	66	0	1013.72	44	158	0	5314.8	24818.7	0	2.13963e+06	330.988	327.315	0	2700	404.715	488.158	0.973361
2880	5.45959e+07	463.707	3521	584	313	66	0	463.707	44	158	0	5214	24835.9	0	2.24368e+06	264.558	338.454	0	2880	397.897	487.28	0.971611
3060	4.36017e+07	372.194	1465	17	313	66	0	372.194	43	157.284	0	5214	24885	0	1.36016e+06	206.047	378.136	0	3060	401.385	486.403	0.969863
3240	9.5755e+06	209.743	544	12	313	66	0	209.743	43.4276	85.7295	0	5214	24727	0	326114	278.439	248.524	0	3240	398.385	485.529	0.968119
3420	1.72274e+07	202.47	960	411	313	66	0	202.47	43.0944	123.017	0	5214	24727	0	826126	286.078	225.763	0	3420	399.011	484.655	0.966378
3600	2.65452e+07	229.491	1145	0	313	66	0	229.491	43	155.509	0	5214	24727	0	1.07222e+06	233.685	278.277	0	3600	392.988	483.784	0.96464
3780	1.48319e+07	212.086	1262	188	313	66	0	212.086	44	108.672	0	5214	24791.8	0	275766	286.841	311.788	0	3780	414.703	482.914	0.962905
3960	8.60563e+07	863.003	6342	924	312	67	0	863.003	44	137.723	0	5333.26	24730.2	0	1.20903e+06	289.004	319.853	0	3960	425.639	482.045	0.961174
4140	8.16922e+06	71.7653	351	0	312	67	0	71.7653	43	153.337	0	5293	24648	0	374694	290.189	229.879	0	4140	424.069	481.179	0.959445
4320	821172	406	211	0	312	67	0	406	43	17.9417	0	5293	24806	0	137693	397.761	342.857	0	4320	426.791	480.313	0.95772
4500	6.93378e+06	58.8917	213	0	312	67	0	58.8917	43	158	0	5451	24648	0	334493	371.022	313.904	0	4500	435.266	479.449	0.955997
4680	1.96091e+06	122.121	213	0	312	67	0	122.121	44	50.5529	0	5306.85	24806	0	216555	291.776	283.733	0	4680	423.382	478.587	0.954278
4860	1.35504e+06	474	489	65	312	67	0	474	43	21.3303	0	5293	24806	0	116951	320.701	326.625	0	4860	428.371	477.726	0.952562
5040	540747	438.934	274	106	312	67	0	438.934	44	14.0026	0	5450.83	24648	0	286085	358.102	296.852	0	5040	434.072	476.867	0.950849
5220	558096	453.166	533	0	312	67	0	453.166	44	14.0003	0	5451	24707.2	0	274933	377.269	283.993	0	5220	445.87	476.01	0.949139
5400	1.47676e+06	535.773	422	268	312	67	0	535.773	44	20.9448	0	5365.04	24727.1	0	206822	276.07	339.104	0	5400	425.821	475.154	0.947432
5580	6.69692e-09	5.438e-12	219	0	312	67	0	5.438e-12	44	14	0	5293	24806	0	259655	285.933	334.726	0	5580	443.721	474.299	0.945728
5760	5.11397e+07	646.02	4265	580	312	67	0	646.02	44	117.338	0	5395.01	24691.1	0	970901	327.886	283.73	0	5760	435.757	473.446	0.944027
5940	5.40942e+07	745.705	4985	565	310	74	0	745.705	43.9999	111.106	0	5904.24	24582.1	0	1.25203e+06	321.4	329.836	0	5940	421.677	472.595	0.94233
6120	8.22763e+07	1198.6	7709	1121	313	75	0	1198.6	44	107.471	0	6028.57	24838.2	0	1.46145e+06	337.886	336.116	0	6120	440.493	471.745	0.940635
6300	6.58165e+07	640.813	5415	532	317	69	0	640.813	43	140.891	0	5542.29	25154.9	0	1.07402e+06	327.304	338.942	0	6300	436.042	470.896	0.938943
6480	1.4502e+07	172.877	784	64	317	69	0	172.877	44	121.857	0	5609	25043	0	540394	374.154	292.987	0	6480	432.475	470.05	0.937255
6660	3.9671e+06	33.6943	159	0	317	69	0	33.6943	43.7152	158	0	5609	25201	0	315275	394.605	378.98	0	6660	444.273	469.204	0.935569
6840	7.45788e+07	753.987	5880	589	319	78	0	753.987	43	136.881	0	6182.72	25295.6	0	1.54609e+06	262.795	325.819	0	6840	453.354	468.361	0.933887
7020	8.2045e+07	864.432	6674	717	320	80	0	864.432	44	132.761	0	6425.75	25342.8	0	1.88049e+06	326.972	298.675	0	7020	450.613	467.518	0.932207
7200	9.66145e+07	1184.78	8320	983	318	78	0	1184.78	44	119.61	0	6223.79	25155.8	0	1.9974e+06	305.172	273.882	0	7200	433.237	466.677	0.930531
7380	1.05928e+08	998.522	7414	985	319	82	0	998.522	43	144.552	0	6558.41	25329.4	0	1.89538e+06	313.839	355.871	0	7380	454.487	465.838	0.928857
7560	1.72946e+06	915.879	569	145	319	82	0	915.879	44	17.3359	0	6502.53	25202.1	0	608654	272.417	417.687	0	7560	430.757	465	0.927187
7740	2.41934e+06	498	528	0	319	82	0	498	44	27.8063	0	6596.93	25201	0	283184	301.051	356.564	0	7740	441.964	464.164	0.92552
7920	4.13538e+06	43.9779	607	0	319	82	0	43.9779	43	131.869	0	6636	25316.5	0	354166	384.14	313.269	0	7920	453.242	463.329	0.923855
8100	1.12628e+06	721.919	395	65	319	82	0	721.919	44	15.7576	0	6483.92	25318.4	0	299009	297.729	351.331	0	8100	450.235	462.496	0.922194
8280	9.83627e+07	1040.85	7229	1184	327	89	0	1040.85	44	132.344	0	7123.3	25892.8	0	1.79952e+06	320.081	304.362	0	8280	446.95	461.664	0.920535
8460	2.86797e+07	243.589	680	149	327	89	0	243.589	44	158	0	7189	25833	0	1.8562e+06	433.13	254.7	0	8460	443.639	460.834	0.91888
8640	1.051e+06	658.461	361	106	327	89	0	658.461	43	15.9385	0	7163.36	25989.9	0	239465	402.867	307.639	0	8640	443.304	460.005	0.917227
8820	6.65957e+07	882.175	6142	728	317	98	0	882.175	44	113.871	0	7845.7	25115.4	0	834167	331.268	298.154	0	8820	444.873	459.178	0.915578
9000	6.50697e+07	664.13	5581	648	316	97	0	664.13	44	135.909	0	7753.37	25077.5	0	1.08038e+06	320.012	351.298	0	9000	448.101	458.352	0.913931
9180	5.59103e+07	709.789	4910	898	321	95	0	709.789	44	116.967	0	7559.89	25467.7	0	757910	299.265	329.419	0	9180	451.848	457.528	0.912288
9360	4.46577e+07	432.823	3417	454	321	95	0	432.823	43	141.396	0	7605.41	25427.8	0	820924	332.48	302.352	0	9360	453.682	456.705	0.910647
9540	2.89374e+06	124.039	619	150	321	95	0	124.039	43	60.9402	0	7577.27	25517	0	190525	336.625	326.877	0	9540	456.817	455.884	0.909009
9720	2.73462e-11	2.22045e-14	179	28	321	95	0	2.22045e-14	43	14.0003	0	7540.11	25394.1	0	218429	310.071	327.593	0	9720	463.628	455.064	0.907375
9900	4.68186e+06	523.619	1112	310	321	95	0	523.619	44	37.7235	0	7663	25497.2	0	300744	348.741	312.719	0	9900	463.722	454.246	0.905743
10080	486875	395.334	167	0	321	95	0	395.334	43	14.0003	0	7663	25485.7	0	149665	363.358	393.277	0	10080	445.153	453.429	0.904114
10260	206159	165.384	406	0	321	95	0	165.384	43	14.0853	0	7554.88	25360.9	0	111232	338.553	294.792	0	10260	458.2	452.613	0.902488
10440	3.73625e+06	50.7397	326	0	321	95	0	50.7397	43	112.13	0	7663	25359	0	479436	356.162	269.575	0	10440	451.526	451.799	0.900865
10620	675113	473.982	400	0	321	95	0	473.982	43	15.0563	0	7530.62	25359	0	192127	259.035	316.639	0	10620	452.883	450.987	0.899245
10800	183947	146.071	119	65	321	95	0	146.071	44	14.1571	0	7581.5	25470.3	0	432903	362.194	334.148	0	10800	455.533	450.176	0.897628
10980	1.63675e+06	598	559	117	321	95	0	598	43	20.8714	0	7661.53	25359.3	0	163751	346.638	288.39	0	10980	445.721	449.366	0.896013
11160	614896	497.007	360	0	321	95	0	497.007	44	14.0323	0	7507.1	25517	0	357356	372.597	340.705	0	11160	457.822	448.558	0.894402
11340	189633	129.339	91	76	321	95	0	129.339	43	15.2757	0	7583.29	25438	0	99654.3	304.899	315.042	0	11340	452.224	447.751	0.892793
11520	306287	237.035	173	0	321	95	0	237.035	43	14.3406	0	7603.24	25516.8	0	92163.7	339.994	297.268	0	11520	446.39	446.946	0.891188
11700	2.03073e+06	265.202	414	0	321	95	0	265.202	43	34.9098	0	7555.27	25359	0	163894	296.428	295.18	0	11700	454.409	446.142	0.889585
11880	1.31451e+06	392	448	0	321	95	0	392	43	23.102	0	7505	25481.1	0	114776	236.674	294.351	0	11880	458.718	445.34	0.887985
12060	300566	242.447	143	0	321	95	0	242.447	43	14.0466	0	7583.13	25359	0	124975	254.826	270.344	0	12060	458.781	444.539	0.886388
12240	1.10399e+06	571.96	379	0	321	95	0	571.96	43	17.5271	0	7555.52	25360.2	0	218821	255.824	300.7	0	12240	443.045	443.74	0.884794
12420	2.64552e+06	98.2755	399	77	321	95	0	98.2755	43	65.4743	0	7505	25517	0	166523	300.586	344.782	0	12420	440.247	442.942	0.883203
12600	766895	488.393	182	0	321	95	0	488.393	43	15.8086	0	7583.92	25359.1	0	170410	323.328	323.239	0	12600	445.548	442.145	0.881615
12780	2.54994e+06	752	519	0	321	95	0	752	43	23.2309	0	7520.52	25359	0	133276	275.387	290.695	0	12780	447.978	441.35	0.880029
12960	2.44981e+06	118.582	420	0	321	95	0	118.582	43	57.3434	0	7663	25517	0	187964	355.268	362.077	0	12960	454.743	440.556	0.878447
13140	386671	312.725	429	0	321	95	0	312.725	43	14.0281	0	7555.02	25359.2	0	123549	312.941	296.25	0	13140	450.097	439.764	0.876867
13320	612608	496.328	377	142	321	95	0	496.328	43	14.0158	0	7583.09	25438.6	0	217835	350.539	303.054	0	13320	466.27	438.973	0.87529
13500	976956	155.185	307	0	321	95	0	155.185	43	31.6536	0	7536.27	25517	0	139547	356.32	309.514	0	13500	457.69	438.184	0.873716
13680	3.92556e+06	89.5684	526	50	321	95	0	89.5684	43	83.9164	0	7617.66	25517	0	276021	330.15	353.808	0	13680	454.519	437.396	0.872145
13860	185626	137.201	74	0	321	95	0	137.201	43	14.6741	0	7584.01	25513.6	0	211988	263.427	340.649	0	13860	457.997	436.609	0.870576
14040	151938	123.375	216	0	321	95	0	123.375	44	14	0	7662.97	25467.3	0	368963	321.88	354.625	0	14040	446.12	435.824	0.869011
14220	2.63523e+06	769.998	557	61	321	95	0	769.998	43	23.3386	0	7662.35	25503.2	0	93876.2	342.074	306.714	0	14220	445.782	435.04	0.867448
14400	1.95838e+06	643.996	478	0	321	95	0	643.996	44	21.9997	0	7527.54	25498	0	248955	311.973	353.331	0	14400	453.541	434.258	0.865888
14580	525017	360.901	322	125	321	95	0	360.901	43	15.2161	0	7581.44	25426.6	0	135207	271.254	304.746	0	14580	443.281	433.477	0.864331
14760	2.2658e+06	391.433	580	0	321	95	0	391.433	43	30.3523	0	7663	25501.2	0	137210	313.305	331.774	0	14760	448.439	432.697	0.862776
14940	346124	279.57	100	0	321	95	0	279.57	43	14.0372	0	7505.2	25439.3	0	108668	278.599	357.981	0	14940	443.642	431.919	0.861225
15120	8.95834e-06	7.27431e-09	240	41	321	95	0	7.27431e-09	43	14	0	7505	25359	0	102624	300.036	256.301	0	15120	440.884	431.142	0.859676
15300	659736	236.637	366	0	321	95	0	236.637	43	21.0646	0	7505	25502.9	0	122773	305.427	391.035	0	15300	445.87	430.367	0.85813
15480	5.5398	0.00449777	35	0	321	95	0	0.00449777	43	14.001	0	7589.07	25512.7	0	149933	235.365	342.094	0	15480	450.777	429.593	0.856586
15660	2.27855e+06	753.996	649	0	321	95	0	753.996	43	21.9308	0	7505.3	25510.9	0	153348	280.164	334.196	0	15660	455.361	428.82	0.855046
15840	693998	500	436	0	321	95	0	500	43	14.8629	0	7544.72	25500	0	142384	273.042	359.852	0	15840	446.053	428.049	0.853508
16020	8.85299e+07	948.663	7003	1198	369	74	0	948.663	44	131.149	0	5921.29	29217.5	0	1.03145e+06	311.612	323.095	0	16020	447.82	427.279	0.851973
16200	6.02768e+07	752.94	5716	559	372	73	0	752.94	44	118.187	0	5836.42	29469.9	0	1.87167e+06	301.338	304.579	0	16200	438.341	426.511	0.850441
16380	6.00615e+07	758.843	5117	678	371	76	0	758.843	43.0001	117.326	0	6059.45	29386.5	0	1.81968e+06	290.84	311.609	0	16380	447.586	425.744	0.848912
16560	2.44718e+07	207.85	445	0	371	76	0	207.85	44	158	0	6162	29467	0	1.74186e+06	390.244	412.236	0	16560	441.315	424.978	0.847385
16740	1.5424e+08	1576.48	11484	1629	378	80	0	1576.48	44	135.765	0	6382.82	29925	0	3.4671e+06	299.419	303.933	0	16740	431.231	424.214	0.845861
16920	1.00056e+08	849.819	6592	1378	379	81	0	849.819	44	158	0	6462.74	30014.3	0	2.70862e+06	300.638	309.19	0	16920	443.06	423.451	0.84434
17100	9.6967e+07	823.583	6209	799	378	77	0	823.583	43.0006	158	0	6116.19	29944.8	0	1.61582e+06	284.162	322.369	0	17100	429.693	422.69	0.842822
17280	6.26976e+06	53.2519	655	0	378	77	0	53.2519	43	158	0	6241	29862	0	396149	340.461	250.837	0	17280	442.301	421.93	0.841306
17460	8.83204e+07	961.663	6798	841	390	78	0	961.663	43	129.663	0	6270.99	30888.1	0	1.58326e+06	350.197	323.564	0	17460	426.073	421.171	0.839793
17640	9.92163e+07	1058.34	8001	1153	387	84	0	1058.34	44	131.579	0	6708.55	30659.4	0	1.65164e+06	293.189	317.14	0	17640	438.58	420.413	0.838283
17820	8.10469e+07	739.802	5647	833	390	80	0	739.802	44	148.413	0	6423.51	30830	0	1.64156e+06	323.25	282.764	0	17820	437.183	419.657	0.836775
18000	1.12382e+08	1183.54	8406	1206	391	73	0	1183.54	43.0001	132.804	0	5884.23	30968.5	0	1.9834e+06	344.695	308.376	0	18000	441.078	418.903	0.83527
18180	1.12575e+08	1333.07	8663	2042	393	76	0	1333.07	44	122.398	0	6051.13	31110.4	0	2.95723e+06	290.577	294.596	0	18180	428.911	418.149	0.833768
18360	4.77297e+07	814.224	4720	884	389	78	0	814.224	44	98.1339	0	6202.65	30798.4	0	1.54072e+06	288.185	282.247	0	18360	443.12	417.397	0.832269
18540	5.84094e+07	757.333	5437	467	385	77	0	757.333	43	115.411	0	6159.92	30467.2	0	587641	321.997	296.181	0	18540	438.095	416.647	0.830772
18720	5.82e+07	827.833	5450	737	387	78	0	827.833	44	109.018	0	6255.87	30634	0	1.10906e+06	323.662	312.65	0	18720	442.501	415.897	0.829278
18900	4.26389e+07	623.085	2690	282	387	78	0	623.085	44	107.274	0	6320	30574.6	0	825559	360.306	264.059	0	18900	436.979	415.149	0.827786
19080	7.64114e+07	709.656	5618	807	383	86	0	709.656	44	146.308	0	6873.63	30354	0	1.90484e+06	306.121	337.624	0	19080	440.658	414.403	0.826298
19260	1.12421e+08	1003.17	8033	608	386	93	0	1003.17	43.0001	151.281	0	7408.7	30555.5	0	2.12935e+06	303.674	299.033	0	19260	438.641	413.657	0.824812
19440	1.9758e+06	345.542	364	0	386	93	0	345.542	44	30.1669	0	7347	30652	0	926353	227.308	233.408	0	19440	434.381	412.914	0.823328
19620	5.03892e+06	80.2229	270	100	386	93	0	80.2229	44	102.046	0	7347	30494	0	286105	299.035	314.531	0	19620	443.467	412.171	0.821848
19800	2.60074e+06	654	637	6	386	93	0	654	44	25.1576	0	7505	30514.9	0	407213	358.278	339.655	0	19800	443.995	411.43	0.82037
19980	1.89354e+07	160.827	743	0	386	93	0	160.827	44	158	0	7505	30652	0	1.95563e+06	350.077	442.579	0	19980	448.815	410.69	0.818895
20160	6.14073e+06	52.1561	589	20	386	93	0	52.1561	44	157.999	0	7347	30551.3	0	439835	287.991	297.029	0	20160	432.294	409.951	0.817422
20340	3.77802e+06	704	1084	114	386	93	0	704	43	29.2251	0	7498.07	30603.8	0	204937	357.369	277.144	0	20340	445.392	409.214	0.815952
20520	2.45746e+06	386.964	426	0	386	93	0	386.964	44	31.792	0	7500.72	30494	0	348815	370.685	300.55	0	20520	443.194	408.478	0.814484
20700	1.72152e+06	661.81	316	316	386	93	0	661.81	44	20.347	0	7426	30573	0	423391	318.667	232.106	0	20700	441.812	407.744	0.81302
20880	5.68287e+07	699.987	4779	646	381	94	0	699.987	44	119.265	0	7493.72	30202.6	0	1.22249e+06	309.491	341.895	0	20880	436.68	407.01	0.811558
21060	3.87292e+07	356.789	2381	816	381	94	0	356.789	43	147.285	0	7584	30204.3	0	1.84789e+06	391.829	328.797	0	21060	443.215	406.278	0.810098
21240	2.13054e+06	1729.9	840	0	381	94	0	1729.9	44	14.0005	0	7521.09	30255.6	0	1.70134e+06	421.457	386.394	0	21240	431.312	405.548	0.808641
21420	1.23373e+06	394	489	0	381	94	0	394	44	22.324	0	7462.44	30099	0	179088	333.601	327.763	0	21420	440.424	404.818	0.807187
21600	1.31393e+06	17.7982	130	57	381	94	0	17.7982	44	112.307	0	7584	30257	0	212887	348.225	314.468	0	21600	437.297	404.09	0.805735
21780	7.11333e+06	60.4167	667	0	381	94	0	60.4167	44	158	0	7584	30257	0	599940	377.019	352.701	0	21780	458.488	403.364	0.804286
21960	6.17616e+06	55.7172	266	0	381	94	0	55.7172	44	149.884	0	7584	30257	0	417857	339.083	350.577	0	21960	440.622	402.638	0.80284
22140	1.07693e+06	841.937	387	0	381	94	0	841.937	44	14.268	0	7426	30142.5	0	354729	336.389	302.218	0	22140	437.661	401.914	0.801396
22320	1.20748e+07	102.557	1142	61	381	94	0	102.557	44	158	0	7584	30184.1	0	814326	370.456	296.04	0	22320	438.86	401.191	0.799955
22500	91775.2	74.5057	293	7	381	94	0	74.5057	44	14.0016	0	7580.57	30099.2	0	385159	375.025	278.745	0	22500	442.997	400.47	0.798516
22680	955238	67.7175	135	0	381	94	0	67.7175	43	47.3822	0	7426	30257	0	173040	287.149	305.415	0	22680	431.344	399.75	0.79708
22860	1.92528e+06	93.3415	306	14	381	94	0	93.3415	43.2285	57.2974	0	7577.78	30257	0	338802	323.887	324.539	0	22860	433.441	399.031	0.795647
23040	306724	50.284	187	0	381	94	0	50.284	43	31.158	0	7489.23	30257	0	171196	346.969	355.977	0	23040	433.193	398.313	0.794216
23220	1.31059e+06	307.406	581	0	381	94	0	307.406	43	26.0488	0	7426	30251.2	0	149811	308.093	308.277	0	23220	432.895	397.597	0.792788
23400	1.7511e+06	171.592	346	0	381	94	0	171.592	43	40.3012	0	7584	30252.4	0	150202	338.054	339.371	0	23400	419.687	396.882	0.791362
23580	1.72048e+06	803.996	534	82	381	94	0	803.996	43	18.4547	0	7584	30102.5	0	211335	315.131	339.425	0	23580	437.839	396.168	0.789939
23760	649019	25.8213	58	15	381	94	0	25.8213	43	63.2598	0	7584	30099	0	260421	371.472	293.856	0	23760	435.018	395.456	0.788518
23940	1.44842e+06	396	441	6	381	94	0	396	43	24.1273	0	7549.8	30099.2	0	132670	339.311	268.529	0	23940	445.722	394.744	0.7871
24120	1.11104e+06	633.999	314	0	381	94	0	633.999	43	16.7006	0	7584	30107.8	0	195059	359.052	310.177	0	24120	443.166	394.034	0.785684
24300	296324	236.041	334	0	381	94	0	236.041	43	14.1351	0	7584	30256.8	0	155537	382.967	337.832	0	24300	443.199	393.326	0.784272
24480	7.904e+07	1054.21	6904	1272	382	131	0	1054.21	43	113.387	0	10404.6	30225.8	0	1.7891e+06	288.622	281.153	0	24480	437.349	392.618	0.782861
24660	1.31191e+08	1114.26	8109	876	386	126	0	1114.26	44	158	0	10007.1	30596.8	0	3.32997e+06	304.829	328.015	0	24660	442.402	391.912	0.781453
24840	1.41499e+07	120.182	571	0	386	126	0	120.182	44	158	0	9954	30652	0	572819	285.496	405.859	0	24840	441.929	391.208	0.780048
25020	904679	733.916	225	0	386	126	0	733.916	44	14.0066	0	10032.9	30652	0	383403	195.207	297.397	0	25020	452.623	390.504	0.778645
25200	956033	664	451	0	386	126	0	664	44	15.1378	0	9954	30627.8	0	322879	282.401	322.386	0	25200	457.884	389.802	0.777245
25380	6.97708e+07	609.466	5004	624	391	125	0	609.466	44	154.096	0	9902.85	31007.6	0	1.34222e+06	272.771	333.613	0	25380	448.682	389.101	0.775847
25560	1.25843e+07	106.884	600	30	391	125	0	106.884	44	158	0	9875	31047	0	759423	304.343	390.624	0	25560	441.756	388.401	0.774452
25740	5.22486e+06	271.643	785	0	391	125	0	271.643	44	55.3294	0	9875	31047	0	466140	315.5	277.783	0	25740	445.425	387.703	0.773059
25920	6.08864e+07	687.461	5373	503	401	123	0	687.461	44	126.415	0	9805.47	31744.4	0	2.17422e+06	332.647	293.772	0	25920	462.693	387.005	0.771669
26100	3.67247e+07	608.863	2184	188	401	123	0	608.863	43	99.7205	0	9875	31690.6	0	1.27976e+06	430.138	265.006	0	26100	451.653	386.309	0.770281
26280	2.21558e+07	188.179	1489	324	401	123	0	188.179	44	158	0	9875	31679	0	771191	364.264	291.908	0	26280	450.248	385.615	0.768896
26460	6.25629e+06	53.1374	576	0	401	123	0	53.1374	43	158	0	9875	31726.4	0	340333	345.873	304.578	0	26460	452.366	384.921	0.767513
26640	2.12099e+06	572	508	0	401	123	0	572	43	24.293	0	9717	31813.7	0	162396	345.237	352.223	0	26640	458.22	384.229	0.766133
26820	5.66148e+07	806.259	5543	612	407	127	0	806.259	44	108.939	0	10140.9	32253.5	0	1.31323e+06	328.413	337.855	0	26820	457.099	383.538	0.764755
27000	3.128e+07	265.674	1457	173	407	127	0	265.674	44	158	0	10141	32153	0	1.46767e+06	326.78	239.63	0	27000	450.617	382.848	0.763379
27180	5.15071e+06	228.063	722	114	407	127	0	228.063	44	59.9584	0	10033	32311	0	599050	323.926	319.453	0	27180	460.243	382.16	0.762007
27360	6.2954e+07	713.409	5664	561	404	127	0	713.409	43.0001	126.097	0	10148.6	32003.6	0	1.91452e+06	346.976	339.798	0	27360	456.162	381.472	0.760636
27540	3.3055e+07	280.75	1603	69	404	127	0	280.75	43.0005	158	0	10033	32029.3	0	1.69756e+06	209.93	338.913	0	27540	464.034	380.786	0.759268
27720	7.73997e+07	724.694	5867	634	408	125	0	724.694	43	145.344	0	9913.24	32292.5	0	1.42173e+06	283.708	303.247	0	27720	466.994	380.101	0.757903
27900	1.2529e+08	1064.14	8337	586	411	123	0	1064.14	43.0007	158	0	9810.03	32547.3	0	2.62291e+06	324.118	314.343	0	27900	468.05	379.418	0.75654
28080	9.54425e+07	1359.3	9265	1164	414	122	0	1359.3	44	108.934	0	9745.11	32779.1	0	1.63327e+06	347.088	299.306	0	28080	463.601	378.736	0.755179
28260	7.95884e+07	940.998	6317	1251	412	123	0	940.998	44	122.525	0	9801.67	32583.9	0	1.90322e+06	326.821	287.549	0	28260	461.705	378.054	0.753821
28440	5.24804e+07	715.563	4658	1225	413	120	0	715.563	44	111.855	0	9580.68	32721.8	0	1.88173e+06	336.761	320.497	0	28440	466.026	377.375	0.752466
28620	7.44268e+07	853.506	6181	883	410	118	0	853.506	43.4944	125.075	0	9371.26	32471.1	0	2.38274e+06	277.92	325.663	0	28620	468.551	376.696	0.751112
28800	6.93377e+07	623.307	5057	809	406	114	0	623.307	43	150.334	0	9047.96	32118.4	0	1.4647e+06	283.699	297.947	0	28800	470.617	376.018	0.749762
