MS2-QUANT	v0j
Region DEFINITION, 05-Apr-2021
COMMENT	Outline definition performed in MS2-QUANT (Main program)
FILE	MAX_20201217_RI516_C12MS2128TkTat_001_visit_36.tif
PATH	/Volumes/EBL/20201217/
PARAMETERS
Pix-XY	Pix-Z	RI	Ex	Em	NA	dT	Type
79	600	1.458	488	521	1.4	180	widefield
ANALYSIS-SETTINGS	
IMAGING-BACKGROUND	150
LIMIT-FIT-SIGMA-XY-MIN	50
LIMIT-FIT-SIGMA-XY-MAX	172
LIMIT-FIT-SIGMA-Z-MIN	0
LIMIT-FIT-SIGMA-Z-MAX	0
LIMIT-FIT-BGD-MIN	74
LIMIT-FIT-BGD-MAX	75
DETECTION-THRESHOLD	500
REGION	TxSite
X_POS	422	421	421	419	419	418	417	417	416	415	415	414	413	413	412	411	410	409	408	407	406	405	404	403	402	401	400	399	398	397	396	395	394	393	392	391	390	389	388	387	386	385	384	383	382	381	380	379	378	377	376	375	374	373	372	371	370	369	368	367	366	365	365	364	363	362	362	361	360	359	358	358	357	356	355	354	353	353	352	351	350	350	349	349	348	347	347	346	345	345	344	344	343	342	342	341	341	340	340	339	339	338	338	337	337	336	336	335	335	335	334	334	334	333	333	333	333	333	333	333	333	333	333	333	333	333	333	333	333	333	333	333	334	334	334	335	335	335	335	335	335	336	336	336	337	337	337	337	337	337	338	338	338	339	339	339	339	339	339	339	340	340	341	341	341	342	342	343	343	343	344	345	345	346	346	347	348	349	350	351	351	352	353	353	354	355	355	356	357	358	359	360	361	362	363	364	365	366	367	367	368	369	370	371	372	373	374	375	376	377	378	379	385	385	386	387	388	389	389	390	391	391	392	393	393	394	394	395	395	396	396	397	397	398	398	399	399	400	400	401	401	402	403	403	404	405	406	407	407	408	409	410	410	411	411	412	413	413	413	414	415	415	415	415	415	415	415	415	415	415	415	414	413	413	413	412	411	411	410	409	408	408	407	407	406	405	404	403	402	401	400	399	398	398	397	396	396	395	394	393	393	392	391	390	389	389	388	387	386	385	385	384	383	382	381	380	379	379	379	378	377	377	377	376	376	375	375	375	375	375	375	375	375	375	376	376	377	377	377	378	378	379	380	381	382	383	383	384	385	386	387	388	389	390	391	392	393	394	395	396	397	398	399	400	400	401	402	403	404	405	406	407	408	409	410	411	411	411	412	413	414	415	415	416	417	417	418	418	419	420	421	421	422	423	423	423	424	425	425	425	426	426	427	427	427	428	428	429	429	429	429	429	429	429	429	429	428	427	427	426	426	END
Y_POS	117	117	116	116	115	115	115	114	114	114	113	113	113	112	111	111	111	110	110	110	109	109	109	109	109	109	109	109	109	109	109	109	109	109	109	109	109	109	109	109	109	109	109	109	109	109	109	110	110	110	111	111	111	111	111	111	111	111	111	111	111	111	112	112	112	112	113	113	113	113	113	114	114	114	115	115	115	116	116	117	117	118	118	119	119	119	120	121	121	122	122	123	123	123	124	124	125	125	126	126	127	128	129	129	130	130	131	131	132	133	134	135	136	137	138	139	140	141	142	143	144	145	146	147	148	149	150	151	152	153	154	155	155	156	157	157	158	159	160	161	162	163	164	165	165	166	167	168	169	170	171	172	173	174	175	176	177	178	179	180	180	181	182	183	184	184	185	185	186	187	187	188	189	189	190	191	192	193	193	194	195	195	195	196	196	196	197	197	197	197	198	199	199	199	199	199	199	200	200	201	201	201	201	201	201	201	201	201	201	201	201	201	198	197	197	197	196	196	195	195	194	193	193	192	191	191	190	190	189	189	188	188	187	187	186	185	184	184	183	183	182	182	182	181	181	181	181	181	180	180	179	179	178	178	177	176	175	174	173	173	173	172	171	170	169	168	167	166	165	164	163	163	163	162	161	161	161	160	159	159	159	158	158	157	157	157	157	157	157	157	157	157	157	158	158	158	159	159	159	160	161	161	161	161	161	162	162	162	162	162	163	163	163	163	163	163	163	162	161	161	161	160	159	159	158	157	156	155	154	153	152	151	150	149	149	148	148	147	146	146	145	145	145	144	144	144	143	143	143	143	143	143	143	143	143	143	143	143	143	144	144	144	144	144	145	145	145	145	145	145	145	145	145	145	145	145	144	143	143	143	142	142	141	141	141	140	140	139	139	138	138	137	137	137	136	135	135	135	134	133	133	132	132	131	130	130	129	129	128	127	126	125	124	123	122	121	121	121	120	120	119	END
QUANTIFICATION
Time[s]	Q_Integrate	Q_AMP	Q_Sum_pix	Q_MIP_int	Pix_Y	Pix_X	Pix_Z	AMP	BGD	SigmaXY	SigmaZ	MuY	MuX	MuZ	RES	Cent_Y	Cent_X	Cent_Z	OPB_time	OPB_INT	OPB_FIT	OPB_FIT_norm
0	1.08647e+08	989.546	7806	861	169	393	0	989.546	75	148.687	0	31117.2	13442.7	0	1.71952e+06	312.551	324.99	0	0	605.037	669.073	1
180	8.43946e+07	992.328	7326	1137	167	395	0	992.328	74.9999	122.979	0	31296.4	13311.3	0	1.65718e+06	327.908	353.812	0	180	613.778	667.87	0.998202
360	4.69445e+07	856.517	4918	1191	170	388	0	856.517	75	94.5499	0	30755.6	13495.9	0	1.09741e+06	358.001	317.875	0	360	593.627	666.669	0.996406
540	6.07356e+07	828.084	5355	1110	176	394	0	828.084	75	111.858	0	31245.8	13962.6	0	1.36929e+06	354.09	305.156	0	540	601.475	665.47	0.994614
720	4.71242e+07	933.653	5293	1115	172	396	0	933.653	75	90.4196	0	31326	13684.5	0	1.40758e+06	306.781	320.821	0	720	600.303	664.273	0.992826
900	8.89833e-05	5.66488e-09	90	0	172	396	0	5.66488e-09	74	50	0	31442	13746	0	208214	391.617	328.207	0	900	592.618	663.079	0.99104
1080	3.66253e-10	2.33165e-14	147	0	172	396	0	2.33165e-14	74	50	0	31442	13588	0	226418	361.509	282.143	0	1080	599.084	661.886	0.989258
1260	1.51305e-05	9.63242e-10	363	35	172	396	0	9.63242e-10	74	50	0	31442	13746	0	285109	377.752	319.66	0	1260	609.448	660.696	0.987479
1440	3.42709e+07	426.828	2948	0	172	396	0	426.828	75	118.413	0	31442	13670.2	0	1.10573e+06	338.591	336.342	0	1440	593.52	659.508	0.985703
1620	8.00004e+07	850.498	6625	785	172	395	0	850.498	75	131.899	0	31299.7	13657.5	0	1.77964e+06	308.524	309.516	0	1620	580.101	658.322	0.98393
1800	9.77057e+07	759.764	5956	1202	173	395	0	759.764	74.0001	172	0	31215.9	13712.7	0	2.41546e+06	273.758	299.232	0	1800	582.838	657.138	0.982161
1980	6.07919e+07	562.589	4654	969	175	396	0	562.589	74	146.735	0	31348.7	13952.8	0	1.39048e+06	311.596	347.227	0	1980	579.112	655.956	0.980395
2160	493817	31.4375	287	0	175	396	0	31.4375	74	50	0	31364	13825	0	329535	229.315	355.004	0	2160	580.028	654.776	0.978632
2340	5.51895e+07	708.662	5063	787	180	389	0	708.662	74	116.122	0	30763	14283	0	889232	269.291	313.924	0	2340	574.205	653.599	0.976872
2520	7.00889e+07	711.41	5549	1055	180	387	0	711.41	74.0012	136.474	0	30647.6	14284.9	0	1.35182e+06	307.987	314.677	0	2520	574.022	652.423	0.975115
2700	1.48266e+08	1344.22	9663	1437	178	376	0	1344.22	74.0009	149.259	0	29779.1	14184.6	0	2.79722e+06	318.29	347.111	0	2700	587.684	651.25	0.973361
2880	1.44243e+08	1121.64	9019	1251	178	378	0	1121.64	75	172	0	29912.1	14120.2	0	3.39306e+06	296.531	303.982	0	2880	572.377	650.079	0.971611
3060	1.70047e+08	1414.26	11415	1284	179	376	0	1414.26	75	161.079	0	29774	14246.4	0	3.93857e+06	308.522	322.292	0	3060	593.062	648.91	0.969863
3240	1.27629e+08	992.446	8594	1252	177	371	0	992.446	75	172	0	29415.4	14033.3	0	4.62208e+06	338.068	302.904	0	3240	579.549	647.743	0.968119
3420	7.91708e+07	744.525	6018	935	173	364	0	744.525	75	144.83	0	28826.3	13708.7	0	1.74346e+06	303.157	300.866	0	3420	593.414	646.578	0.966378
3600	8.61282e+07	1639.45	9265	1684	176	373	0	1639.45	75	92.3924	0	29576.2	13957.2	0	2.84169e+06	300.601	277.895	0	3600	580.503	645.415	0.96464
3780	8.07029e+07	942.237	7074	790	174	367	0	942.237	75	123.564	0	29117.8	13860.6	0	2.54556e+06	355.634	349.195	0	3780	595.119	644.254	0.962905
3960	5.14002e+07	487.13	2985	70	174	367	0	487.13	74	143.93	0	29118.5	13746	0	1.2434e+06	345.695	235.292	0	3960	583.279	643.096	0.961174
4140	1.19061e+08	925.822	6926	1354	172	369	0	925.822	75	172	0	29302	13710.1	0	1.82945e+06	353.897	334.748	0	4140	588.138	641.939	0.959445
4320	7.13061e+07	805.567	6254	890	174	367	0	805.567	74.0001	126.366	0	29059.8	13835.2	0	1.70469e+06	287.908	314.427	0	4320	585.753	640.785	0.95772
4500	1.38493e+07	383.505	1728	521	174	367	0	383.505	74	75.9492	0	28993	13816.4	0	438430	255.847	300.621	0	4500	593.218	639.632	0.955997
4680	1.69245e+07	131.606	1040	185	174	367	0	131.606	74	172	0	29151	13746	0	877652	414.865	285.871	0	4680	587.42	638.482	0.954278
4860	7.02656e+07	742.287	5984	1093	174	371	0	742.287	74	132.505	0	29431.9	13866.9	0	1.77457e+06	345.498	354.413	0	4860	582.99	637.334	0.952562
5040	9.00984e+07	754.507	6536	785	174	371	0	754.507	74	160.056	0	29381.2	13860.3	0	1.97295e+06	319.294	344.714	0	5040	591.561	636.188	0.950849
5220	1.50701e+08	1612.68	11867	1531	177	367	0	1612.68	74	131.277	0	29108.8	14095.2	0	2.90045e+06	347.722	343.327	0	5220	604.408	635.043	0.949139
5400	9.40885e+07	867.729	6901	716	178	369	0	867.729	74.0001	147.152	0	29259.8	14141.9	0	1.39296e+06	339.101	314.347	0	5400	596.061	633.901	0.947432
5580	1.63767e+08	1273.46	9763	1097	181	368	0	1273.46	75	172	0	29177.6	14365.4	0	2.73285e+06	336.674	306.45	0	5580	581.322	632.761	0.945728
5760	1.91263e+08	1514.12	12518	1871	183	369	0	1514.12	75	168.919	0	29256	14565.5	0	3.67334e+06	332.773	327.945	0	5760	600.573	631.623	0.944027
5940	1.54567e+08	1201.92	9281	738	184	372	0	1201.92	75	172	0	29453.6	14659.9	0	2.09596e+06	309.309	339.743	0	5940	584.482	630.488	0.94233
6120	9.69592e+07	1045.96	7468	1155	193	371	0	1045.96	74.0001	130.523	0	29407.4	15283.9	0	1.48061e+06	334.329	283.645	0	6120	582.336	629.354	0.940635
6300	7.96171e+07	718.567	5782	1130	189	365	0	718.567	75	149.829	0	28901.5	14999.8	0	2.12047e+06	307.244	312.461	0	6300	584.727	628.222	0.938943
6480	1.06896e+08	1252.5	9213	1356	183	366	0	1252.5	74.9999	123.269	0	29002.8	14545.3	0	2.19387e+06	315.801	326.045	0	6480	588.333	627.092	0.937255
6660	6.58161e+07	739.706	5408	1013	185	361	0	739.706	74.0001	126.818	0	28599.4	14707.9	0	1.26783e+06	313.825	317.946	0	6660	578.595	625.964	0.935569
6840	2.83426e+06	180.435	422	0	185	361	0	180.435	75	50	0	28677	14693.1	0	751112	368.446	270.758	0	6840	594.119	624.839	0.933887
7020	1.13676e+06	72.368	419	0	185	361	0	72.368	74	50.0003	0	28677	14694.2	0	593248	442.917	252.641	0	7020	592.483	623.715	0.932207
7200	1.50433e+06	95.7693	516	0	185	361	0	95.7693	74	50	0	28677	14732.3	0	285817	362.634	368.819	0	7200	597.184	622.593	0.930531
7380	898310	57.1884	535	0	185	361	0	57.1884	74	50	0	28520	14770	0	294299	321.73	301.183	0	7380	612.404	621.474	0.928857
7560	5.42597e+07	705.217	5095	693	181	368	0	705.217	74	115.236	0	29173.5	14410.2	0	1.50902e+06	331.963	324.407	0	7560	602.849	620.356	0.927187
7740	1.0131e+08	1350.68	9643	1249	177	369	0	1350.68	75	113.417	0	29242.3	14043.4	0	1.83952e+06	328.406	303.331	0	7740	617.39	619.24	0.92552
7920	8.69466e+07	705.463	6002	1064	180	367	0	705.463	74	164.895	0	29047.2	14220.8	0	2.21504e+06	308.575	275.64	0	7920	604.499	618.127	0.923855
8100	1.27534e+08	991.708	8502	847	178	369	0	991.708	75	172	0	29200.3	14167	0	3.0939e+06	295.855	326.837	0	8100	595.147	617.015	0.922194
8280	1.35714e+08	1055.32	8478	1398	172	366	0	1055.32	75	172	0	29013.1	13647.6	0	4.31859e+06	335.884	306.032	0	8280	606.963	615.905	0.920535
8460	1.99606e+08	1945.52	14595	2373	172	362	0	1945.52	75	140.774	0	28676	13650.2	0	3.43969e+06	324.778	311.581	0	8460	611.242	614.798	0.91888
8640	2.21862e+08	1782.17	14241	1831	175	363	0	1782.17	74.9999	166.506	0	28745.6	13916.2	0	4.12689e+06	307.11	325.179	0	8640	599.328	613.692	0.917227
8820	1.23066e+08	1196.92	9726	1406	179	364	0	1196.92	75	141.01	0	28851.9	14213	0	2.75184e+06	335.924	309.201	0	8820	613.433	612.589	0.915578
9000	9.66375e+07	1610.58	10432	1299	178	373	0	1610.58	75	99.4259	0	29531.8	14165.3	0	1.93622e+06	293.534	323.491	0	9000	624.021	611.487	0.913931
9180	1.04965e+08	885.521	7570	1169	183	371	0	885.521	75	158.973	0	29406.9	14536.3	0	2.94122e+06	324.48	316.495	0	9180	603.901	610.387	0.912288
9360	6.28264e+07	1112.88	7220	843	181	369	0	1112.88	74.9997	96.1015	0	29229.1	14381.6	0	1.21668e+06	295.378	316.266	0	9360	606.071	609.289	0.910647
9540	1.54097e+08	1459.52	11901	1436	179	368	0	1459.52	75	144	0	29149.5	14201.6	0	3.28785e+06	314.304	300.1	0	9540	631.049	608.194	0.909009
9720	1.09535e+08	1293.43	9072	1171	178	368	0	1293.43	74.9996	122.629	0	29165.9	14148.3	0	1.9681e+06	320.51	313.364	0	9720	632.536	607.1	0.907374
9900	1.3386e+08	1511.86	11536	994	176	373	0	1511.86	74	126.388	0	29529	13964.2	0	2.81155e+06	296.819	288.992	0	9900	637.066	606.008	0.905743
10080	1.33363e+08	1237.25	9386	1774	173	371	0	1237.25	74	146.437	0	29426.9	13779.7	0	3.61683e+06	340.11	334.13	0	10080	624.192	604.918	0.904114
10260	1.65691e+08	1288.42	10539	1067	169	367	0	1288.42	75	172	0	29055.6	13393.9	0	4.52191e+06	308.379	296.754	0	10260	639.47	603.83	0.902488
10440	2.16793e+08	2180.15	15557	2316	171	365	0	2180.15	75	137.432	0	28888.2	13616.3	0	4.28024e+06	307.348	338.173	0	10440	627.422	602.745	0.900865
10620	1.05942e+08	955.584	7885	841	170	365	0	955.584	74.0001	149.905	0	28922.2	13504.4	0	2.72521e+06	315.285	317.773	0	10620	621.546	601.661	0.899245
10800	1.23336e+08	1286.72	9674	1530	170	362	0	1286.72	75	133.721	0	28709.3	13528.3	0	3.15181e+06	344.79	339.149	0	10800	628.51	600.579	0.897628
10980	9.10997e+07	1663.44	10005	1651	172	362	0	1663.44	75	94.5093	0	28687.1	13709.9	0	1.55818e+06	314.381	368.632	0	10980	630.961	599.498	0.896013
11160	1.59436e+08	1790.52	12900	1828	174	356	0	1790.52	74.9999	126.886	0	28211.3	13852.3	0	3.01879e+06	320.638	325.788	0	11160	644.986	598.42	0.894402
11340	1.28172e+08	1284.13	10098	1195	175	361	0	1284.13	75	137.823	0	28601.9	13926.4	0	2.57309e+06	318.596	342.726	0	11340	625.474	597.344	0.892793
11520	2.52361e+08	2472.23	18040	2179	169	359	0	2472.23	75	140.219	0	28411.3	13456.6	0	5.63956e+06	301.371	327.562	0	11520	640.685	596.27	0.891188
11700	4.53797e+07	1215.95	6054	1078	163	361	0	1215.95	75	77.2357	0	28600.6	12919.5	0	971460	307.005	319.153	0	11700	629.877	595.198	0.889585
11880	2.93362e+07	580.493	2227	0	163	361	0	580.493	75	90.4809	0	28519	12877	0	986934	273.728	276.395	0	11880	630.325	594.127	0.887985
12060	1.31717e+08	1323.08	9978	1379	161	358	0	1323.08	74	137.551	0	28323.4	12815.1	0	2.94493e+06	285.225	318.508	0	12060	647.159	593.059	0.886388
12240	2.45854e+08	2193.95	16429	1961	160	352	0	2193.95	74	151.275	0	27900.2	12752.9	0	3.11138e+06	331.282	340.503	0	12240	653.432	591.992	0.884794
12420	4.85411e+08	4293.64	32451	4362	162	352	0	4293.64	74.9999	152.427	0	27858.9	12850.1	0	1.16765e+07	298.702	295.726	0	12420	653.581	590.928	0.883203
12600	5.27797e+08	5032.05	37112	5183	160	349	0	5032.05	75	143.243	0	27674.5	12755	0	8.52013e+06	337.673	340.904	0	12600	664.18	589.865	0.881615
12780	1.80507e+08	1574.42	12068	1282	153	354	0	1574.42	74.9999	154.298	0	28025.2	12184.2	0	3.54322e+06	309.171	327.871	0	12780	658.164	588.804	0.880029
12960	2.23575e+08	2323.53	16605	2477	144	355	0	2323.53	74.0001	134.099	0	28089.1	11463.9	0	3.39792e+06	285.253	328.197	0	12960	666.664	587.745	0.878447
13140	3.07662e+08	3152.63	23263	3220	138	353	0	3152.63	75	135.507	0	27962.6	10983.5	0	5.54229e+06	308.983	326.312	0	13140	652.989	586.688	0.876867
13320	3.34547e+08	2732.89	21091	2972	137	352	0	2732.89	75	163.827	0	27869.8	10898.6	0	4.64626e+06	308.508	319.09	0	13320	651.946	585.633	0.87529
13500	2.52359e+08	2170.33	17546	2116	138	350	0	2170.33	75	156.235	0	27703.8	10981.8	0	6.01869e+06	299.947	322.419	0	13500	658.445	584.58	0.873716
13680	2.1669e+08	1780.25	14975	2277	137	354	0	1780.25	75	162.942	0	28085.8	10925.5	0	6.35591e+06	349.018	338.646	0	13680	659.95	583.529	0.872145
13860	2.08828e+08	1623.85	13447	1955	143	361	0	1623.85	75	172	0	28581.6	11390.8	0	8.31142e+06	289.656	315.543	0	13860	658.156	582.479	0.870576
14040	2.28991e+08	2104.99	16204	2057	139	358	0	2104.99	75	147.549	0	28360.3	11087.3	0	4.07337e+06	313.141	341.158	0	14040	663.948	581.432	0.86901
14220	2.04026e+08	1895.14	14836	1901	136	357	0	1895.14	75	146.29	0	28280.4	10812.2	0	5.63742e+06	305.102	323.749	0	14220	659.595	580.386	0.867448
14400	2.27022e+08	2837.91	18392	2556	135	356	0	2837.91	74.9999	118.131	0	28230.3	10772.4	0	3.68373e+06	333.036	337.652	0	14400	664.621	579.342	0.865888
14580	3.20341e+08	2978.59	22324	2309	132	359	0	2978.59	75	146.168	0	28437.7	10487.1	0	7.79815e+06	306.567	308.196	0	14580	665.484	578.3	0.86433
14760	5.14077e+08	4872.96	35865	4664	131	360	0	4872.96	74.9996	143.907	0	28498.1	10402.1	0	1.73474e+07	298.149	303.92	0	14760	658.42	577.26	0.862776
14940	2.97108e+08	2803.15	20124	2922	130	362	0	2803.15	74.0002	144.449	0	28654.4	10322.6	0	4.60991e+06	298.571	300.003	0	14940	664.433	576.222	0.861224
15120	2.1291e+08	2509.22	16988	2236	129	364	0	2509.22	74.0001	122.789	0	28856.4	10252.2	0	3.42354e+06	328.617	297.12	0	15120	659.36	575.186	0.859676
15300	1.10424e+08	1193.84	8405	1149	130	361	0	1193.84	74	130.318	0	28642.3	10317.5	0	2.59488e+06	344.336	298.183	0	15300	644.903	574.152	0.85813
15480	1.12985e+08	1067.83	8594	791	128	361	0	1067.83	74	144.248	0	28566.9	10240.1	0	2.94878e+06	287.385	355.055	0	15480	654.611	573.119	0.856586
15660	7.18696e+07	930.528	6712	774	129	368	0	930.528	75	115.515	0	29181.9	10248.3	0	1.48655e+06	339.51	306.551	0	15660	643.78	572.088	0.855046
15840	1.00293e+08	1310.78	8905	1598	128	370	0	1310.78	75	114.834	0	29323.6	10176.1	0	3.03222e+06	332.937	298.237	0	15840	651.178	571.06	0.853508
16020	1.54958e+08	1888.69	12584	2131	130	379	0	1888.69	74	120.087	0	29978.5	10394	0	3.09323e+06	272.909	350.711	0	16020	654.886	570.033	0.851973
16200	1.48384e+08	1780.33	12517	1620	123	372	0	1780.33	75	121.336	0	29435	9787.52	0	3.31702e+06	290.181	313.035	0	16200	660.19	569.007	0.850441
16380	4.37456e+07	1664.83	6461	1679	126	375	0	1664.83	75	64.6845	0	29713.8	10056.6	0	1.73025e+06	316.896	338.011	0	16380	658.153	567.984	0.848912
16560	2.08816e+08	1944.26	14270	2461	130	379	0	1944.26	74.0001	146.006	0	30009.5	10327	0	4.44605e+06	309.174	303.53	0	16560	664.329	566.963	0.847385
16740	1.5362e+08	1392.33	11408	1729	124	377	0	1392.33	75	149.297	0	29900.8	9918.08	0	5.0161e+06	342.689	344.136	0	16740	649.742	565.943	0.845861
16920	1.32698e+08	1438.5	10516	1441	132	380	0	1438.5	74.9999	130.069	0	30079.4	10500.8	0	2.19738e+06	298.258	308.64	0	16920	641.863	564.925	0.84434
17100	1.65288e+08	2130.12	14373	1926	132	380	0	2130.12	75	115.855	0	30102.2	10465.3	0	3.23879e+06	318.973	275.267	0	17100	649.953	563.909	0.842822
17280	1.16897e+08	1815.9	11905	1633	129	382	0	1815.9	75	103.5	0	30229.3	10263.6	0	3.15972e+06	296.785	286.808	0	17280	661.478	562.895	0.841306
17460	8.22335e+07	986.192	6927	891	123	385	0	986.192	75	121.374	0	30454	9788.44	0	2.17995e+06	294.243	323.024	0	17460	635.48	561.883	0.839793
17640	1.02852e+08	1182.4	8834	1003	122	390	0	1182.4	74.9977	124.865	0	30901.4	9739.7	0	2.05547e+06	337.279	338.002	0	17640	623.593	560.872	0.838283
17820	1.10299e+08	1523.58	10420	1431	122	391	0	1523.58	75	110.97	0	30971.7	9735.35	0	1.86318e+06	334.225	336.464	0	17820	637.462	559.864	0.836775
18000	6.68953e+07	1512.94	7735	1457	123	393	0	1512.94	75	84.3035	0	31084.9	9818.81	0	1.6197e+06	269.767	349.609	0	18000	625.241	558.857	0.83527
18180	7.73853e+07	807.311	6238	1200	122	396	0	807.311	74	133.724	0	31306.9	9749.36	0	1.67151e+06	278.686	347.93	0	18180	616.477	557.852	0.833768
18360	7.99877e+07	1113.31	7784	1224	123	396	0	1113.31	75	110.457	0	31373	9795.34	0	1.75014e+06	318.87	309.789	0	18360	627.591	556.849	0.832269
18540	2.23586e+07	652.197	3628	459	123	396	0	652.197	74	73.9659	0	31312.8	9802.47	0	701744	293.998	314.442	0	18540	618.251	555.847	0.830772
18720	6.67656e+06	425.045	1124	125	123	396	0	425.045	75	50	0	31442	9875	0	509497	341.669	323.491	0	18720	633.267	554.848	0.829278
18900	2.7473e+06	174.9	595	0	123	396	0	174.9	74	50	0	31442	9768.87	0	321215	362.992	337.077	0	18900	616.643	553.85	0.827786
19080	830135	21.4532	325	0	123	396	0	21.4532	74.5683	78.6804	0	31284	9834.13	0	456133	303.859	352.006	0	19080	612.483	552.854	0.826298
19260	0.00797016	2.389e-07	648	0	123	396	0	2.389e-07	74	72.9524	0	31442	9746.59	0	258884	356.653	296.214	0	19260	588.254	551.859	0.824812
19440	6.71119e+07	1325.11	7484	1375	124	403	0	1325.11	74	90.586	0	31880.5	9897.11	0	1.10705e+06	288.928	322.744	0	19440	603.061	550.867	0.823328
19620	1.2726e+08	1657.66	11350	1344	136	404	0	1657.66	74	115.076	0	31991.5	10820.1	0	3.59557e+06	328.301	315.054	0	19620	593.709	549.876	0.821848
19800	2.28305e+08	2543.62	18171	2311	139	404	0	2543.62	75	127.588	0	32003	11069.7	0	6.50569e+06	332.493	313.042	0	19800	601.636	548.887	0.82037
19980	2.8511e+08	3605.7	24510	3636	137	402	0	3605.7	75	117.253	0	31854.5	10901.2	0	3.9169e+06	335.24	315.885	0	19980	578.943	547.9	0.818894
20160	1.47377e+08	1868.9	12521	2700	134	399	0	1868.9	75	117.049	0	31604.1	10671.1	0	4.18624e+06	328.818	310.062	0	20160	578.867	546.915	0.817422
20340	6.72161e+07	610.201	5640	296	133	401	0	610.201	74	149.094	0	31699.4	10539	0	2.67374e+06	276.57	281.042	0	20340	583.569	545.931	0.815952
20520	4.41514e+07	386.185	2441	205	133	401	0	386.185	74.0001	153.918	0	31679	10559.6	0	1.54824e+06	223.201	297.678	0	20520	566.061	544.95	0.814484
20700	2.37429e+07	268.043	1409	57	133	401	0	268.043	75	126.427	0	31679	10665	0	1.74684e+06	331.288	377.74	0	20700	572.771	543.97	0.81302
20880	2.22376e+07	172.92	1705	264	133	401	0	172.92	75	172	0	31837	10507	0	1.53718e+06	364.498	291.87	0	20880	557.973	542.991	0.811557
21060	6.22564e+06	81.2289	977	0	133	401	0	81.2289	74	114.956	0	31837	10580.8	0	746874	340.456	281.134	0	21060	565.657	542.015	0.810098
21240	1.13117e+06	72.0125	450	0	133	401	0	72.0125	74.0001	50	0	31822.7	10665	0	718688	336.568	303.63	0	21240	553.621	541.04	0.808641
21420	797936	50.7984	412	0	133	401	0	50.7984	75	50	0	31791.3	10665	0	576008	333.234	282.464	0	21420	541.987	540.067	0.807187
21600	732823	46.6526	366	18	133	401	0	46.6526	74	50.0003	0	31816.4	10665	0	438123	343.052	307.23	0	21600	548.402	539.096	0.805735
21780	2.81074e+06	178.938	877	0	133	401	0	178.938	74	50	0	31751	10510	0	421361	300.08	279.887	0	21780	556.432	538.126	0.804286
21960	0.00609888	3.88268e-07	388	24	133	401	0	3.88268e-07	74	50	0	31837	10507	0	388210	352.691	246.363	0	21960	524.385	537.159	0.80284
22140	0.00500116	3.18385e-07	406	0	133	401	0	3.18385e-07	74	50	0	31679	10507	0	286850	363.037	247.685	0	22140	517.442	536.193	0.801396
22320	3.11331e+06	198.2	701	19	133	401	0	198.2	74	50	0	31836.4	10507	0	410218	337.223	269.845	0	22320	508.484	535.228	0.799955
22500	831908	52.9611	772	25	133	401	0	52.9611	74	50	0	31679	10615.4	0	313625	321.427	328.759	0	22500	513.459	534.266	0.798516
22680	1.1461e+06	72.9633	394	264	133	401	0	72.9633	74	50	0	31760	10571.1	0	338322	408.423	333.83	0	22680	489.613	533.305	0.79708
22860	3.56884e+06	227.2	717	193	133	401	0	227.2	74	50	0	31752.4	10651.4	0	337854	296.464	353.172	0	22860	498.99	532.346	0.795647
23040	1.09592e+06	69.769	351	0	133	401	0	69.769	74.9999	50	0	31837	10584.7	0	536771	319.626	338.662	0	23040	517.075	531.389	0.794216
23220	840883	53.5324	519	0	133	401	0	53.5324	74	50.0001	0	31732.3	10665	0	390349	368.479	352.707	0	23220	505.829	530.433	0.792787
23400	4.40144e+07	843.011	4926	755	126	410	0	843.011	74	92.0835	0	32455.1	10068.6	0	1.08276e+06	279.37	344.841	0	23400	506.506	529.479	0.791362
23580	6.83503e+07	844.554	5420	1292	124	407	0	844.554	75	119.022	0	32298.4	9906.1	0	2.2633e+06	368.849	329.83	0	23580	492.184	528.527	0.789939
23760	9.02365e+07	1433.83	8363	1491	128	404	0	1433.83	75	102.16	0	31963.6	10168.2	0	1.83319e+06	296.264	293.441	0	23760	488.055	527.576	0.788518
23940	7.45284e+07	896.138	6281	1022	129	402	0	896.138	74	121.163	0	31839.9	10232.3	0	2.02692e+06	329.318	277.952	0	23940	497.103	526.628	0.7871
24120	3.21393e+07	1022.08	4401	1206	128	404	0	1022.08	75	70.8011	0	31984.3	10177	0	1.03844e+06	313.59	278.628	0	24120	497.652	525.68	0.785684
24300	1.89042e+07	147.607	738	84	128	404	0	147.607	74	171.278	0	32074	10112	0	1.69768e+06	349.615	216.12	0	24300	487.451	524.735	0.784271
24480	11759.6	0.748629	356	0	128	404	0	0.748629	74	50.0004	0	32074	10118.8	0	213559	387.254	303.718	0	24480	483.585	523.791	0.782861
24660	3.66881e-10	2.33565e-14	99	0	128	404	0	2.33565e-14	74	50	0	31916	10270	0	355687	243.923	393.158	0	24660	483.704	522.849	0.781453
24840	1.36106e+06	86.6478	606	0	128	404	0	86.6478	74	50	0	32050.7	10112	0	264769	313.4	289.756	0	24840	479.766	521.909	0.780048
25020	1.07701e+07	92.1813	597	124	128	404	0	92.1813	74	156.908	0	32074	10270	0	608788	369.976	349.872	0	25020	486.928	520.971	0.778645
25200	2.85561e+06	162.663	805	37	128	404	0	162.663	74	52.859	0	32074	10166.3	0	322597	324.259	357.53	0	25200	483.992	520.034	0.777245
25380	5.15806e+07	1268.51	6318	1138	132	404	0	1268.51	75	80.7144	0	31959.8	10532.4	0	1.30558e+06	296.111	322.34	0	25380	484.986	519.098	0.775847
25560	3.00589e+07	255.224	2350	108	132	404	0	255.224	74	158.045	0	32065.3	10515.6	0	1.3686e+06	356.73	315.394	0	25560	489.247	518.165	0.774452
25740	9.04574e+07	908.418	7162	514	128	405	0	908.418	74.0001	137.576	0	32065.7	10201.8	0	1.82002e+06	311.109	319.645	0	25740	471.532	517.233	0.773059
25920	3.43521e+07	419.59	2047	318	128	405	0	419.59	74	119.92	0	31995	10270	0	1.25096e+06	239.008	374.25	0	25920	482.908	516.303	0.771669
26100	3.59998e+06	73.1621	206	44	128	405	0	73.1621	74.0001	89.1978	0	31995	10112	0	933718	239.666	318.288	0	26100	488.115	515.374	0.770281
26280	2.13387e+06	19.3452	407	0	128	405	0	19.3452	74	149.266	0	31995	10112	0	645682	242.47	298.635	0	26280	484.33	514.447	0.768896
26460	4.5648e+06	290.606	854	0	128	405	0	290.606	74	50	0	32048.2	10112	0	354903	238.539	256.75	0	26460	481.525	513.522	0.767513
26640	1.5679e+07	998.16	2529	576	128	405	0	998.16	75	50	0	32136	10188.7	0	1.12451e+06	352.306	327.162	0	26640	474.109	512.599	0.766133
26820	1.20044e+07	93.3465	356	135	128	405	0	93.3465	75	172	0	32153	10112	0	1.56301e+06	367.89	236.89	0	26820	474.292	511.677	0.764755
27000	2.22819e+06	141.852	861	121	128	405	0	141.852	74	50	0	32016.8	10122.8	0	241505	346.181	305.308	0	27000	468.946	510.757	0.763379
27180	1.04928e+06	66.7993	600	0	128	405	0	66.7993	74	50	0	32153	10112	0	447129	327.849	255.536	0	27180	475.28	509.838	0.762007
27360	729776	46.4592	595	0	128	405	0	46.4592	75	50	0	32143.7	10184.4	0	507307	264.757	277.295	0	27360	474.345	508.921	0.760636
27540	2.50202e+06	159.284	780	0	128	405	0	159.284	74	50	0	32019.4	10112	0	334559	294.22	313.417	0	27540	488.684	508.006	0.759268
27720	30465.3	1.93949	309	11	128	405	0	1.93949	74	50	0	32153	10270	0	357665	345.468	271.316	0	27720	472.901	507.093	0.757903
27900	8.00669e+06	509.724	1879	267	128	405	0	509.724	75	50	0	32022.9	10174.5	0	796918	335.49	309.123	0	27900	459.496	506.181	0.75654
28080	4.82703e+06	307.3	885	293	128	405	0	307.3	75	50	0	32069.3	10240.5	0	1.22891e+06	294.807	362.766	0	28080	465.889	505.27	0.755179
28260	2.44564e+07	337.257	2245	413	128	405	0	337.257	74	111.082	0	31995	10160.3	0	1.04244e+06	280.827	311.876	0	28260	464.326	504.362	0.753821
28440	1.25677e+07	180.073	1071	0	128	405	0	180.073	74	108.541	0	32035.6	10270	0	760587	320.218	408.716	0	28440	457.286	503.455	0.752466
28620	3.5077e+07	636.412	2715	211	128	405	0	636.412	74	94.841	0	32153	10260.2	0	791840	382.572	376.095	0	28620	455.446	502.549	0.751112
28800	2.07036e+07	267.483	1163	7	128	405	0	267.483	74.0001	115.672	0	32096.2	10270	0	1.35045e+06	326.377	413.493	0	28800	453.782	501.645	0.749762
