MS2-QUANT	v0j
Region DEFINITION, 05-Apr-2021
COMMENT	Outline definition performed in MS2-QUANT (Main program)
FILE	MAX_20201217_RI516_C12MS2128TkTat_001_visit_35.tif
PATH	/Volumes/EBL/20201217/
PARAMETERS
Pix-XY	Pix-Z	RI	Ex	Em	NA	dT	Type
79	600	1.458	488	521	1.4	180	widefield
ANALYSIS-SETTINGS	
IMAGING-BACKGROUND	150
LIMIT-FIT-SIGMA-XY-MIN	-54
LIMIT-FIT-SIGMA-XY-MAX	112
LIMIT-FIT-SIGMA-Z-MIN	0
LIMIT-FIT-SIGMA-Z-MAX	0
LIMIT-FIT-BGD-MIN	64
LIMIT-FIT-BGD-MAX	65
DETECTION-THRESHOLD	500
REGION	TxSite
X_POS	153	153	153	153	152	152	151	151	151	150	149	149	148	148	147	147	146	145	144	144	143	142	141	140	140	139	138	137	136	135	134	133	132	131	130	129	128	127	126	125	125	124	123	122	121	120	119	118	117	116	115	114	113	113	112	111	111	110	109	109	108	107	106	105	105	104	103	103	102	102	101	101	101	100	99	99	99	98	98	97	97	97	97	97	96	96	96	96	96	96	96	96	96	96	96	96	96	96	96	96	96	96	96	96	95	95	95	95	95	95	95	95	95	95	95	95	95	95	95	95	95	95	96	96	96	96	97	97	97	98	99	99	100	101	101	102	102	103	103	104	104	105	106	107	108	108	109	109	110	111	112	112	113	114	114	115	116	117	118	119	119	120	121	122	123	124	125	126	127	128	129	130	131	132	133	134	135	136	137	138	139	139	140	141	142	143	144	145	146	147	147	148	149	149	150	150	151	151	152	152	153	153	154	154	154	155	155	155	155	155	155	155	156	156	156	156	156	156	156	156	156	156	156	156	156	156	156	155	155	155	155	155	155	155	155	155	155	155	155	155	155	155	155	155	155	155	155	155	155	155	155	155	155	155	155	155	154	154	154	154	154	154	154	153	153	END
Y_POS	85	84	83	82	81	80	80	79	78	77	76	75	75	74	74	73	73	72	72	71	71	71	71	71	70	70	70	70	70	70	70	70	70	70	70	70	70	70	70	70	69	69	69	69	69	69	69	69	69	69	69	69	69	70	70	70	71	71	71	72	72	73	73	74	75	75	76	77	77	78	78	79	80	81	82	83	84	85	86	87	88	89	90	91	92	93	94	95	96	97	98	99	100	101	102	103	104	105	106	107	108	109	110	111	112	113	114	115	116	117	118	119	120	121	122	123	124	125	126	127	128	129	129	130	131	132	133	134	135	135	136	137	138	139	140	140	141	141	142	142	143	143	144	145	145	146	146	147	147	147	147	148	148	148	149	149	149	149	149	149	150	150	150	150	151	151	151	151	151	151	151	151	151	151	151	151	151	151	151	151	151	150	150	150	149	149	149	149	149	149	148	148	148	147	147	146	146	145	145	144	144	143	143	142	141	141	140	139	138	137	136	135	135	134	133	132	131	130	129	128	127	126	125	124	123	122	121	121	120	119	118	117	116	115	114	113	112	111	110	109	108	107	106	105	104	103	102	101	100	99	98	97	96	95	94	93	93	92	91	90	89	88	87	87	86	END
QUANTIFICATION
Time[s]	Q_Integrate	Q_AMP	Q_Sum_pix	Q_MIP_int	Pix_Y	Pix_X	Pix_Z	AMP	BGD	SigmaXY	SigmaZ	MuY	MuX	MuZ	RES	Cent_Y	Cent_X	Cent_Z	OPB_time	OPB_INT	OPB_FIT	OPB_FIT_norm
0	449727	473.526	245	0	118	117	0	473.526	64	12.2946	0	9400.82	9401.16	0	229483	352.851	330.144	0	0	857.45	1055.76	1
180	1.27479e+06	520	294	0	118	117	0	520	64	-19.7528	0	9401	9480	0	223204	365.722	320.645	0	180	839.488	1053.86	0.998202
360	976224	829.706	470	0	118	117	0	829.706	64	-13.6843	0	9400.97	9401.12	0	377892	384.259	389.471	0	360	843.801	1051.96	0.996406
540	0.897393	76.0983	68	0	118	117	0	76.0983	64	0.0433225	0	9275.01	9473.53	0	378089	284.898	336.443	0	540	832.48	1050.07	0.994615
720	1.10817e+06	506	688	37	118	117	0	506	64	18.6698	0	9246.34	9480	0	240271	325.954	344.07	0	720	829.883	1048.18	0.992826
900	2.31141e+06	542	773	270	118	117	0	542	64	26.0525	0	9299.79	9421.21	0	253359	338.959	306.057	0	900	825.396	1046.3	0.99104
1080	1.44943e+06	583.93	399	292	118	117	0	583.93	64	19.8759	0	9322	9405.5	0	174609	352.835	352.433	0	1080	830.725	1044.41	0.989258
1260	1.04044e+06	450	328	0	118	117	0	450	64	19.1828	0	9243	9333.93	0	179928	327.937	314.678	0	1260	812.156	1042.54	0.987479
1440	1.07675e+06	777.097	373	0	118	117	0	777.097	64	14.8501	0	9400.93	9400.87	0	392316	405.367	402.014	0	1440	811.365	1040.66	0.985703
1620	1.38964e+06	551.999	421	0	118	117	0	551.999	64	-20.0167	0	9314.01	9480	0	188744	335.12	306.214	0	1620	790.024	1038.79	0.983931
1800	1.06704e+06	406.087	637	0	118	117	0	406.087	64	20.4499	0	9252.29	9322	0	265744	299.194	292.202	0	1800	814.46	1036.92	0.982161
1980	786330	561.152	474	58	118	117	0	561.152	64	14.9339	0	9319.65	9326.84	0	209217	273.289	311.77	0	1980	809.662	1035.06	0.980395
2160	8.07961e-10	53.0098	273	0	118	117	0	53.0098	64	-1.5575e-06	0	9244.91	9322	0	208009	250.824	246.482	0	2160	819.085	1033.2	0.978632
2340	627726	678.228	619	45	118	117	0	678.228	64	12.1369	0	9352.39	9479.24	0	287277	377.035	404.229	0	2340	821.847	1031.34	0.976872
2520	1.27572e+06	678.931	645	270	118	117	0	678.931	64	17.2932	0	9322.11	9399.1	0	261786	351.193	266.862	0	2520	813.313	1029.48	0.975115
2700	924074	786.464	222	0	118	117	0	786.464	64	13.6749	0	9243.42	9400.7	0	345256	232.21	403.592	0	2700	823.306	1027.63	0.973361
2880	0.377	157.805	50	50	118	117	0	157.805	64	0.0194993	0	9342.46	9399.53	0	412367	359.663	410.559	0	2880	838.827	1025.78	0.971611
3060	1.47944e+06	824.421	623	0	118	117	0	824.421	64	16.8999	0	9298.63	9322.96	0	317186	253.46	261.523	0	3060	833.287	1023.94	0.969863
3240	895284	443.378	265	31	118	117	0	443.378	64	17.9268	0	9321.93	9323.71	0	211020	293.162	321.471	0	3240	819.265	1022.1	0.968119
3420	7.49478e-10	0.0949872	200	62	118	117	0	0.0949872	64	3.5437e-05	0	9243	9354.85	0	252772	263.47	245.005	0	3420	842.573	1020.26	0.966378
3600	559956	613.977	213	2	118	117	0	613.977	64	-12.0479	0	9243	9322	0	296022	340.607	254.963	0	3600	853.165	1018.42	0.96464
3780	2.87563e+06	832	717	0	118	117	0	832	64	23.4539	0	9401	9461.14	0	203293	333.254	268.238	0	3780	850.897	1016.59	0.962905
3960	2.59867e+06	933.999	715	168	118	117	0	933.999	64	21.0432	0	9372.14	9372.48	0	428868	392.304	254.066	0	3960	852.379	1014.76	0.961174
4140	379888	580.429	413	0	118	117	0	580.429	64	10.2062	0	9271.78	9325.48	0	636893	280.365	286.872	0	4140	842.564	1012.94	0.959445
4320	1.60621e+06	665.994	1017	13	118	117	0	665.994	64	19.5919	0	9321.94	9322.91	0	327902	341.534	301.557	0	4320	836.934	1011.12	0.95772
4500	891470	312.279	358	0	118	117	0	312.279	64	21.3153	0	9401	9400.69	0	182772	341.61	325.721	0	4500	856.09	1009.3	0.955997
4680	898716	756.426	568	0	118	117	0	756.426	64	13.7511	0	9318.73	9322.03	0	362303	350.817	341.732	0	4680	864.358	1007.48	0.954278
4860	2.18685e+06	770	962	41	118	117	0	770	64	21.2605	0	9401	9471.42	0	301689	338.832	318.894	0	4860	864.813	1005.67	0.952562
5040	2.09672e-09	112.981	244	57	118	117	0	112.981	64.2912	1.71861e-06	0	9327.04	9436.91	0	409573	342.534	317.205	0	5040	861.008	1003.86	0.950849
5220	906206	668	278	0	118	117	0	668	64	14.6938	0	9311.15	9322	0	384715	288.222	275.441	0	5220	862.883	1002.06	0.949139
5400	4.24397e+06	57.7439	600	297	118	117	0	57.7439	64	112	0	9243	9480	0	455741	300.496	375.013	0	5400	876.099	1000.26	0.947432
5580	2.55661e+06	211.981	598	0	118	117	0	211.981	64	43.8121	0	9247.33	9322	0	446664	293.088	288.756	0	5580	875.675	998.458	0.945728
5760	3.12026e+06	508.128	876	0	118	117	0	508.128	64	31.2622	0	9401	9418.57	0	385941	345.549	320.048	0	5760	864.311	996.662	0.944027
5940	2.49066e+06	777.868	1094	86	118	117	0	777.868	64	22.5743	0	9244.31	9346.25	0	343573	325.343	268.037	0	5940	866.173	994.87	0.94233
6120	410.333	52.2926	640	0	118	117	0	52.2926	64	1.11753	0	9306.15	9356.88	0	475573	325.271	266.861	0	6120	873.862	993.08	0.940635
6300	602189	657.877	307	0	118	117	0	657.877	64	12.0699	0	9401	9432.99	0	321462	344.25	381.031	0	6300	890.869	991.294	0.938943
6480	2.16596e+06	726	633	126	118	117	0	726	64	21.7905	0	9321.98	9337.89	0	245025	332.828	304.103	0	6480	861.596	989.512	0.937255
6660	2.76981e+06	141.933	713	124	118	117	0	141.933	65	55.7318	0	9289.77	9322	0	576521	300.848	305.884	0	6660	879.812	987.732	0.935569
6840	2.08218e+06	805.999	672	0	118	117	0	805.999	64	20.2769	0	9259.93	9480	0	327931	285.692	287.923	0	6840	902.298	985.956	0.933887
7020	6.61653e+06	90.0256	874	0	118	117	0	90.0256	64	112	0	9401	9322	0	687735	337.556	291.253	0	7020	897.209	984.183	0.932207
7200	1.61813e+06	259.691	388	45	118	117	0	259.691	64	31.4911	0	9243	9480	0	290140	344.465	344.111	0	7200	927.457	982.413	0.930531
7380	2.46889e+06	1216	711	0	118	117	0	1216	65	17.976	0	9243	9480	0	667823	267.624	374.962	0	7380	945.768	980.646	0.928857
7560	1.72176e+06	789.227	663	296	118	117	0	789.227	64.0051	18.6335	0	9323.24	9379.86	0	353880	329.088	321.88	0	7560	951.793	978.883	0.927187
7740	273881	420.458	198	0	118	117	0	420.458	64	10.1819	0	9401	9400.12	0	320308	377.94	238.526	0	7740	966.602	977.122	0.92552
7920	7.05604e+06	1324	1531	421	118	117	0	1324	64	29.1237	0	9330.06	9350.27	0	308813	284.415	248.848	0	7920	935.267	975.365	0.923855
8100	654106	721.125	301	50	118	117	0	721.125	64	12.0151	0	9363.09	9480	0	542320	320.387	323.175	0	8100	934.409	973.611	0.922194
8280	1.62499e+06	1005.11	893	303	118	117	0	1005.11	65	16.0409	0	9327.15	9417.37	0	711830	339.012	313.57	0	8280	936.54	971.86	0.920535
8460	1.84959e+06	879.342	375	5	118	117	0	879.342	64.6986	18.2966	0	9321.87	9479.97	0	567721	324.137	332.912	0	8460	947.647	970.112	0.91888
8640	2.50879e+06	680	988	234	118	117	0	680	64	24.2319	0	9363.24	9392.81	0	323062	293.54	343.17	0	8640	931.105	968.367	0.917227
8820	3.19398e+06	1243.97	1032	120	118	117	0	1243.97	65	20.2149	0	9378.79	9374.84	0	748469	275.498	345.12	0	8820	957.779	966.626	0.915578
9000	5.33867e+06	72.6386	515	0	118	117	0	72.6386	65	112	0	9359.67	9480	0	708967	337.768	322.749	0	9000	981.286	964.888	0.913931
9180	0.0530586	70.1629	321	15	118	117	0	70.1629	65	0.0109707	0	9301.03	9341.05	0	555689	338.81	328.015	0	9180	944.676	963.152	0.912288
9360	1.23687e+06	710	332	0	118	117	0	710	64	16.6511	0	9272.8	9322	0	317527	302.403	312.306	0	9360	954.24	961.42	0.910647
9540	977397	461.653	315	0	118	117	0	461.653	64	18.3564	0	9322	9322.01	0	266224	335.212	250.828	0	9540	985.601	959.691	0.909009
9720	933558	146.534	589	0	118	117	0	146.534	65	31.8428	0	9385.33	9322	0	795813	341.538	274.432	0	9720	996.95	957.965	0.907374
9900	6.91737e+06	552.397	1542	87	118	117	0	552.397	65	44.6431	0	9243	9437.87	0	695668	319.247	319.146	0	9900	968.254	956.243	0.905743
10080	1.42492e+06	450.505	823	0	118	117	0	450.505	65	22.4365	0	9300.86	9480	0	642495	334.989	341.8	0	10080	978.257	954.523	0.904114
10260	1.77742e+06	53.5464	163	0	118	117	0	53.5464	64.0003	72.7661	0	9401	9394.29	0	615036	332.755	314.996	0	10260	974.318	952.806	0.902488
10440	1.14577e+06	834	731	0	118	117	0	834	64	14.7868	0	9243	9480	0	449353	253.23	365.993	0	10440	982.839	951.093	0.900865
10620	112318	274.067	156	33	118	117	0	274.067	65	8.07618	0	9401	9322	0	718934	371.193	263.72	0	10620	992.173	949.382	0.899245
10800	27.1865	129.24	36	0	118	117	0	129.24	64.9994	0.182973	0	9372.73	9334.79	0	652361	333.113	270.135	0	10800	1002.42	947.675	0.897628
10980	3.48663e+06	285.893	774	0	118	117	0	285.893	65	44.0566	0	9243	9340.53	0	575772	297.539	310.909	0	10980	996.954	945.971	0.896013
11160	0.179876	207.879	239	0	118	117	0	207.879	64.9997	-0.0117352	0	9326.99	9356.94	0	543760	316.881	287.904	0	11160	1003.23	944.269	0.894402
11340	2.04384e+06	774	910	0	118	117	0	774	64	20.5004	0	9243	9337.91	0	486151	308.281	276.549	0	11340	1019.5	942.571	0.892793
11520	6.46018e+06	860	1571	0	118	117	0	860	64	34.5767	0	9376.44	9447.95	0	426975	340.033	306.456	0	11520	998.842	940.876	0.891188
11700	9.30761e+06	136.313	520	113	118	117	0	136.313	64	107.134	0	9246.68	9322	0	514590	285.953	258.064	0	11700	1034.61	939.184	0.889585
11880	2.97348e+06	968	881	51	118	117	0	968	65	22.1108	0	9246.13	9410.88	0	389984	320.424	354.769	0	11880	1039.42	937.495	0.887985
12060	594806	595.107	466	0	118	117	0	595.107	65	-12.6125	0	9398.95	9478.94	0	500245	333.469	341.663	0	12060	1050.18	935.809	0.886388
12240	4.63505e+06	1430	1423	29	118	117	0	1430	65	22.7127	0	9400.84	9480	0	1.08678e+06	317.482	345.284	0	12240	1044.13	934.126	0.884794
12420	5.2039e+06	277.708	632	0	118	117	0	277.708	65	54.6118	0	9391.66	9322	0	540338	351.702	299.56	0	12420	1041.65	932.446	0.883203
12600	1.02555e+07	139.538	1148	111	118	117	0	139.538	65	112	0	9359.98	9480	0	919708	309.713	340.55	0	12600	1068.63	930.769	0.881615
12780	1.10157e+07	149.881	773	33	118	117	0	149.881	64	112	0	9401	9480	0	1.09427e+06	357.735	377.32	0	12780	1066.31	929.096	0.880029
12960	6.58855e+06	531.606	1309	404	118	117	0	531.606	65	44.413	0	9401	9322	0	850261	316.187	254.023	0	12960	1082.85	927.425	0.878447
13140	9.9864e+06	135.876	1120	74	118	117	0	135.876	65	112	0	9401	9329.29	0	953028	303.67	322.495	0	13140	1100.04	925.757	0.876867
13320	6.76732e+06	364.526	983	115	118	117	0	364.526	65	54.3575	0	9401	9480	0	766640	321.759	351.941	0	13320	1092.11	924.092	0.87529
13500	1.52773e+07	207.866	1477	544	118	117	0	207.866	65	112	0	9401	9404.41	0	822945	343.904	326.838	0	13500	1079.8	922.43	0.873716
13680	1.46321e+06	962	507	0	118	117	0	962	65	15.5588	0	9352.93	9322	0	798996	319.229	311.684	0	13680	1103.99	920.771	0.872145
13860	1.65918e+07	225.75	1075	378	118	117	0	225.75	65	112	0	9243	9480	0	1.58541e+06	267.853	320.908	0	13860	1087.68	919.115	0.870576
14040	4.23031e+06	864.811	1065	0	118	117	0	864.811	65	27.902	0	9401	9399.19	0	1.02057e+06	368.372	378.447	0	14040	1108.85	917.462	0.869011
14220	1.46092e+07	198.774	1364	0	118	117	0	198.774	65	112	0	9393.93	9415.06	0	1.55803e+06	306.996	347.025	0	14220	1110.56	915.812	0.867448
14400	2.3819e+07	324.084	1995	152	118	117	0	324.084	65	112	0	9401	9397.37	0	1.66596e+06	341.157	285.02	0	14400	1133.41	914.165	0.865888
14580	1.92137e+07	261.424	1320	174	118	117	0	261.424	65	112	0	9243	9322	0	1.55105e+06	278.522	284.32	0	14580	1135.74	912.521	0.864331
14760	3.06802e+07	417.439	1992	152	118	117	0	417.439	65	112	0	9256.53	9322	0	1.88381e+06	305.016	283.372	0	14760	1116.11	910.88	0.862776
14940	6.69042e+06	1286	1815	441	118	117	0	1286	65	28.7751	0	9362.5	9445.14	0	1.44761e+06	291.355	351.491	0	14940	1136.44	909.242	0.861225
15120	2.6207e+07	356.575	922	96	118	117	0	356.575	65	112	0	9243	9322	0	2.2556e+06	276.463	298.306	0	15120	1127.93	907.607	0.859676
15300	1.48707e+07	202.333	1016	187	118	117	0	202.333	65	112	0	9401	9322	0	2.29175e+06	338.095	276.93	0	15300	1124.84	905.975	0.85813
15480	5.61716e+06	1230.73	865	85	118	117	0	1230.73	65	26.9517	0	9243	9322	0	1.07514e+06	268.923	271.066	0	15480	1135.23	904.346	0.856586
15660	1.2382e+07	168.472	1612	0	118	117	0	168.472	65	112	0	9243	9322	0	1.21073e+06	273.77	291.764	0	15660	1145.72	902.719	0.855046
15840	1.37128e+07	186.579	1084	0	118	117	0	186.579	65	112	0	9357.53	9322	0	1.6216e+06	338.405	256.756	0	15840	1171.05	901.096	0.853508
16020	1.6483e+07	224.27	1226	0	118	117	0	224.27	65	112	0	9243	9328.4	0	1.89751e+06	293.632	328.908	0	16020	1143.3	899.475	0.851973
16200	2.86986e+06	1438	996	0	118	117	0	1438	65	-17.8222	0	9330.91	9322	0	1.06749e+06	314.304	300.013	0	16200	1140.05	897.858	0.850441
16380	2.09417e+07	284.936	664	0	118	117	0	284.936	65	112	0	9243	9480	0	1.74898e+06	273.676	360.54	0	16380	1142.96	896.243	0.848912
16560	1.74129e+06	1068	1211	132	118	117	0	1068	65	16.1087	0	9243	9322.01	0	1.05092e+06	273.926	271.639	0	16560	1134.04	894.631	0.847385
16740	1.22272e+07	166.365	1224	0	118	117	0	166.365	65	112	0	9319.03	9480	0	1.10631e+06	325.816	354.403	0	16740	1154.28	893.022	0.845861
16920	1.74188e+07	237.002	1421	386	118	117	0	237.002	65	112	0	9244.44	9480	0	1.54612e+06	308.227	336.921	0	16920	1153.45	891.416	0.84434
17100	1.43593e+07	195.374	1368	219	118	117	0	195.374	65	112	0	9379.86	9322	0	1.21329e+06	294.506	275.28	0	17100	1126.51	889.813	0.842822
17280	2.20817e+07	300.446	1941	219	118	117	0	300.446	65	112	0	9262.06	9480	0	1.65744e+06	311.27	326.854	0	17280	1162.58	888.213	0.841306
17460	2.32813e+07	316.768	2539	144	118	117	0	316.768	65	112	0	9272.88	9340.17	0	2.19022e+06	350.973	321.585	0	17460	1136.17	886.616	0.839793
17640	1.82049e+07	247.698	1323	678	118	117	0	247.698	65	112	0	9243	9462.38	0	1.84106e+06	266.465	346.629	0	17640	1124.06	885.021	0.838283
17820	1.429e+07	194.432	810	8	118	117	0	194.432	65	112	0	9401	9322	0	1.3031e+06	334.143	308.492	0	17820	1125.14	883.43	0.836775
18000	1.75629e+07	238.963	1875	163	118	117	0	238.963	65	112	0	9243	9411.76	0	1.30981e+06	294.326	295.889	0	18000	1089.11	881.841	0.83527
18180	1.53959e+07	373.262	1925	335	118	117	0	373.262	65	81.3119	0	9276.5	9345.05	0	1.82091e+06	307.227	291.12	0	18180	1111.41	880.255	0.833768
18360	2.19277e+07	298.351	2020	172	118	117	0	298.351	65	112	0	9354.92	9331.96	0	1.7617e+06	304.205	341.029	0	18360	1135.45	878.672	0.832269
18540	2.24682e+07	305.705	2350	456	118	117	0	305.705	65	112	0	9401	9345.47	0	1.35114e+06	338.199	286.102	0	18540	1106.76	877.092	0.830772
18720	9.47367e+06	128.9	932	0	118	117	0	128.9	65	112	0	9401	9464.21	0	901864	298.017	300.926	0	18720	1103.72	875.514	0.829278
18900	4.25818e+06	1198	945	0	118	117	0	1198	65	23.7845	0	9243	9460.21	0	2.2593e+06	281.612	343.992	0	18900	1071.62	873.94	0.827786
19080	1.06988e+07	165.494	865	60	118	117	0	165.494	65	103.754	0	9374.59	9322	0	1.15758e+06	282.201	324.46	0	19080	1095.57	872.368	0.826298
19260	1.91773e+07	260.929	1190	286	118	117	0	260.929	65	112	0	9331.78	9480	0	1.2039e+06	340.861	356.541	0	19260	1067.35	870.799	0.824812
19440	1.13867e+07	154.93	663	0	118	117	0	154.93	65	112	0	9401	9370.34	0	1.8863e+06	298.333	315.746	0	19440	1061.86	869.233	0.823328
19620	1.32944e+07	180.886	964	0	118	117	0	180.886	65	112	0	9243	9480	0	1.01651e+06	272.097	359.171	0	19620	1059.08	867.67	0.821848
19800	2.90542e+07	395.316	2019	0	118	117	0	395.316	65	112	0	9243	9460.54	0	1.71606e+06	275.1	331.522	0	19800	1046.53	866.11	0.82037
19980	3.65105e+07	503.01	3321	534	118	117	0	503.01	65	111.146	0	9286.17	9322	0	2.13091e+06	319.095	291.862	0	19980	1011.28	864.552	0.818894
20160	3.84647e+07	523.356	3092	490	118	117	0	523.356	65	112	0	9332.67	9480	0	3.88191e+06	300.945	367.916	0	20160	1008.47	862.997	0.817422
20340	2.10717e+07	572.13	2596	188	118	117	0	572.13	65	76.7158	0	9401	9405.14	0	1.45342e+06	351.16	338.998	0	20340	978.618	861.445	0.815952
20520	5.5704e+07	871.638	5897	1187	118	117	0	871.638	65	103.066	0	9292.68	9374.02	0	2.32988e+06	308.892	309.667	0	20520	972.7	859.896	0.814484
20700	3.89654e+07	530.169	3122	695	118	117	0	530.169	65	112	0	9243	9369.89	0	2.12823e+06	279.813	289.483	0	20700	968.358	858.35	0.81302
20880	3.21182e+07	437.005	3060	200	118	117	0	437.005	65	112	0	9243	9445.06	0	1.43745e+06	250.141	356.192	0	20880	958.487	856.806	0.811557
21060	2.22812e+07	303.161	1786	200	118	117	0	303.161	65	112	0	9243	9480	0	2.53192e+06	277.036	395.696	0	21060	953.786	855.265	0.810098
21240	1.18244e+07	160.884	1056	18	118	117	0	160.884	65	112	0	9328.49	9480	0	1.4911e+06	326.724	408.198	0	21240	938.789	853.727	0.808641
21420	8.13091e+06	110.63	627	0	118	117	0	110.63	65	112	0	9243	9322	0	1.05007e+06	307.5	334.243	0	21420	933.453	852.192	0.807187
21600	681934	655.7	311	91	118	117	0	655.7	65	12.8656	0	9273.15	9398.66	0	663724	343.273	295.593	0	21600	932.368	850.659	0.805735
21780	8.43827e+06	127.523	738	0	118	117	0	127.523	64	105.17	0	9401	9480	0	751046	349.027	355.49	0	21780	927.507	849.129	0.804286
21960	1.35591e+06	938.845	540	211	118	117	0	938.845	64	15.161	0	9401	9479.76	0	519712	342.554	323.236	0	21960	923.291	847.602	0.80284
22140	1.08523e+06	845.796	763	0	118	117	0	845.796	65	14.2902	0	9243.08	9322	0	633869	306.9	263.892	0	22140	890.527	846.078	0.801396
22320	1.95133e+06	362.012	537	193	118	117	0	362.012	65	29.2896	0	9401	9480	0	665753	370.824	364.585	0	22320	872.312	844.556	0.799955
22500	538196	9.87917	60	0	118	117	0	9.87917	64.6119	94.237	0	9401	9322	0	465726	293.977	243.077	0	22500	837.861	843.038	0.798516
22680	4.94902e+06	1436	1170	0	118	117	0	1436	64	23.4203	0	9324.68	9322	0	288942	343.125	265.438	0	22680	852.773	841.522	0.79708
22860	2.66195e+06	408.479	829	0	118	117	0	408.479	65	32.2051	0	9243	9323.23	0	463531	287.749	278.784	0	22860	835.773	840.008	0.795647
23040	348312	458.29	219	0	118	117	0	458.29	64.7943	-10.9983	0	9320.15	9479.63	0	536160	323.318	315.315	0	23040	820.312	838.497	0.794216
23220	4.35487e+06	192.468	253	0	118	117	0	192.468	64	60.014	0	9401	9322	0	613110	317.56	230.921	0	23220	818.737	836.99	0.792788
23400	1.85179e+06	686	614	52	118	117	0	686	64	20.7273	0	9401	9475.74	0	184621	367.069	327.648	0	23400	802.848	835.484	0.791362
23580	5.70887e+07	776.755	4882	727	131	138	0	776.755	65	112	0	11004.9	10453.6	0	2.0444e+06	337.423	334.585	0	23580	796.516	833.982	0.789939
23760	5.5105e+07	749.766	5173	650	132	137	0	749.766	65	112	0	10896.5	10464	0	2.08037e+06	328.423	293.392	0	23760	793.012	832.482	0.788518
23940	1.35186e+07	632.852	1596	138	132	137	0	632.852	65	58.3104	0	10823	10576.6	0	530433	279.12	321.061	0	23940	756.925	830.985	0.7871
24120	5.21984e+07	710.217	4636	558	134	138	0	710.217	65	112	0	10971.1	10649.2	0	1.0188e+06	303.594	289.757	0	24120	766.605	829.49	0.785684
24300	4.31704e+07	587.393	2991	218	134	138	0	587.393	65	111.999	0	10902	10737	0	1.47924e+06	214.55	353.264	0	24300	761.955	827.999	0.784271
24480	5.47453e+07	744.871	4240	1429	138	132	0	744.871	65	112	0	10451.8	10920.8	0	2.73208e+06	280.101	256.822	0	24480	741.63	826.51	0.782861
24660	2.70308e+07	367.785	2559	209	138	132	0	367.785	65	112	0	10505	10949.5	0	1.32546e+06	299.765	298.137	0	24660	755.958	825.023	0.781453
24840	4.06588e+07	553.209	3933	376	138	132	0	553.209	65	112	0	10435.7	11014.4	0	1.75424e+06	240.287	345.903	0	24840	737.808	823.54	0.780048
25020	4.90114e+07	666.856	3548	368	138	132	0	666.856	65	112	0	10428	10902	0	1.3815e+06	251.446	259.241	0	25020	742.776	822.059	0.778645
25200	5.01737e+06	1134	1223	182	138	132	0	1134	65	26.5364	0	10480	10933.9	0	1.38107e+06	224.802	267.207	0	25200	742.241	820.58	0.777245
25380	1.12304e+06	121.643	196	51	138	132	0	121.643	64	38.3323	0	10508.8	10902	0	421864	340.575	264.821	0	25380	729.711	819.104	0.775847
25560	0.152618	105.422	209	0	138	132	0	105.422	64	0.0151791	0	10498.1	10919.4	0	611912	339.27	274.88	0	25560	731.138	817.631	0.774452
25740	4.59413e+07	1188.88	6112	928	138	124	0	1188.88	65	78.6255	0	9850.54	10999.2	0	1.4373e+06	263.621	326.898	0	25740	718.943	816.161	0.773059
25920	2.66447e+07	448.083	1433	0	138	124	0	448.083	64	98.9235	0	9796	11060	0	1.14187e+06	264.653	383.912	0	25920	716.306	814.693	0.771669
26100	1.98828e+06	815.989	939	0	138	124	0	815.989	65	19.6928	0	9802.46	11016.1	0	474793	238.074	395.463	0	26100	699.026	813.228	0.770281
26280	6379.23	102.034	329	0	138	124	0	102.034	65	-3.15444	0	9798.68	11042.9	0	1.1844e+06	205.829	370.387	0	26280	700.568	811.766	0.768896
26460	1.44491e+07	522.163	1544	0	138	124	0	522.163	65	66.387	0	9796	11051.8	0	1.2088e+06	232.967	379.367	0	26460	697.165	810.306	0.767513
26640	378678	479.392	191	85	138	124	0	479.392	65	11.2124	0	9919.51	10981.4	0	1.21259e+06	214.267	432.855	0	26640	699.454	808.848	0.766133
26820	0.980335	294.882	201	0	138	124	0	294.882	64.9999	0.0230024	0	9886.65	10980.6	0	675820	320.62	398.019	0	26820	685.691	807.394	0.764755
27000	5.27061e+06	129.03	345	0	138	124	0	129.03	64	80.9045	0	9954	11060	0	913448	389.394	339.847	0	27000	679.672	805.942	0.763379
27180	2.35302e+06	1014.08	609	5	138	124	0	1014.08	64	19.217	0	9828.27	11029.3	0	554976	278.629	302.837	0	27180	687.041	804.492	0.762007
27360	1.80507e+06	881.991	485	303	138	124	0	881.991	64	18.0478	0	9895.88	10974.6	0	317283	348.766	288.352	0	27360	667.572	803.046	0.760636
27540	4.20232e+07	923.373	4937	677	136	114	0	923.373	64.5824	85.5883	0	9118.33	10864.2	0	1.17898e+06	339.055	353.898	0	27540	673.009	801.601	0.759268
27720	3.78968e+07	515.628	2661	264	136	114	0	515.628	65	112	0	9006	10854.5	0	2.11111e+06	282.504	334.507	0	27720	678.232	800.16	0.757903
27900	1.95469e+07	265.957	1258	239	136	114	0	265.957	65	112	0	9164	10768.2	0	1.42857e+06	338.218	311.825	0	27900	652.886	798.721	0.75654
28080	3.38956e+07	1754.34	5302	1461	136	109	0	1754.34	65	55.4541	0	8671.35	10843.5	0	1.00639e+06	300.525	350.557	0	28080	659.471	797.284	0.755179
28260	1.63342e+07	222.246	839	0	136	109	0	222.246	65	112	0	8769	10902	0	993292	390.223	367.054	0	28260	641.628	795.851	0.753821
28440	3.34656e+07	540.58	2241	277	136	109	0	540.58	65	101.203	0	8769	10840.6	0	2.11924e+06	414.337	306.301	0	28440	659.636	794.419	0.752466
28620	5.81094e+07	883.888	6014	1026	133	113	0	883.888	65	104.773	0	9037.81	10599	0	1.68002e+06	331.597	344.346	0	28620	664.928	792.991	0.751112
28800	2.30438e+07	1152.09	3351	628	133	113	0	1152.09	65	56.4229	0	8984.99	10645.8	0	590555	325.809	352.9	0	28800	657.545	791.565	0.749762
