MS2-QUANT	v0j
Region DEFINITION, 05-Apr-2021
COMMENT	Outline definition performed in MS2-QUANT (Main program)
FILE	MAX_20201217_RI516_C12MS2128TkTat_001_visit_24.tif
PATH	/Volumes/EBL/20201217/
PARAMETERS
Pix-XY	Pix-Z	RI	Ex	Em	NA	dT	Type
79	600	1.458	488	521	1.4	180	widefield
ANALYSIS-SETTINGS	
IMAGING-BACKGROUND	150
LIMIT-FIT-SIGMA-XY-MIN	-35
LIMIT-FIT-SIGMA-XY-MAX	103
LIMIT-FIT-SIGMA-Z-MIN	0
LIMIT-FIT-SIGMA-Z-MAX	0
LIMIT-FIT-BGD-MIN	49
LIMIT-FIT-BGD-MAX	50
DETECTION-THRESHOLD	500
REGION	TxSite
X_POS	414	414	413	413	413	412	412	411	411	410	409	409	408	408	407	407	406	406	405	405	405	404	403	403	402	401	401	400	399	399	398	397	396	396	395	395	394	393	392	392	391	390	390	389	389	388	388	387	387	387	386	386	385	385	385	384	384	383	382	381	381	380	379	379	378	377	377	376	376	375	374	374	373	372	372	371	371	370	369	369	368	367	367	366	366	365	364	364	363	362	361	361	360	359	358	357	357	356	355	355	354	353	352	351	350	349	348	347	346	345	344	343	342	341	340	339	338	337	336	335	334	333	332	331	330	329	328	327	327	326	325	324	323	323	322	321	320	320	319	319	319	318	317	317	317	316	315	315	314	314	313	313	313	312	312	312	311	311	311	311	311	310	310	310	309	309	309	309	309	309	309	309	309	309	309	309	309	309	309	309	309	309	310	310	311	311	311	311	311	312	313	313	313	313	313	314	314	315	316	316	317	317	318	319	320	321	322	323	324	325	326	327	327	328	328	329	330	330	331	331	332	333	333	334	335	335	336	337	338	339	340	342	343	345	346	347	348	349	349	350	350	350	351	351	351	351	351	351	351	352	352	352	353	353	353	353	353	353	353	354	354	355	355	355	355	355	356	356	357	357	357	357	357	358	358	358	359	359	359	359	359	359	360	361	361	361	362	362	363	363	364	365	366	367	368	369	370	371	372	373	374	375	375	376	377	378	379	380	381	382	383	384	385	386	387	388	389	390	390	391	392	393	394	395	395	396	397	397	398	399	400	401	401	402	403	404	405	406	407	407	408	409	410	410	411	411	412	412	413	413	413	414	414	414	414	414	414	414	414	414	414	414	414	414	414	414	413	413	END
Y_POS	282	281	281	280	279	277	276	275	273	273	272	271	270	269	269	268	268	267	267	266	265	265	264	263	263	263	262	261	261	260	259	259	259	258	258	257	257	257	256	255	255	255	254	254	253	253	252	252	251	250	250	249	249	248	247	247	246	245	244	243	242	242	241	240	240	239	238	238	237	237	237	236	235	235	234	234	233	232	231	230	229	229	228	228	227	227	227	226	225	225	225	224	224	223	223	223	222	222	222	221	221	221	221	221	220	220	220	220	220	220	220	220	220	220	220	220	220	220	220	220	220	220	220	220	220	220	220	220	221	221	221	221	221	222	222	223	223	224	224	225	226	226	227	228	229	229	230	231	232	233	233	234	235	235	236	237	237	238	239	240	241	241	242	243	243	244	245	246	247	248	249	250	251	252	253	254	255	256	257	258	259	260	261	262	263	264	265	266	267	267	267	268	269	270	271	271	272	273	273	274	274	275	275	275	275	275	275	275	275	275	275	275	274	274	273	273	273	272	272	271	271	271	270	270	270	269	269	269	269	269	269	269	269	269	269	270	270	270	271	271	272	273	273	274	275	276	277	278	279	279	280	281	281	282	283	284	285	286	287	287	288	288	289	290	291	292	293	294	295	296	297	298	299	299	300	301	302	303	304	305	306	307	307	307	308	309	309	310	310	311	311	311	311	312	312	313	313	313	313	313	313	313	314	314	314	314	314	314	314	314	314	314	314	314	314	314	314	314	313	313	313	313	312	312	311	311	311	310	309	309	309	309	308	308	307	307	307	306	306	305	305	305	305	304	304	303	303	302	301	300	299	299	298	297	296	295	294	293	292	291	290	289	288	287	286	285	284	283	END
QUANTIFICATION
Time[s]	Q_Integrate	Q_AMP	Q_Sum_pix	Q_MIP_int	Pix_Y	Pix_X	Pix_Z	AMP	BGD	SigmaXY	SigmaZ	MuY	MuX	MuZ	RES	Cent_Y	Cent_X	Cent_Z	OPB_time	OPB_INT	OPB_FIT	OPB_FIT_norm
0	2.2703e+06	659.996	783	0	234	331	0	659.996	49.0013	23.3981	0	26150.3	18584	0	262654	252.014	266.372	0	0	416.996	554.23	1
180	1.27609e+06	321.225	286	0	234	331	0	321.225	49	25.1447	0	26302.6	18644	0	154723	379.798	298.434	0	180	423.103	553.234	0.998202
360	2.89472e+06	181.568	574	50	234	331	0	181.568	49	50.3726	0	26149	18530.8	0	143001	287.53	305.509	0	360	422.544	552.239	0.996406
540	1.81071e+06	152.209	670	0	234	331	0	152.209	49	43.5125	0	26287.6	18486	0	197986	307.802	346.774	0	540	410.22	551.245	0.994615
720	1.34618e+06	61.7925	47	0	234	331	0	61.7925	49	58.8868	0	26307	18486	0	271527	382.729	258.036	0	720	416.188	550.254	0.992826
900	649303	450.459	434	62	234	331	0	450.459	49	15.1463	0	26170.1	18569.7	0	150695	348.871	273.05	0	900	404.743	549.265	0.99104
1080	2.10551e-08	13.3851	315	0	234	331	0	13.3851	49	1.58226e-05	0	26152	18490	0	246507	286.002	292.076	0	1080	420.351	548.277	0.989258
1260	15.0057	67.2083	168	0	234	331	0	67.2083	49	0.188507	0	26149.1	18518.9	0	130912	240.407	257.047	0	1260	413.658	547.291	0.987479
1440	1.21233e+06	593.035	418	88	234	331	0	593.035	49	18.0377	0	26230.2	18509.9	0	222550	327.917	264.358	0	1440	407.565	546.307	0.985703
1620	3.23453e+06	423.619	623	162	234	331	0	423.619	50	34.8601	0	26307	18563.3	0	553381	377.527	229.247	0	1620	404.579	545.324	0.983931
1800	2.01283e+06	642	759	321	234	331	0	642	50	22.3381	0	26225.6	18580.1	0	279808	340.4	303.551	0	1800	405.256	544.343	0.982161
1980	1.52019e+06	678	649	133	234	331	0	678	50	18.8905	0	26307	18644	0	266113	311.391	333.92	0	1980	406.016	543.364	0.980395
2160	334254	295.961	109	0	234	331	0	295.961	49	13.407	0	26149	18643.9	0	108805	311.044	289.545	0	2160	406.292	542.387	0.978632
2340	6.58342e+06	946	1628	473	234	331	0	946	50	33.2805	0	26223.1	18526.3	0	346406	318.18	307.598	0	2340	410.14	541.412	0.976872
2520	5.46842e+07	856.626	4891	1041	234	331	0	856.626	50	103	0	26188.6	18551.8	0	1.33129e+06	292.664	314.03	0	2520	399.663	540.438	0.975115
2700	2.77324e+07	434.428	2746	475	234	331	0	434.428	50	103	0	26247.8	18552.1	0	938299	319.893	320.726	0	2700	397.153	539.466	0.973361
2880	1.60856e+06	846.681	541	153	234	331	0	846.681	50	17.3887	0	26257	18606.8	0	451017	357.966	305.028	0	2880	406.341	538.496	0.971611
3060	3.95907e+07	620.187	2614	259	234	331	0	620.187	50	103	0	26149	18533.6	0	2.25886e+06	225.646	286.05	0	3060	404.728	537.528	0.969863
3240	1.53149e+06	592	636	0	234	331	0	592	50	20.2911	0	26246.6	18486	0	390784	284.494	295.347	0	3240	401.189	536.561	0.968119
3420	1.50403e+06	514	657	50	234	331	0	514	49	21.5802	0	26153	18596	0	173681	252.045	256.045	0	3420	398.512	535.596	0.966378
3600	2.16987e+06	632	571	38	234	331	0	632	49	23.3759	0	26246.2	18488.1	0	155156	312.658	245.594	0	3600	397.748	534.633	0.96464
3780	558075	539.999	197	58	234	331	0	539.999	49	12.8251	0	26307	18644	0	176372	293.57	275.359	0	3780	393.398	533.671	0.962906
3960	796512	604.655	273	170	234	331	0	604.655	49	14.4795	0	26228	18548.1	0	205190	322.146	249.345	0	3960	398.297	532.712	0.961174
4140	1.19261e+06	893.835	445	0	234	331	0	893.835	50	14.5724	0	26204	18487.4	0	374101	330.73	279.761	0	4140	394.208	531.754	0.959445
4320	5.74045e+07	1002.04	5089	1317	226	335	0	1002.04	50	96.8852	0	26577.7	17900.7	0	1.30763e+06	323.3	296.427	0	4320	394.815	530.797	0.95772
4500	2.86951e+06	44.9508	735	0	226	335	0	44.9508	50	103	0	26543.6	18012	0	377437	311.026	324.282	0	4500	393.6	529.843	0.955997
4680	588313	547.468	325	48	226	335	0	547.468	49	13.0778	0	26581.2	17856.1	0	214830	352.95	323.271	0	4680	395.753	528.89	0.954278
4860	3.88542e+06	75.3958	394	0	226	335	0	75.3958	49	91.4366	0	26465	17854.8	0	269111	254.57	276.84	0	4860	396.245	527.939	0.952562
5040	2.04033e+06	161.029	544	0	226	335	0	161.029	49	44.9064	0	26571.2	18012	0	211723	328.686	330.172	0	5040	390.133	526.989	0.950849
5220	6.12961e+06	247.013	930	0	226	335	0	247.013	50	62.8546	0	26465	17983.7	0	544259	278.207	318.53	0	5220	406.223	526.042	0.949139
5400	3.10297e+06	152.941	745	94	226	335	0	152.941	49	56.8263	0	26623	17996.6	0	176888	288.96	305.456	0	5400	396.958	525.096	0.947432
5580	1.09273e+06	445.988	465	0	226	335	0	445.988	49	19.7471	0	26535.8	18012	0	146857	327.16	302.533	0	5580	399.676	524.151	0.945728
5760	5.6117e+06	93.6252	569	80	226	335	0	93.6252	49	99.3665	0	26465	17954.5	0	336329	258.816	298.035	0	5760	391.064	523.209	0.944027
5940	0.89578	27.8678	203	18	226	335	0	27.8678	49	0.0715253	0	26622.9	17857.1	0	217844	348.609	312.974	0	5940	402.957	522.268	0.94233
6120	0.0504019	91.8791	49	0	226	335	0	91.8791	49.9987	0.00934384	0	26470	17932.6	0	289265	253.87	312.272	0	6120	399.865	521.328	0.940635
6300	4.0185e+06	997.999	940	0	226	335	0	997.999	49.0006	25.3149	0	26465	17912.5	0	272984	281.939	346.193	0	6300	402.286	520.391	0.938943
6480	89203.5	215.093	147	0	226	335	0	215.093	50	8.12433	0	26471.7	17872.6	0	567353	258.338	303.406	0	6480	406.821	519.455	0.937255
6660	1.53079e+06	955.736	671	27	226	335	0	955.736	50	15.9661	0	26572.7	18007.8	0	479925	346.798	330.292	0	6660	408.545	518.521	0.935569
6840	1.0707	72.5062	300	7	226	335	0	72.5062	49.9995	0.0484793	0	26530.5	17948.6	0	266464	291.257	339.289	0	6840	412.762	517.588	0.933887
7020	1.27722e+06	811.809	272	0	226	335	0	811.809	50	15.824	0	26623	17933	0	478760	322.183	399.552	0	7020	412.963	516.658	0.932207
7200	1.31911e+06	1090.48	636	0	226	335	0	1090.48	50	13.8752	0	26543.9	18012	0	672972	303.294	385.742	0	7200	424.547	515.728	0.930531
7380	1.34748e+06	928.641	543	0	226	335	0	928.641	50	15.1967	0	26623	17933	0	568269	324.046	346.909	0	7380	412.434	514.801	0.928857
7560	388949	173.173	119	0	226	335	0	173.173	49	18.9067	0	26544	17856.2	0	131216	372.561	312.357	0	7560	412.784	513.875	0.927187
7740	2.18669e+06	34.2543	300	95	226	335	0	34.2543	50	103	0	26623	18012	0	282752	322.502	366.377	0	7740	413.999	512.951	0.92552
7920	3.95503e+06	211.681	769	0	226	335	0	211.681	49.4506	54.5319	0	26508	18012	0	425136	311.529	396.886	0	7920	418.768	512.028	0.923855
8100	18.1619	106.914	103	0	226	335	0	106.914	49.9993	0.164428	0	26548.9	17917.9	0	534136	327.231	304.633	0	8100	425.374	511.108	0.922194
8280	1.02902e+06	465.87	348	0	226	335	0	465.87	49	18.7494	0	26465	17931	0	219464	257.294	325.784	0	8280	423.186	510.188	0.920535
8460	1.43687e+06	545.999	348	0	226	335	0	545.999	49	20.4655	0	26467.5	18012	0	101046	248.505	342.333	0	8460	424.658	509.271	0.91888
8640	3.67004e+06	131.393	720	0	226	335	0	131.393	49	66.6998	0	26623	17951.5	0	221102	339.93	336.782	0	8640	432.967	508.355	0.917227
8820	419167	16.7048	195	37	226	335	0	16.7048	49	63.2063	0	26465	18012	0	120495	238.157	356.777	0	8820	429.261	507.441	0.915578
9000	2.59448e+06	566	607	283	226	335	0	566	49	27.0101	0	26510.4	17938.6	0	114674	234.421	311.573	0	9000	448.692	506.528	0.913931
9180	205682	328.577	131	0	226	335	0	328.577	49	-9.98135	0	26465	18002.6	0	158628	407.759	280.831	0	9180	433.555	505.617	0.912288
9360	1.64505e+06	540	428	0	226	335	0	540	49	22.0193	0	26465	17871.7	0	166044	337.356	322.744	0	9360	443.388	504.708	0.910647
9540	1.97995e+06	486	501	0	226	335	0	486	49	25.4636	0	26511.9	18012	0	192846	322.928	320.83	0	9540	439.428	503.8	0.909009
9720	2.14664e+06	33.736	273	0	226	335	0	33.736	49	102.808	0	26623	17854	0	198536	368.809	311.905	0	9720	459.931	502.894	0.907375
9900	560962	72.8815	135	0	226	335	0	72.8815	49	-35	0	26465	17854	0	312574	304.381	316.507	0	9900	460.625	501.99	0.905743
10080	791877	518	263	0	226	335	0	518	49	15.5982	0	26623	17944.3	0	247370	332.14	347.511	0	10080	452.417	501.087	0.904114
10260	2.01858e+06	644	500	101	226	335	0	644	49	22.3352	0	26480.1	17934.4	0	144153	331.025	281.46	0	10260	452.661	500.186	0.902488
10440	1.16629e+06	18.27	252	0	226	335	0	18.27	49	103	0	26623	18012	0	393608	373.172	354.084	0	10440	437.758	499.287	0.900865
10620	0.00112092	19.1998	307	9	226	335	0	19.1998	49	0.00304824	0	26511.3	17982.4	0	189141	330.651	337.928	0	10620	450.364	498.389	0.899245
10800	0.217126	120.547	20	0	226	335	0	120.547	49.9998	0.0169312	0	26600.7	17993.6	0	422664	340.198	351.269	0	10800	453.177	497.492	0.897628
10980	2.90494e+06	644	664	322	226	335	0	644	49	26.7939	0	26526.9	17954.5	0	150518	313.201	317.112	0	10980	448.427	496.598	0.896013
11160	421537	479.932	186	35	226	335	0	479.932	49	11.8233	0	26465	17854	0	198637	296.05	262.391	0	11160	458.484	495.705	0.894402
11340	744597	448.747	262	0	226	335	0	448.747	49	16.2506	0	26465	17932.9	0	213950	292.26	275.398	0	11340	458.11	494.813	0.892793
11520	1.71345e+06	671.974	639	129	226	335	0	671.974	50	20.1451	0	26595.5	18005.5	0	369971	319.607	298.075	0	11520	462.996	493.923	0.891188
11700	5.15214e+06	742	1174	163	226	335	0	742	50	33.2431	0	26508.6	17889.3	0	363153	292.279	339.674	0	11700	461.912	493.035	0.889585
11880	5.97529e+06	93.6027	1086	51	226	335	0	93.6027	50	103	0	26607.5	17950.6	0	419569	322.752	319.552	0	11880	476.12	492.148	0.887985
12060	1.84897e+06	428.576	473	0	226	335	0	428.576	49	26.2036	0	26622.6	18012	0	245762	335.146	366.157	0	12060	470.506	491.263	0.886388
12240	3.08454e+06	990	871	6	226	335	0	990	49	22.2683	0	26471.9	17854	0	245036	377.751	266.306	0	12240	482.563	490.38	0.884794
12420	2.00036e+06	728	665	0	226	335	0	728	50	20.9122	0	26623	18012	0	192508	311.461	294.229	0	12420	470.582	489.498	0.883203
12600	2.66609e+06	627.98	556	266	226	335	0	627.98	50	25.9941	0	26542.8	17893.8	0	423860	280.722	305.134	0	12600	497.151	488.618	0.881615
12780	2.96272e+06	765.998	796	85	226	335	0	765.998	50	24.8108	0	26485.6	17893.5	0	322761	261.447	322.575	0	12780	484.309	487.739	0.880029
12960	329229	12.969	200	0	226	335	0	12.969	49	63.5755	0	26465	17899.1	0	278330	266.117	242.246	0	12960	495.881	486.862	0.878447
13140	2.65697e+06	41.6214	535	0	226	335	0	41.6214	49	103	0	26563.5	17854	0	313980	334.588	291.066	0	13140	499.763	485.986	0.876867
13320	1.86497e+06	377.174	466	0	226	335	0	377.174	49	28.0528	0	26465	17905.4	0	313169	269.286	307.04	0	13320	494.843	485.112	0.87529
13500	6.24809e+07	978.76	5969	1247	259	320	0	978.76	50	103	0	25367.4	20511.7	0	1.71081e+06	331.929	293.311	0	13500	497.86	484.24	0.873716
13680	8.39461e+07	1315.01	7638	994	254	317	0	1315.01	50	103	0	25149.9	20168.1	0	2.67819e+06	342.564	341.329	0	13680	501.347	483.369	0.872145
13860	5.22329e+07	963.913	6190	854	253	319	0	963.913	50	93.963	0	25261.4	20059.1	0	1.66993e+06	309.231	313.142	0	13860	507.429	482.5	0.870576
14040	1.62567e+07	254.661	539	62	253	319	0	254.661	50	103	0	25359	19987	0	869724	421.642	248.233	0	14040	510.549	481.632	0.869011
14220	2.3217e+06	1503.29	498	200	253	319	0	1503.29	50	15.678	0	25280.4	20022.6	0	1.31096e+06	427.091	249.168	0	14220	510.716	480.766	0.867448
14400	7.77547e+06	140.14	614	265	253	319	0	140.14	49	95.1873	0	25359	20145	0	363162	340.778	403.184	0	14400	523.877	479.901	0.865888
14580	416978	495.354	160	0	253	319	0	495.354	49	11.5747	0	25358.3	20070.3	0	234542	344.276	305.985	0	14580	519.238	479.038	0.864331
14760	5.30131e+07	830.448	5700	420	255	325	0	830.448	50	103	0	25731.7	20221.3	0	1.45313e+06	312.647	314.871	0	14760	503.61	478.177	0.862776
14940	5.71544e+07	895.322	5411	910	258	329	0	895.322	50	103	0	26046.3	20449.9	0	2.40254e+06	274.756	343.667	0	14940	516.001	477.317	0.861225
15120	7.39741e+06	298.542	778	240	258	329	0	298.542	50	62.8083	0	26042.5	20540	0	1.04458e+06	327.704	386.536	0	15120	521.191	476.458	0.859676
15300	1.58113e+06	759.813	623	159	258	329	0	759.813	49	18.1987	0	26017.2	20535.8	0	277199	348.274	260.832	0	15300	517.027	475.601	0.85813
15480	8.33476e-06	29.9429	121	0	258	329	0	29.9429	50	0.000210479	0	25991	20447.9	0	327270	262.647	307.308	0	15480	521.141	474.746	0.856586
15660	632287	498.986	195	0	258	329	0	498.986	49	14.2011	0	25991.3	20460.7	0	185649	270.635	310.663	0	15660	526.205	473.892	0.855046
15840	112356	467.615	275	0	258	329	0	467.615	50	-6.18392	0	26072.6	20390.7	0	1.00615e+06	278.676	295.987	0	15840	529.35	473.04	0.853508
16020	4.89639e+06	236.372	937	0	258	329	0	236.372	49	57.4204	0	26084.3	20540	0	322756	307.468	343.81	0	16020	529.024	472.189	0.851973
16200	3.44701e+06	363.743	524	0	258	329	0	363.743	49	38.836	0	26088.4	20382	0	333791	303.819	250.855	0	16200	536.821	471.34	0.850441
16380	2.22225e+06	815.893	922	219	258	329	0	815.893	50	20.8204	0	26031.3	20441.2	0	612442	294.941	363.432	0	16380	545.993	470.493	0.848912
16560	2.4627e+06	610	673	79	258	329	0	610	50	25.3484	0	25991	20406.2	0	356359	331.608	293.591	0	16560	533.663	469.646	0.847385
16740	416883	491.719	228	0	258	329	0	491.719	50	11.6161	0	26069.3	20537.5	0	402564	291.162	402.417	0	16740	542.746	468.802	0.845861
16920	5.65068e+07	885.176	5061	676	259	353	0	885.176	50	103	0	27936.8	20513.1	0	1.60931e+06	288.378	276.045	0	16920	541.952	467.959	0.84434
17100	3.65594e+06	341.313	1035	123	259	353	0	341.313	50	41.2889	0	27887	20461	0	757664	289.217	280.294	0	17100	535.617	467.117	0.842822
17280	4.10677e+06	656	1007	328	259	353	0	656	50	31.5652	0	27932.9	20548.2	0	385168	293.229	317.224	0	17280	542.453	466.277	0.841306
17460	3.58186e+06	89.5395	435	100	259	353	0	89.5395	49	80.0369	0	27958.5	20619	0	292376	346.881	347.067	0	17460	536.241	465.439	0.839793
17640	1.45305e+06	870.285	359	90	259	353	0	870.285	50	16.3012	0	27964.5	20484.4	0	531185	304.765	358.672	0	17640	534.798	464.602	0.838283
17820	6.99282e+07	1402.4	7781	1144	250	365	0	1402.4	50	89.8328	0	28882.3	19829.2	0	874765	278.519	334.64	0	17820	552.707	463.766	0.836775
18000	9.90081e+07	1550.96	9299	1248	256	363	0	1550.96	50	103	0	28738.5	20274.5	0	2.46643e+06	295.529	299.979	0	18000	551.135	462.932	0.83527
18180	1.24486e+08	1950.07	11386	1271	257	372	0	1950.07	50	103	0	29494.9	20406.7	0	5.59425e+06	352.343	316.454	0	18180	555.271	462.099	0.833768
18360	1.55354e+08	2433.61	13356	2244	262	380	0	2433.61	50	103	0	30098.7	20777.4	0	5.65266e+06	314.888	311.83	0	18360	538.904	461.268	0.832269
18540	7.61904e+07	1193.52	6917	1844	277	396	0	1193.52	50	103	0	31353.2	21997.8	0	2.6559e+06	301.995	339.812	0	18540	533.122	460.439	0.830772
18720	8.34781e+07	1307.68	7917	1512	288	402	0	1307.68	50	103	0	31815.3	22861.1	0	3.9208e+06	276.7	357.655	0	18720	492.115	459.611	0.829278
18900	7.19063e+07	1126.41	6543	1626	297	398	0	1126.41	50	103	0	31501.3	23527.2	0	3.00811e+06	312.187	284.973	0	18900	503.03	458.784	0.827786
19080	5.16281e+07	823.882	4843	953	289	398	0	823.882	50	101.909	0	31481.6	22883.5	0	1.76902e+06	266.132	309.96	0	19080	514.024	457.959	0.826298
19260	4.02919e+07	631.171	3002	227	289	398	0	631.171	50	103	0	31442	22955.8	0	1.51486e+06	231.948	330.686	0	19260	498.623	457.136	0.824812
19440	1.3584e+07	212.792	734	146	289	398	0	212.792	50	103	0	31442	22989	0	1.27853e+06	259.104	387.681	0	19440	513.568	456.314	0.823328
19620	3.09511e+07	484.848	3027	389	289	398	0	484.848	50	103	0	31460.5	22907.2	0	2.2291e+06	277.087	316.296	0	19620	504.52	455.493	0.821848
19800	3.10483e+06	729.989	895	210	289	398	0	729.989	50	26.0178	0	31567.8	22877.1	0	461156	261.976	345.741	0	19800	531.176	454.674	0.82037
19980	2.36462e+06	758	901	14	289	398	0	758	50	22.2821	0	31442	22873.6	0	320939	314.371	318.74	0	19980	530.825	453.856	0.818895
20160	3.12424e+06	795.994	699	281	289	398	0	795.994	50	24.9935	0	31518.6	22951.4	0	355285	249.123	359.667	0	20160	547.637	453.04	0.817422
20340	513074	10.928	183	0	289	398	0	10.928	50	87.0043	0	31600	22989	0	398154	297.539	353.89	0	20340	534.308	452.225	0.815952
20520	4.21751e+06	66.0671	607	37	289	398	0	66.0671	50	103	0	31442	22831	0	381879	252.362	311.994	0	20520	540.108	451.412	0.814484
20700	656534	221.585	313	18	289	398	0	221.585	50	-21.7154	0	31442	22831	0	359749	324.605	284.483	0	20700	537.227	450.6	0.81302
20880	1.61182e+06	583.994	543	292	289	398	0	583.994	49	20.9587	0	31525.3	22912.3	0	166792	370.116	288.756	0	20880	554.217	449.79	0.811558
21060	2.23969e+06	395.279	485	0	289	398	0	395.279	49	30.0298	0	31600	22923.1	0	205077	293.51	346.063	0	21060	559.796	448.981	0.810098
21240	3.0092e+06	47.1391	142	0	289	398	0	47.1391	49	103	0	31600	22989	0	355098	351.792	375.873	0	21240	542.305	448.173	0.808641
21420	4.0012e+06	75.4803	579	237	289	398	0	75.4803	49	92.8446	0	31442	22888.4	0	421983	242.275	282.033	0	21420	549.772	447.367	0.807187
21600	3.37315e+06	772.251	897	0	289	398	0	772.251	50	26.3663	0	31600	22988.8	0	329479	308.899	336.363	0	21600	564.166	446.563	0.805735
21780	455091	432.204	234	123	289	398	0	432.204	49	12.9454	0	31520.6	22909.6	0	239026	327.31	317.802	0	21780	561.092	445.76	0.804286
21960	410071	432.592	286	78	289	398	0	432.592	49	12.2829	0	31562.4	22913	0	232072	302.591	296.123	0	21960	567.667	444.958	0.80284
22140	1.39457e+06	981.782	536	80	289	398	0	981.782	49	15.0356	0	31521.1	22966.2	0	410896	342.807	324.936	0	22140	562.825	444.158	0.801396
22320	508125	602.488	152	131	289	398	0	602.488	49.1302	11.5857	0	31521.5	22909.6	0	347454	337.103	296.616	0	22320	550.479	443.359	0.799955
22500	3.59576e+06	772	1140	90	289	398	0	772	49	27.2268	0	31585.1	22873.3	0	243281	289.745	335.743	0	22500	559.298	442.562	0.798516
22680	3.08785e+06	48.3711	621	0	289	398	0	48.3711	49	103	0	31600	22844	0	489136	380.348	306.136	0	22680	543.376	441.766	0.79708
22860	3.98406e+06	503.808	1013	204	289	398	0	503.808	50	35.4765	0	31600	22977	0	318011	334.474	299.884	0	22860	541.666	440.971	0.795647
23040	6.77018e+07	1072.69	6892	989	264	385	0	1072.69	50	102.327	0	30475	20952.8	0	1.17686e+06	291.482	340.607	0	23040	567.997	440.178	0.794216
23220	5.78609e+07	906.388	5115	1192	271	382	0	906.388	50	103	0	30289.1	21486.3	0	2.50655e+06	349.804	303.019	0	23220	542.381	439.387	0.792788
23400	7.11311e+06	141.481	545	0	271	382	0	141.481	50	90.2302	0	30336	21567	0	580063	336.516	369.631	0	23400	532.561	438.597	0.791362
23580	1.66619e+06	125.989	269	0	271	382	0	125.989	50	45.8781	0	30178	21555	0	329055	245.143	306.544	0	23580	525.702	437.808	0.789939
23760	6.06187e+06	779.997	1477	151	271	382	0	779.997	50	35.1696	0	30296.4	21439.3	0	380329	311.33	311.385	0	23760	532.052	437.021	0.788518
23940	5.11995e+07	802.038	4434	900	282	387	0	802.038	50	103	0	30648.3	22376.5	0	1.97599e+06	296.251	313.667	0	23940	546.919	436.235	0.7871
24120	2.01186e+07	315.158	1027	212	282	387	0	315.158	50	103	0	30573	22382.8	0	1.35772e+06	238.999	319.71	0	24120	544.672	435.45	0.785684
24300	4.68298e+06	783.984	834	24	282	387	0	783.984	50	30.8331	0	30649	22436	0	515638	325.418	422.723	0	24300	548.684	434.667	0.784272
24480	6.47577e+06	101.443	716	272	282	387	0	101.443	50	103	0	30573	22436	0	919416	267.647	349.478	0	24480	545.827	433.885	0.782861
24660	2.45395e+06	585.999	1020	123	282	387	0	585.999	49.5878	25.8163	0	30593.9	22339.1	0	276196	366.036	275.451	0	24660	557.343	433.105	0.781453
24840	3.09494e+06	301.428	821	52	282	387	0	301.428	50	40.4245	0	30608	22302.9	0	365956	358.903	291.594	0	24840	556.136	432.326	0.780048
25020	0.0477549	130.141	202	0	282	387	0	130.141	49.9995	0.0076421	0	30663.3	22374.9	0	384191	340.815	321.712	0	25020	554.478	431.549	0.778645
25200	2.28072e+06	723.912	708	2	282	387	0	723.912	49	22.3925	0	30650.2	22278	0	229066	272.335	296.215	0	25200	565.856	430.773	0.777245
25380	3.85542e+06	60.3951	692	0	282	387	0	60.3951	49	103	0	30731	22278	0	314445	349.062	261.129	0	25380	566.132	429.998	0.775847
25560	5.95096e+06	93.2218	338	163	282	387	0	93.2218	49	103	0	30731	22436	0	625737	363.231	375.16	0	25560	575.696	429.225	0.774452
25740	2.03847e+06	421.471	620	64	282	387	0	421.471	50	27.7446	0	30606.6	22436	0	439029	275.7	312.969	0	25740	574.163	428.453	0.773059
25920	3.89901e+06	699.901	760	118	282	387	0	699.901	50	29.7762	0	30731	22436	0	876844	322.984	297.35	0	25920	576.123	427.682	0.771669
26100	8.98653e+06	140.774	931	49	282	387	0	140.774	50	103	0	30622.6	22436	0	648014	331.585	332.067	0	26100	576.205	426.913	0.770281
26280	8.08269e+07	1266.15	7068	1449	288	374	0	1266.15	50	103	0	29590.1	22861	0	2.18553e+06	286.837	343.343	0	26280	577.202	426.145	0.768896
26460	1.51311e+08	2370.28	12778	2812	297	375	0	2370.28	50	103	0	29733.4	23527.7	0	6.60818e+06	339.409	299.729	0	26460	578.566	425.379	0.767513
26640	9.47164e+07	1483.73	8903	773	292	383	0	1483.73	50	103	0	30323.6	23131.5	0	4.45187e+06	304.129	311.976	0	26640	561.919	424.614	0.766133
26820	1.52815e+08	2393.84	13654	1454	296	380	0	2393.84	50	103	0	30071.3	23491.3	0	5.02514e+06	312.246	322.036	0	26820	575.567	423.85	0.764755
27000	1.41509e+08	2216.74	13116	2090	292	380	0	2216.74	50	103	0	30076.6	23138.8	0	3.57539e+06	294.397	295.816	0	27000	569.942	423.088	0.763379
27180	1.45371e+08	2277.23	11158	1317	288	378	0	2277.23	50	103	0	29952.3	22866.5	0	1.87879e+07	330.856	356.104	0	27180	581.153	422.327	0.762007
27360	5.64211e+07	883.834	4863	1008	289	381	0	883.834	50	103	0	30168.8	22872.4	0	3.02917e+06	316.798	287.389	0	27360	580.01	421.568	0.760636
27540	7.82462e+07	1225.72	7005	1151	287	380	0	1225.72	50	103	0	30127.8	22750.8	0	2.73954e+06	329.442	326.062	0	27540	589.639	420.809	0.759268
27720	5.99501e+07	939.116	5864	885	285	382	0	939.116	50	103	0	30249.5	22581.3	0	1.54058e+06	313.206	308.141	0	27720	598.076	420.053	0.757903
27900	1.01353e+08	1587.69	9166	1336	284	381	0	1587.69	50	103	0	30199.2	22496.3	0	3.76904e+06	352.424	290.596	0	27900	584.111	419.297	0.75654
28080	5.70343e+07	1017.44	5875	1224	283	386	0	1017.44	50	95.7272	0	30597.7	22423.5	0	1.60171e+06	339.197	303.988	0	28080	577.851	418.543	0.755179
28260	2.6202e+07	410.454	2024	70	283	386	0	410.454	50	103	0	30652	22515	0	2.28313e+06	331.302	405.301	0	28260	581.944	417.791	0.753821
28440	4.87179e+06	228.376	670	0	283	386	0	228.376	50	58.2706	0	30652	22357	0	660580	283.109	317.994	0	28440	583.372	417.039	0.752466
28620	4.29907e+06	139.383	428	0	283	386	0	139.383	49	70.1144	0	30646.7	22357	0	467212	292.012	306.741	0	28620	604.954	416.289	0.751112
28800	6.50959e+07	1019.72	5942	1102	279	387	0	1019.72	50	103	0	30672.8	22155.5	0	1.48079e+06	336.155	366.816	0	28800	588.938	415.541	0.749762
