MS2-QUANT	v0j
Region DEFINITION, 05-Apr-2021
COMMENT	Outline definition performed in MS2-QUANT (Main program)
FILE	MAX_20201217_RI516_C12MS2128TkTat_001_visit_4.tif
PATH	/Volumes/EBL/20201217/
PARAMETERS
Pix-XY	Pix-Z	RI	Ex	Em	NA	dT	Type
79	600	1.458	488	521	1.4	180	widefield
ANALYSIS-SETTINGS	
IMAGING-BACKGROUND	150
LIMIT-FIT-SIGMA-XY-MIN	11
LIMIT-FIT-SIGMA-XY-MAX	157
LIMIT-FIT-SIGMA-Z-MIN	0
LIMIT-FIT-SIGMA-Z-MAX	0
LIMIT-FIT-BGD-MIN	46
LIMIT-FIT-BGD-MAX	47
DETECTION-THRESHOLD	500
REGION	TxSite
X_POS	138	137	137	136	135	134	133	132	131	130	129	128	128	127	127	127	126	126	126	125	125	124	123	123	122	121	120	120	119	118	117	117	116	116	116	115	115	115	114	114	113	113	112	112	112	111	111	110	110	109	109	108	108	107	107	107	106	106	105	105	105	105	104	104	104	104	103	103	103	103	102	102	102	101	101	101	101	101	100	100	100	99	99	99	99	98	98	98	97	97	97	97	97	97	97	96	96	96	96	96	96	96	96	96	96	96	96	96	96	96	96	96	96	96	96	96	96	96	96	96	96	97	97	97	97	97	97	98	98	98	99	99	99	99	99	99	99	100	100	100	100	101	101	101	101	101	102	102	102	103	103	103	103	103	103	104	104	104	104	105	105	105	105	105	106	106	107	107	108	108	108	109	109	110	110	110	111	111	112	112	113	113	114	114	115	115	116	116	117	117	118	118	119	119	120	120	121	122	123	124	124	125	125	126	126	127	128	129	130	131	131	132	132	133	133	133	134	134	134	135	135	136	136	136	137	137	137	138	138	139	140	141	141	141	142	142	142	143	143	143	144	144	144	145	145	145	146	146	147	147	147	148	148	148	149	149	149	149	150	150	151	151	151	152	152	152	153	153	154	154	154	154	155	155	155	155	156	156	157	157	158	158	158	159	159	160	160	161	161	162	162	163	163	163	164	164	164	165	165	165	166	166	167	167	168	168	168	169	169	170	171	171	172	172	173	173	173	174	174	175	175	175	175	175	176	176	176	177	177	177	177	178	178	178	178	179	179	179	179	179	180	180	180	180	180	180	180	180	180	180	180	180	180	180	180	181	181	181	181	181	181	181	181	181	181	180	180	180	180	180	180	179	179	179	178	178	178	178	178	177	177	177	176	176	175	174	174	173	173	172	172	171	171	170	170	169	169	168	168	168	167	167	166	166	166	165	165	164	163	163	162	161	160	159	159	158	157	157	156	155	155	154	154	153	152	152	151	150	150	149	149	149	148	148	147	147	147	146	146	145	145	144	144	144	143	143	142	142	141	141	140	139	138	138	137	137	END
Y_POS	159	159	159	159	159	159	159	160	160	160	160	160	160	160	161	161	161	161	161	161	161	162	162	162	162	162	162	162	163	163	163	164	164	164	164	164	164	165	165	165	165	165	166	166	166	167	167	167	168	168	169	169	169	169	170	170	170	171	171	171	171	172	172	172	172	173	173	173	173	174	174	174	175	175	175	176	176	177	177	177	177	178	178	178	179	179	179	180	180	181	181	181	182	182	183	183	184	184	185	185	186	186	187	188	188	189	189	190	190	191	192	192	193	193	194	194	195	195	196	196	197	197	198	198	199	199	199	200	200	201	201	201	202	202	202	203	203	203	204	204	205	205	205	206	206	207	207	208	208	208	209	209	209	210	210	210	211	211	211	211	212	212	212	213	213	213	214	214	214	214	215	215	215	215	215	215	215	215	215	215	215	215	215	215	215	215	215	215	215	215	215	215	215	215	215	215	215	215	215	215	215	215	215	215	215	214	214	214	213	213	213	213	212	212	212	212	212	211	211	211	211	211	210	210	210	210	209	209	209	209	209	209	208	208	208	208	208	208	207	207	207	207	206	206	206	205	205	205	205	204	204	203	203	203	203	202	202	202	201	201	201	200	200	200	200	199	199	199	198	198	198	197	197	197	197	196	196	196	195	195	195	195	195	195	194	194	194	194	194	193	193	193	193	192	192	192	192	192	192	191	191	191	191	190	190	190	190	190	190	189	189	189	188	188	188	188	188	187	187	187	187	186	186	186	186	186	185	185	185	184	184	184	183	183	183	183	182	182	182	181	181	180	180	179	179	178	178	177	177	176	176	175	175	174	174	174	173	173	172	172	171	171	170	170	169	169	168	168	167	167	166	166	165	164	164	163	163	162	162	162	161	161	160	160	160	159	159	159	159	159	158	158	158	158	158	158	158	158	157	157	157	157	157	157	157	157	157	157	157	157	157	157	157	157	157	156	156	156	156	156	156	156	156	156	156	156	157	157	157	157	157	157	157	157	158	158	158	158	158	158	159	159	159	159	159	159	159	159	159	159	159	159	159	159	159	159	END
QUANTIFICATION
Time[s]	Q_Integrate	Q_AMP	Q_Sum_pix	Q_MIP_int	Pix_Y	Pix_X	Pix_Z	AMP	BGD	SigmaXY	SigmaZ	MuY	MuX	MuZ	RES	Cent_Y	Cent_X	Cent_Z	OPB_time	OPB_INT	OPB_FIT	OPB_FIT_norm
0	6.99079e+07	711.502	4984	730	177	168	0	711.502	47	136.196	0	13380.3	14091.2	0	1.36729e+06	314.705	332.499	0	0	634.607	852.43	1
180	2.45077e+07	209.624	1545	353	177	168	0	209.624	47	157	0	13272	14136.3	0	522532	261.544	351.22	0	180	640.987	850.897	0.998202
360	3.47292e+07	315.273	1825	186	177	168	0	315.273	46.0001	149.096	0	13272	14141	0	942939	246.162	358.272	0	360	636.422	849.367	0.996406
540	2.12102e+07	181.419	794	165	177	168	0	181.419	47	157	0	13430	13983	0	667485	352.57	210.405	0	540	631.532	847.839	0.994615
720	2.52493e+06	219.98	586	53	177	168	0	219.98	47	42.7409	0	13292.2	13983	0	345075	305.372	259.979	0	720	617.115	846.314	0.992826
900	3.30766e+06	1034	850	388	177	168	0	1034	47	22.5637	0	13373.8	14041.6	0	495875	361.223	341.925	0	900	626.318	844.792	0.99104
1080	4.16097e+06	815.864	861	0	177	168	0	815.864	47	28.4904	0	13384.6	14141	0	1.30211e+06	411.735	401.521	0	1080	609.743	843.273	0.989258
1260	1.99691e+07	170.804	742	6	177	168	0	170.804	47	157	0	13430	14065.5	0	930125	396.299	326.055	0	1260	613.83	841.757	0.987479
1440	1.07599e+08	984.163	7726	899	176	175	0	984.163	46	148.163	0	13881.3	13949.4	0	1.62423e+06	299.349	285.688	0	1440	605.368	840.243	0.985703
1620	1.31993e+08	1128.99	7581	972	171	170	0	1128.99	47	157	0	13458.6	13574.6	0	2.77752e+06	289.559	308.586	0	1620	602.118	838.732	0.98393
1800	1.18446e+08	1013.12	6591	695	168	172	0	1013.12	47	157	0	13719.4	13314.8	0	2.84899e+06	349.524	296.913	0	1800	600.707	837.223	0.982161
1980	5.72443e+07	489.633	3482	567	168	172	0	489.633	47	157	0	13588	13321	0	874077	265.633	300.758	0	1980	589.482	835.718	0.980395
2160	5.91812e+06	50.62	640	0	168	172	0	50.62	47	157	0	13606.3	13272	0	557687	318.357	267.247	0	2160	589.097	834.215	0.978632
2340	148278	193.242	78	70	168	172	0	193.242	46	11.0509	0	13666.3	13351.6	0	219191	311.817	337.44	0	2340	598.823	832.715	0.976872
2520	1.29435e-05	1.70133e-08	104	30	168	172	0	1.70133e-08	46	11.0038	0	13746	13430	0	162331	268.837	236.112	0	2520	574.608	831.217	0.975115
2700	2.44757	0.00321796	59	38	168	172	0	0.00321796	46	11.0024	0	13670.3	13347.7	0	89370	347.567	357.649	0	2700	593.355	829.722	0.973361
2880	2.27924e+06	632	572	119	168	172	0	632	46	23.9578	0	13661.1	13292.3	0	126344	288.648	282.533	0	2880	606.742	828.23	0.971611
3060	487017	332.417	125	0	168	172	0	332.417	46	15.27	0	13666.7	13272.5	0	178495	307.256	449.043	0	3060	593.466	826.741	0.969863
3240	1.11155e+06	407.997	428	150	168	172	0	407.997	46	20.8231	0	13701.2	13356.8	0	140650	352.974	332.517	0	3240	595.588	825.254	0.968119
3420	22.9744	0.030156	91	0	168	172	0	0.030156	46	11.0115	0	13687.9	13272.1	0	157219	272.905	294.063	0	3420	599.845	823.77	0.966378
3600	1.20959e+06	503.52	365	155	168	172	0	503.52	46	19.5533	0	13667	13388.4	0	148248	322.773	313.871	0	3600	605.304	822.288	0.96464
3780	1.66052e+06	591.936	616	49	168	172	0	591.936	46	21.1298	0	13665.7	13424.4	0	186408	326.508	331.465	0	3780	604.161	820.809	0.962905
3960	356020	184.745	227	0	168	172	0	184.745	46	17.513	0	13588.8	13353.3	0	102677	317.393	322.037	0	3960	609.734	819.333	0.961174
4140	1.44085e+06	202.304	594	0	168	172	0	202.304	46	33.6679	0	13746	13430	0	228413	279.066	322.286	0	4140	607.414	817.86	0.959445
4320	211419	278.064	451	13	168	172	0	278.064	46	11.0004	0	13746	13430	0	126477	318.065	354.364	0	4320	609.924	816.389	0.95772
4500	459251	504.432	170	121	168	172	0	504.432	47	12.0374	0	13667.5	13352.1	0	311231	330.382	342.559	0	4500	610.212	814.921	0.955997
4680	0.0867955	4.63637e-05	117	0	168	172	0	4.63637e-05	46.6734	17.2612	0	13745.9	13341.1	0	300641	345.431	289.022	0	4680	609.666	813.455	0.954278
4860	3.52653e+06	1072	812	0	168	172	0	1072	47	22.8816	0	13588	13272	0	251084	301.817	306.196	0	4860	614.649	811.992	0.952562
5040	903335	559.488	245	9	168	172	0	559.488	46	16.0302	0	13745.9	13350.9	0	213960	322.45	235.851	0	5040	616.213	810.532	0.950849
5220	758000	312.098	334	88	168	172	0	312.098	46	19.6607	0	13667.2	13272	0	159987	300.453	365.697	0	5220	607.034	809.074	0.949139
5400	641849	388.559	241	0	168	172	0	388.559	46	16.2143	0	13746	13351.2	0	138305	383.088	287.445	0	5400	615.28	807.619	0.947432
5580	1.20748e+06	350	331	38	168	172	0	350	46	23.4324	0	13588.9	13307.1	0	79943.8	289.957	321.577	0	5580	608.94	806.167	0.945728
5760	4.58614e+06	188.172	661	293	168	172	0	188.172	47	62.29	0	13719	13272	0	281922	329.863	321.478	0	5760	610.608	804.717	0.944027
5940	747518	51.7125	189	6	168	172	0	51.7125	46	47.9649	0	13588	13272	0	201017	260.042	272.292	0	5940	611.074	803.27	0.94233
6120	6.79254e+06	68.1591	570	148	168	172	0	68.1591	46	137.66	0	13588	13313.1	0	296342	238.446	300.022	0	6120	617.391	801.825	0.940635
6300	63338.3	69.1451	473	11	168	172	0	69.1451	47	12.0743	0	13596.4	13349.9	0	251049	254.345	294.742	0	6300	621.843	800.383	0.938943
6480	2.35451e+06	805.984	479	0	168	172	0	805.984	46	21.5624	0	13588	13272.2	0	185672	260.059	327.037	0	6480	620.696	798.944	0.937255
6660	748646	11.7566	360	36	168	172	0	11.7566	46	102.853	0	13588	13430	0	151036	247.236	340.621	0	6660	624.25	797.507	0.935569
6840	6.71472e+07	652.14	5202	420	175	131	0	652.14	46	141.166	0	10381.5	13877.4	0	1.20177e+06	284.718	300.24	0	6840	633.113	796.073	0.933887
7020	2.69346e+07	317.974	1748	214	175	131	0	317.974	46	122.649	0	10507	13944.4	0	481681	405.658	327.566	0	7020	632.305	794.641	0.932207
7200	8.26262e+06	70.6735	865	80	175	131	0	70.6735	46	157	0	10507	13885.9	0	315215	332.065	301.216	0	7200	639.784	793.212	0.930531
7380	9.03773e+06	82.1315	867	201	175	131	0	82.1315	46	148.965	0	10507	13825	0	512013	333.894	244.955	0	7380	641.048	791.786	0.928857
7560	7.3408e+07	639.325	5209	878	171	141	0	639.325	47	154.501	0	11229.1	13607.2	0	2.28505e+06	308.193	320.727	0	7560	643.047	790.362	0.927187
7740	1.16528e+08	996.714	7134	1018	172	146	0	996.714	47	157	0	11587.9	13655.9	0	2.56084e+06	301.524	306.665	0	7740	654.495	788.941	0.92552
7920	1.17283e+08	1003.16	7098	776	169	149	0	1003.16	47	157	0	11828.6	13461.3	0	3.08773e+06	294.561	340.85	0	7920	657.27	787.522	0.923855
8100	1.12373e+08	961.171	7503	850	169	146	0	961.171	47	157	0	11602.7	13442.4	0	1.91958e+06	300.516	324.091	0	8100	659.052	786.105	0.922194
8280	7.13926e+07	685.057	5706	693	171	139	0	685.057	47	142.513	0	11015.3	13539.3	0	1.52602e+06	280.679	282.791	0	8280	656.28	784.692	0.920535
8460	3.87938e+07	331.818	1968	238	171	139	0	331.818	47	157	0	10981	13509	0	1.57556e+06	253.974	307.544	0	8460	672.988	783.281	0.91888
8640	3.36254e+07	479.385	2369	240	171	139	0	479.385	47	108.868	0	11008.2	13667	0	1.26158e+06	289.064	332.921	0	8640	672.901	781.872	0.917227
8820	708088	721.915	212	161	171	139	0	721.915	47	12.4943	0	11060.4	13587.6	0	537039	296.662	232.99	0	8820	681.997	780.466	0.915578
9000	7.80459e+07	667.558	5560	592	166	141	0	667.558	47	157	0	11222.1	13172.7	0	1.48654e+06	326.623	308.365	0	9000	692.667	779.062	0.913931
9180	7.47159e+07	916.184	6255	657	166	137	0	916.184	46	119.614	0	10880.1	13198.9	0	1.36983e+06	299.78	320.084	0	9180	686.033	777.661	0.912288
9360	1.38464e+07	118.434	818	0	166	137	0	118.434	46	157	0	10981	13272	0	528533	348.343	409.508	0	9360	692.611	776.263	0.910647
9540	5.322e+07	660.905	3869	938	166	137	0	660.905	47	118.635	0	10921.5	13272	0	1.21824e+06	316.446	402.591	0	9540	685.559	774.867	0.909009
9720	2.39582e+08	2069.24	15559	2364	170	139	0	2069.24	46.0018	155.643	0	11102.6	13499.1	0	5.31459e+06	347.443	306.593	0	9720	716.168	773.473	0.907374
9900	1.73667e+08	1485.44	10968	1525	172	140	0	1485.44	47	157	0	11072.5	13669.6	0	2.89609e+06	262.785	315.72	0	9900	711.018	772.082	0.905743
10080	8.60399e+07	735.934	5700	927	175	138	0	735.934	46	157	0	10902	13896	0	1.90688e+06	259.359	306.467	0	10080	703.228	770.694	0.904114
10260	9.73122e+07	1822.58	9632	1634	182	133	0	1822.58	47	93.2082	0	10546.1	14480	0	1.77301e+06	276.824	336.66	0	10260	725.3	769.308	0.902488
10440	1.49597e+08	1296.58	9637	1340	178	133	0	1296.58	46	155.162	0	10582.5	14183.1	0	2.44281e+06	312.012	350.377	0	10440	716.184	767.924	0.900865
10620	1.62742e+08	1392	11229	1128	180	134	0	1392	47	157	0	10672.4	14297.6	0	2.19581e+06	319.744	314.805	0	10620	735.625	766.543	0.899245
10800	5.19487e+06	602.351	833	127	180	134	0	602.351	47	37.0487	0	10744	14308.8	0	502698	397.318	368.51	0	10800	736.991	765.165	0.897628
10980	1.81454e+06	608	548	0	180	134	0	608	46	21.7942	0	10744	14377.8	0	208319	354.409	345.274	0	10980	747.178	763.788	0.896013
11160	1.18616e+08	1014.57	7652	1114	178	148	0	1014.57	47	157	0	11755	14095.4	0	2.87812e+06	304.183	279.618	0	11160	748.063	762.415	0.894402
11340	6.59234e+07	563.869	4650	1088	180	146	0	563.869	47	157	0	11590.6	14286.2	0	2.35896e+06	294.665	303.966	0	11340	747.657	761.044	0.892793
11520	3.70518e+07	554.669	3011	629	180	146	0	554.669	47	105.756	0	11564.8	14378	0	832372	300.09	370.559	0	11520	759.126	759.675	0.891188
11700	3.93698e+07	417.798	2449	0	180	146	0	417.798	46	132.07	0	11534	14378	0	1.27936e+06	281.316	409.809	0	11700	758.714	758.309	0.889585
11880	1.71803e+06	617.983	784	0	180	146	0	617.983	47	21.0348	0	11591.9	14377.6	0	395123	262.598	375.412	0	11880	757.629	756.945	0.887985
12060	1.28511e+06	920	394	0	180	146	0	920	47	14.9103	0	11579.9	14220	0	559202	279.503	299.961	0	12060	743.801	755.584	0.886388
12240	770908	592.459	293	52	180	146	0	592.459	46	14.3907	0	11613.2	14363.1	0	259012	302.449	387.45	0	12240	775.399	754.225	0.884794
12420	677.315	0.834937	169	11	180	146	0	0.834937	46	11.3626	0	11639.9	14338	0	167403	271.007	427.22	0	12420	751.742	752.869	0.883203
12600	2.83628e+06	351.004	473	73	180	146	0	351.004	46	35.8615	0	11534	14309	0	362520	274.328	371.155	0	12600	763.866	751.515	0.881615
12780	210745	277.155	195	0	180	146	0	277.155	46	11.0009	0	11613.8	14375.3	0	105192	368.605	316.465	0	12780	775.765	750.163	0.880029
12960	0.0034609	4.547e-06	98	0	180	146	0	4.547e-06	46	11.0063	0	11534	14220	0	306847	285.728	285.692	0	12960	776.234	748.814	0.878447
13140	765722	333.999	243	0	180	146	0	333.999	46	19.1018	0	11618.7	14378	0	90944.2	365.452	281.056	0	13140	774.881	747.468	0.876867
13320	5.84221e+07	1064.63	5665	1239	193	139	0	1064.63	47	94.6132	0	11015.4	15301.9	0	1.12299e+06	283.697	285.704	0	13320	781.716	746.123	0.87529
13500	2.56236e+07	219.169	1011	0	193	139	0	219.169	47	157	0	11122.1	15247	0	1.13571e+06	313.844	243.683	0	13500	783.154	744.782	0.873716
13680	4.29682e+07	367.524	941	0	193	139	0	367.524	47	157	0	11039.3	15247	0	3.5092e+06	312.624	185.163	0	13680	787.879	743.442	0.872145
13860	1.72797e+07	165.305	1067	163	193	139	0	165.305	47	142.858	0	11022.7	15247	0	648781	309.251	282.03	0	13860	784.704	742.105	0.870576
14040	6.8378e+06	79.4204	696	0	193	139	0	79.4204	46.9665	123.998	0	10981	15247	0	312194	287.021	294.772	0	14040	787.943	740.771	0.869011
14220	1.1896e+06	1004	493	0	193	139	0	1004	47	13.7323	0	11104.5	15405	0	589227	336.017	328.329	0	14220	806.199	739.438	0.867448
14400	1.9194e+07	269.21	385	199	193	139	0	269.21	47	109.945	0	11139	15405	0	1.00959e+06	390.769	370.9	0	14400	791.692	738.109	0.865888
14580	1.33645e+07	114.312	644	97	193	139	0	114.312	47	157	0	10981	15251.9	0	1.28106e+06	297.446	312.223	0	14580	830.012	736.781	0.864331
14760	1.17319e+07	100.347	632	121	193	139	0	100.347	47	157	0	11139	15405	0	733886	328.162	313.475	0	14760	804.15	735.456	0.862776
14940	4.1517e+06	1202	1076	336	193	139	0	1202	47	23.4461	0	11096.1	15343.4	0	655566	285.52	345.089	0	14940	812.645	734.134	0.861225
15120	6.17534e+07	1501.21	6620	2075	198	139	0	1501.21	47	81.1985	0	11043.7	15697.4	0	2.05246e+06	287.352	294.117	0	15120	788.432	732.813	0.859676
15300	9.95167e+07	1122.48	8238	850	198	143	0	1122.48	46.0001	126.504	0	11375.6	15723.6	0	1.6402e+06	321.059	318.068	0	15300	801.091	731.495	0.85813
15480	1.38339e+06	815.881	689	259	198	143	0	815.881	47	16.4274	0	11387.3	15720.4	0	375856	311.033	360.398	0	15480	805.602	730.18	0.856586
15660	3.35695e+07	287.133	1156	80	198	143	0	287.133	47	157	0	11455	15642	0	1.69229e+06	398.965	269.708	0	15660	815.255	728.867	0.855046
15840	792653	640.11	211	0	198	143	0	640.11	46	14.0386	0	11297	15798.6	0	305988	339.626	350.512	0	15840	807.602	727.556	0.853508
16020	1.95823e+06	660	888	0	198	143	0	660	46	21.7305	0	11446.5	15642	0	244238	420.316	278.041	0	16020	801.571	726.248	0.851973
16200	229437	301.561	83	0	198	143	0	301.561	46	11.0041	0	11297.2	15722.5	0	159253	235.501	397.548	0	16200	835.003	724.941	0.850441
16380	2.24443e+06	147.048	323	58	198	143	0	147.048	46	49.2872	0	11372.6	15800	0	334868	383.318	334.207	0	16380	815.176	723.638	0.848912
16560	0.000987398	1.29875e-06	43	0	198	143	0	1.29875e-06	46	11	0	11297	15800	0	135918	243.049	301.966	0	16560	834.033	722.336	0.847385
16740	3.54506e+06	541.981	938	244	198	143	0	541.981	46	32.2649	0	11423.4	15702.5	0	190533	382.072	279.807	0	16740	816.804	721.037	0.845861
16920	3.03832e+06	943.993	743	0	198	143	0	943.993	46	22.633	0	11455	15721	0	318648	336.803	279.638	0	16920	831.579	719.741	0.84434
17100	987559	245.122	258	0	198	143	0	245.122	46	25.3221	0	11297	15800	0	184464	258.449	309.757	0	17100	827.786	718.446	0.842822
17280	1.80294e+06	827.726	592	0	198	143	0	827.726	47	18.6191	0	11455	15799.1	0	323903	336.022	332.927	0	17280	815.589	717.154	0.841306
17460	1.29704e+06	607.871	603	142	198	143	0	607.871	46	18.4281	0	11416.5	15727.4	0	248498	366.863	317.745	0	17460	832.18	715.864	0.839793
17640	8.12831e+07	1375.05	8631	1320	203	131	0	1375.05	47	98.5953	0	10429.9	16122.2	0	2.44405e+06	325.284	308.313	0	17640	826.145	714.577	0.838283
17820	1.86402e+08	2179.63	15541	2338	199	128	0	2179.63	47	123.438	0	10155	15782.6	0	3.80797e+06	284.307	299.414	0	17820	818.483	713.292	0.836775
18000	1.70653e+08	1661.78	11691	2156	199	126	0	1661.78	47	140.875	0	10004.1	15816.8	0	4.75559e+06	302.049	325.642	0	18000	846.238	712.009	0.83527
18180	2.92111e+08	3178.52	22582	3774	195	122	0	3178.52	47	129.724	0	9706.84	15511.1	0	6.84084e+06	303.31	328.658	0	18180	852.372	710.729	0.833768
18360	2.24925e+08	2815.35	17869	2331	194	120	0	2815.35	46.9998	118.032	0	9526.76	15437.2	0	2.95068e+06	295.858	339.959	0	18360	839.849	709.451	0.832269
18540	2.25593e+08	2582.82	18074	2352	192	119	0	2582.82	47	125.215	0	9496.49	15260.6	0	4.61871e+06	323.882	318.132	0	18540	833.185	708.175	0.830772
18720	2.68911e+08	2300.11	16603	2737	186	117	0	2300.11	47	157	0	9366.18	14836.3	0	8.04992e+06	343.509	358.337	0	18720	832.987	706.901	0.829278
18900	2.32435e+08	1988.1	14790	2611	192	118	0	1988.1	47	157	0	9380.19	15227.2	0	1.29683e+07	307.944	317.699	0	18900	837.298	705.63	0.827786
19080	1.83632e+08	1570.67	11701	1324	191	115	0	1570.67	47	157	0	9165.21	15181.3	0	8.32597e+06	314.002	331.45	0	19080	834.035	704.361	0.826298
19260	1.0433e+08	1141.36	8852	835	192	113	0	1141.36	46.002	129.231	0	8990.12	15272.2	0	2.1201e+06	303.793	336.252	0	19260	829.135	703.094	0.824812
19440	8.16148e+07	917.829	6455	1142	190	106	0	917.829	47	126.764	0	8437.37	15078.8	0	2.24345e+06	304.904	285.926	0	19440	831.386	701.83	0.823328
19620	4.2114e+07	360.217	1228	113	190	106	0	360.217	47	157	0	8532	15168	0	2.43987e+06	431.037	374.045	0	19620	807.843	700.568	0.821848
19800	5.68247e+07	700.687	4490	1430	194	107	0	700.687	46	119.182	0	8579.25	15429.8	0	2.30936e+06	365.262	342.604	0	19800	812.741	699.308	0.82037
19980	8.81378e+06	75.388	347	0	194	107	0	75.388	47	157	0	8453	15484	0	635449	281.078	331.622	0	19980	828.943	698.05	0.818894
20160	4.69542e+07	1012.21	5065	1363	186	103	0	1012.21	47	86.4525	0	8257.21	14732.4	0	1.94356e+06	355.602	277.828	0	20160	824.773	696.795	0.817422
20340	2.22935e+07	190.685	1056	65	186	103	0	190.685	47	157	0	8295	14694	0	901661	356.913	248.982	0	20340	806.55	695.542	0.815952
20520	2.05991e+07	1477.33	2526	0	186	103	0	1477.33	47	47.1081	0	8295	14761.1	0	1.93082e+06	374.224	350.702	0	20520	819.321	694.291	0.814484
20700	4.09485e+07	1969.68	6200	1379	195	107	0	1969.68	47	57.5238	0	8521.13	15521.5	0	1.29315e+06	295.493	321.46	0	20700	843.29	693.042	0.81302
20880	801578	205.999	419	123	195	107	0	205.999	47	24.8858	0	8611	15405.9	0	445367	418.715	262.145	0	20880	830.984	691.796	0.811557
21060	1.66312e+07	142.254	890	0	195	107	0	142.254	47	157	0	8611	15449.4	0	747718	364.632	298.513	0	21060	829.873	690.552	0.810098
21240	1.16488e+07	1664.43	1816	163	195	107	0	1664.43	47	33.3747	0	8563.9	15405	0	665212	314.94	229.763	0	21240	842.019	689.31	0.808641
21420	1.02188e+07	1257.55	1976	703	195	107	0	1257.55	47	35.9624	0	8564.82	15474.6	0	715533	336.47	344.476	0	21420	840.256	688.07	0.807187
21600	6.5637e+07	1083.83	6102	1327	193	108	0	1083.83	47	99.9475	0	8575.52	15294.4	0	1.49598e+06	282.103	293.155	0	21600	829.426	686.833	0.805735
21780	5.53969e+07	757.987	4864	1059	197	108	0	757.987	47	111.614	0	8569.14	15635.6	0	1.22669e+06	276.406	306.506	0	21780	853.159	685.598	0.804286
21960	4.64929e+07	1080.14	5650	659	193	113	0	1080.14	47	83.1307	0	8984.31	15360.2	0	1.66477e+06	280.238	348.662	0	21960	852.112	684.365	0.80284
22140	2.98121e+07	261.528	1158	89	193	113	0	261.528	46	153.524	0	9028.71	15247	0	1.61624e+06	320.595	231.106	0	22140	853.271	683.134	0.801396
22320	2.78735e+06	180.792	344	0	193	113	0	180.792	46	49.5356	0	8927	15247	0	328993	285.261	309.876	0	22320	832.175	681.905	0.799955
22500	3.13254e+06	904	611	25	193	113	0	904	47	23.4841	0	8927	15334.1	0	393193	287.917	315.072	0	22500	851.271	680.679	0.798516
22680	6.57137e+06	59.6189	775	0	193	113	0	59.6189	46	149.172	0	9085	15267.3	0	511081	362.995	305.112	0	22680	816.602	679.455	0.79708
22860	89533.4	112.381	141	38	193	113	0	112.381	47	11.2605	0	9009.53	15266.1	0	560594	246.207	349.398	0	22860	829.444	678.233	0.795647
23040	5.22553e+07	1327.11	6335	1260	199	114	0	1327.11	47	79.3878	0	9095.96	15790.3	0	1.92579e+06	343.032	298.278	0	23040	841.469	677.013	0.794216
23220	4.45922e+07	813.212	4974	646	202	112	0	813.212	46	94.5745	0	8939.96	16042.6	0	646083	317.894	303.229	0	23220	820.644	675.796	0.792788
23400	4.10527e+07	634.798	2639	282	202	112	0	634.798	47	103.776	0	9006	16116	0	1.49561e+06	366.028	335.43	0	23400	800.998	674.58	0.791362
23580	4.4749e+07	1118.24	5726	799	205	115	0	1118.24	47	80.0516	0	9203.42	16253.2	0	807408	358.21	282.893	0	23580	822.947	673.367	0.789939
23760	5.33519e+07	860.32	5470	615	205	118	0	860.32	46	101.303	0	9395.35	16247.3	0	1.20554e+06	316.725	285.584	0	23760	820.101	672.156	0.788518
23940	2.16432e+07	212.41	1117	110	205	118	0	212.41	46	140.022	0	9322	16195	0	1.27427e+06	249.708	207.828	0	23940	815.009	670.947	0.7871
24120	3.76991e+07	710.959	2296	85	205	118	0	710.959	46	92.8595	0	9457.71	16195	0	1.35333e+06	348.452	191.773	0	24120	829.389	669.741	0.785684
24300	8.23756e+07	780.855	6015	701	199	117	0	780.855	46	143.905	0	9313.33	15862.8	0	2.66324e+06	310.973	354.592	0	24300	817.809	668.536	0.784271
24480	5.48275e+07	1062.34	6201	1045	203	115	0	1062.34	47	91.5098	0	9131.02	16113.6	0	1.37542e+06	295.081	317.229	0	24480	823.034	667.334	0.782861
24660	6.938e+07	955.118	6199	1288	203	113	0	955.118	46.9999	111.199	0	8980.86	16124.6	0	1.7514e+06	287.501	321.438	0	24660	825.989	666.134	0.781453
24840	4.72782e+06	57.3629	249	0	203	113	0	57.3629	47	120.446	0	9085	16037	0	538962	350.581	260.551	0	24840	834.196	664.936	0.780048
25020	4.05204e+07	638.699	3558	590	203	113	0	638.699	47	102.633	0	8950.11	16090.7	0	1.43072e+06	306.738	276.145	0	25020	848.095	663.74	0.778645
25200	2.35339e+07	201.295	1051	210	203	113	0	201.295	47	157	0	9085	16037	0	1.16344e+06	353.452	267.429	0	25200	839.41	662.547	0.777245
25380	2.2572e+07	193.067	1061	238	203	113	0	193.067	47	157	0	8977.27	16037	0	1.50347e+06	328.834	288.627	0	25380	852.402	661.355	0.775847
25560	1.04667e+07	204.888	1012	0	203	113	0	204.888	46	91.0069	0	9085	16037	0	503908	373.976	270.702	0	25560	843.144	660.166	0.774452
25740	5.85462e+07	653.783	4495	1045	199	112	0	653.783	47	127.385	0	8917.07	15827.5	0	2.98344e+06	291.437	310.584	0	25740	856.587	658.978	0.773059
25920	9.09624e+07	1318.59	8711	1102	195	113	0	1318.59	46	107.789	0	9008.51	15467.5	0	1.45235e+06	326.404	310.443	0	25920	834.266	657.793	0.771669
26100	4.32506e+08	4815.96	32843	5693	195	110	0	4815.96	46.0448	127.639	0	8788.86	15486.8	0	1.14538e+07	343.162	320.254	0	26100	855.602	656.61	0.770281
26280	8.00348e+08	7214.12	52564	8249	193	108	0	7214.12	46.9997	149.991	0	8611.52	15344.3	0	2.94239e+07	314.782	335.106	0	26280	856.14	655.43	0.768896
26460	6.14518e+08	5256.21	36076	4611	192	109	0	5256.21	47	157	0	8649.6	15307.3	0	1.86889e+07	289.5	356.449	0	26460	843.55	654.251	0.767513
26640	3.09177e+08	2644.52	18737	2434	191	117	0	2644.52	47	157	0	9313.82	15220.8	0	8.45941e+06	306.139	356.116	0	26640	868.497	653.074	0.766133
26820	2.85089e+08	2593.5	19919	2867	191	116	0	2593.5	47	148.833	0	9258.34	15163.3	0	7.71153e+06	319.038	320.223	0	26820	863.546	651.9	0.764755
27000	1.44805e+08	1469.65	10752	1025	193	119	0	1469.65	46.9999	136.483	0	9529.39	15302.3	0	6.18403e+06	355.722	309.163	0	27000	862.76	650.727	0.763379
27180	1.13859e+08	1486.61	10519	1535	194	123	0	1486.61	47	114.906	0	9824.4	15388	0	3.57855e+06	350.12	298.069	0	27180	894.199	649.557	0.762007
27360	1.11949e+08	1140.53	7971	1601	203	126	0	1140.53	47	136.093	0	10011.3	16127.2	0	3.92136e+06	301.373	314.707	0	27360	880.416	648.389	0.760636
27540	5.44695e+07	1209.27	6569	1115	194	123	0	1209.27	47	85.1259	0	9805.29	15377.9	0	1.07152e+06	317.796	302.861	0	27540	872.078	647.223	0.759268
27720	5.36692e+07	822.047	5143	735	206	118	0	822.047	46	104.349	0	9434.76	16336	0	1.5418e+06	342.608	290.247	0	27720	900.339	646.059	0.757903
27900	8.10288e+07	1024.27	6842	1313	205	120	0	1024.27	47	117.288	0	9572.78	16241.1	0	1.51005e+06	326.639	275.798	0	27900	894.08	644.897	0.75654
28080	1.20324e+08	1807.39	10651	1963	203	120	0	1807.39	47	105.545	0	9520.97	16145.2	0	3.82824e+06	288.647	337.694	0	28080	891.546	643.737	0.755179
28260	1.72117e+07	147.219	707	0	203	120	0	147.219	47	157	0	9480	16195	0	1.1259e+06	264.513	364.738	0	28260	906.628	642.58	0.753821
28440	1.04049e+07	702.104	1403	0	203	120	0	702.104	46.8756	48.5656	0	9538.41	16037	0	443262	309.523	234.808	0	28440	926.493	641.424	0.752466
28620	1.9356e+07	538.638	1849	0	203	120	0	538.638	47	75.7589	0	9574.81	16037	0	1.16235e+06	318.195	262.519	0	28620	918.536	640.271	0.751112
28800	1.11133e+07	335.171	1225	31	203	120	0	335.171	47	72.725	0	9619.96	16037	0	590373	343.321	245.759	0	28800	909.096	639.119	0.749762
