MS2-QUANT	v0j
Region DEFINITION, 05-Apr-2021
COMMENT	Outline definition performed in MS2-QUANT (Main program)
FILE	MAX_20201217_RI516_C12MS2128TkTat_001_visit_34.tif
PATH	/Volumes/EBL/20201217/
PARAMETERS
Pix-XY	Pix-Z	RI	Ex	Em	NA	dT	Type
79	600	1.458	488	521	1.4	180	widefield
ANALYSIS-SETTINGS	
IMAGING-BACKGROUND	150
LIMIT-FIT-SIGMA-XY-MIN	47
LIMIT-FIT-SIGMA-XY-MAX	155
LIMIT-FIT-SIGMA-Z-MIN	0
LIMIT-FIT-SIGMA-Z-MAX	0
LIMIT-FIT-BGD-MIN	40
LIMIT-FIT-BGD-MAX	41
DETECTION-THRESHOLD	500
REGION	TxSite
X_POS	151	151	151	152	153	153	154	155	156	156	157	157	158	159	159	160	161	162	163	163	164	165	166	167	168	169	170	171	171	172	172	173	173	174	174	175	175	175	176	176	177	177	177	177	177	177	178	178	178	178	178	178	178	178	178	178	177	177	177	176	176	175	175	174	173	173	172	171	170	170	169	168	167	166	165	164	163	162	161	160	159	158	157	156	155	154	153	152	151	150	149	149	148	147	146	146	145	144	143	143	142	141	141	140	139	139	138	138	137	136	136	135	135	134	133	132	132	131	131	130	129	128	127	127	126	125	124	123	122	121	120	119	118	117	116	115	114	113	112	111	110	110	109	108	107	106	105	104	103	102	101	100	99	98	97	97	96	95	94	93	93	92	92	91	91	90	89	89	88	87	87	87	86	86	85	85	85	85	85	85	85	85	85	85	85	85	85	85	85	85	86	86	86	87	87	87	88	88	89	89	89	90	91	91	91	92	92	93	93	94	95	96	97	98	99	99	100	100	101	102	103	104	105	106	106	107	108	109	110	111	112	113	114	115	116	117	118	119	120	121	122	123	124	125	126	127	128	129	129	130	131	132	133	134	135	135	136	137	138	139	140	141	142	142	143	143	144	145	146	147	END
Y_POS	76	75	74	74	74	73	73	72	72	71	71	70	70	70	69	68	68	68	68	67	67	66	66	66	66	65	64	64	63	63	62	62	61	61	60	60	59	58	58	57	57	56	55	54	53	52	51	50	49	48	47	46	45	44	43	42	42	41	40	40	39	39	38	38	38	37	36	36	36	35	35	34	34	34	34	34	34	34	34	34	34	34	34	34	34	34	34	34	34	34	34	35	35	35	35	36	36	36	36	37	37	37	38	38	38	39	39	40	40	40	41	41	42	42	42	42	43	43	44	44	44	44	44	45	45	45	45	45	45	45	45	45	45	45	45	45	44	44	44	44	44	43	43	43	43	43	43	43	43	43	43	43	43	43	43	44	44	44	44	44	45	45	46	46	47	47	47	48	48	48	49	50	50	51	51	52	53	54	55	56	57	58	59	60	61	62	63	64	65	66	66	67	68	68	69	70	70	71	72	73	74	74	74	75	76	76	77	77	78	78	79	80	80	80	80	81	81	82	82	82	82	83	83	83	84	84	84	84	84	84	84	84	84	84	84	84	84	84	84	84	84	84	84	84	84	83	83	83	82	82	82	82	82	82	82	81	81	81	80	80	80	80	80	79	79	78	78	78	78	78	END
QUANTIFICATION
Time[s]	Q_Integrate	Q_AMP	Q_Sum_pix	Q_MIP_int	Pix_Y	Pix_X	Pix_Z	AMP	BGD	SigmaXY	SigmaZ	MuY	MuX	MuZ	RES	Cent_Y	Cent_X	Cent_Z	OPB_time	OPB_INT	OPB_FIT	OPB_FIT_norm
0	2.7937e+07	254.953	1129	242	70	130	0	254.953	40	148.441	0	10332.9	5688	0	1.26921e+06	313.154	469.948	0	0	560.066	720.007	1
180	6.25851e+07	784.908	5263	549	70	130	0	784.908	40	117.883	0	10347.9	5576.64	0	1.01682e+06	313.299	287.957	0	180	568.485	718.712	0.998202
360	9.95385e+07	1375.93	8936	1744	71	131	0	1375.93	41	110.921	0	10439	5701.51	0	1.42189e+06	327.849	333.506	0	360	553.83	717.42	0.996406
540	6.29329e+07	740.003	5657	445	75	130	0	740.003	41	122.976	0	10344.6	6024.5	0	1.13122e+06	315.62	330.874	0	540	556.839	716.13	0.994615
720	4.31808e+07	472.455	1569	0	75	130	0	472.455	40.0049	129.219	0	10270	6083	0	1.28212e+06	216.645	359.404	0	720	558.055	714.842	0.992826
900	5.15952e+07	762.888	4838	841	78	123	0	762.888	40.9999	106.529	0	9812.39	6238.86	0	568121	320.477	310.177	0	900	549.498	713.556	0.99104
1080	7.23371e+07	676.824	4639	978	76	126	0	676.824	40.0001	145.425	0	10023.6	6139.77	0	1.24392e+06	307.166	356.581	0	1080	554.622	712.273	0.989258
1260	2.20055e+07	350.422	1513	254	76	126	0	350.422	40	102.032	0	10059.4	6004	0	414939	338.721	232.531	0	1260	561.037	710.992	0.987479
1440	8.05452e+06	69.8921	733	0	76	126	0	69.8921	41	155	0	10094.5	6162	0	365359	319.366	308.913	0	1440	553.48	709.713	0.985703
1620	7.14365e+07	799.754	5692	1010	75	126	0	799.754	40.0001	127.16	0	10029.8	5984.11	0	999781	313.92	310.403	0	1620	543.917	708.437	0.983931
1800	6.82042e+07	613.874	4773	646	72	125	0	613.874	41	150.177	0	9922.62	5740.82	0	1.08222e+06	290.572	298.725	0	1800	534.116	707.163	0.982161
1980	8.09968e+07	744.644	5958	807	73	127	0	744.644	40	147.535	0	10101.5	5900.09	0	1.49314e+06	300.436	359.774	0	1980	540.283	705.891	0.980395
2160	5.86415e+07	932.811	5618	872	69	122	0	932.811	40	102.096	0	9756.43	5535.37	0	672332	356.916	344.031	0	2160	530.152	704.622	0.978632
2340	1.0219e+08	1101.87	8039	1080	72	122	0	1101.87	40.9999	130.566	0	9701.9	5748.31	0	2.02313e+06	291.859	310.221	0	2340	536.892	703.355	0.976872
2520	1.20222e+07	162.021	831	71	72	122	0	162.021	41	112.661	0	9638	5789.23	0	697285	290.57	356.856	0	2520	522.442	702.09	0.975115
2700	1.20076e+06	86.5128	356	135	72	122	0	86.5128	40	47	0	9796	5706.77	0	183055	301.499	335.869	0	2700	531.709	700.827	0.973361
2880	3.88384e+06	279.824	731	84	72	122	0	279.824	40	47	0	9643.84	5737.54	0	153479	273.404	305.48	0	2880	524.367	699.567	0.971611
3060	760987	42.6543	82	0	72	122	0	42.6543	40	53.287	0	9638	5772.03	0	181793	310.115	303.631	0	3060	525.475	698.309	0.969863
3240	301358	21.7054	176	0	72	122	0	21.7054	40	47.0076	0	9796	5753.18	0	178398	363.135	266.638	0	3240	519.747	697.053	0.968119
3420	1.14214e+06	82.2894	416	0	72	122	0	82.2894	41	47	0	9640.88	5688	0	406687	277.271	279.06	0	3420	524.409	695.799	0.966378
3600	4.64356e+06	334.561	1048	0	72	122	0	334.561	40	47	0	9792.21	5787.63	0	273042	363.867	279.257	0	3600	525.676	694.548	0.96464
3780	1.35421e+06	97.5691	357	0	72	122	0	97.5691	40.5374	47	0	9638	5698.17	0	267721	325.754	308.433	0	3780	521.478	693.299	0.962906
3960	830532	59.8385	317	39	72	122	0	59.8385	40	47	0	9793.65	5839.15	0	205744	344.135	402.72	0	3960	518.327	692.052	0.961174
4140	615706	27.7692	191	0	72	122	0	27.7692	40	59.4078	0	9796	5808.11	0	169558	322.48	295.762	0	4140	519.914	690.807	0.959445
4320	3.81405e+06	274.797	363	0	72	122	0	274.797	40	47	0	9638	5689.72	0	260182	343.888	289.488	0	4320	523.5	689.565	0.95772
4500	6.51249e+07	678.397	5205	613	70	110	0	678.397	40	133.87	0	8737.65	5614.65	0	1.47072e+06	281.014	325.393	0	4500	526.722	688.325	0.955997
4680	7.2606e+07	757.769	5228	820	71	113	0	757.769	40	133.683	0	9039.29	5659.79	0	577007	335.461	295.643	0	4680	543.774	687.087	0.954278
4860	1.08363e+06	78.0738	349	132	71	113	0	78.0738	40	47.0001	0	9006.26	5655.28	0	145285	297.307	340.227	0	4860	537.797	685.851	0.952562
5040	4.33137e+06	37.5849	252	0	71	113	0	37.5849	41	155	0	8927	5609	0	458363	334.718	311.78	0	5040	539.803	684.618	0.950849
5220	1.37071e+06	98.7575	454	0	71	113	0	98.7575	41	47	0	9085	5657.29	0	702297	348.829	233.688	0	5220	539.347	683.387	0.949139
5400	2.49629e+06	179.854	343	38	71	113	0	179.854	40	47	0	9085	5609	0	179474	336.552	239.041	0	5400	543.66	682.158	0.947432
5580	9.15876e+07	990.822	7377	740	62	108	0	990.822	40	130.259	0	8583.42	5005.83	0	992160	293.839	340.038	0	5580	529.789	680.931	0.945728
5760	2.82533e+06	203.56	438	0	62	108	0	203.56	41	47	0	8532	4898	0	326642	205.666	280.763	0	5760	521.738	679.706	0.944027
5940	2.44265e+06	21.1958	108	32	62	108	0	21.1958	41	155	0	8532	5056	0	388943	251.522	337.782	0	5940	525.006	678.484	0.94233
6120	1.52947e-07	1.10196e-11	182	22	62	108	0	1.10196e-11	40	47	0	8532	4898	0	107168	270.903	359.489	0	6120	519.43	677.264	0.940635
6300	4.57299e-06	3.29477e-10	165	0	62	108	0	3.29477e-10	40	47	0	8532	4898	0	123555	328.863	272.3	0	6300	527.047	676.046	0.938943
6480	2.21627e+06	159.679	553	72	62	108	0	159.679	40	47	0	8679.21	5050.6	0	204500	244.992	327.117	0	6480	513.623	674.83	0.937255
6660	1.72988e+06	124.636	390	106	62	108	0	124.636	40.6494	47	0	8558.81	4995.04	0	182690	300.82	339.536	0	6660	528.425	673.617	0.935569
6840	9.37831e+06	81.3792	595	0	62	108	0	81.3792	41	155	0	8532	5035.5	0	484940	257.613	343.027	0	6840	538.451	672.405	0.933887
7020	7.53907e+07	902.158	5803	1013	57	103	0	902.158	40	121.549	0	8258.78	4540.18	0	843006	359.976	286.098	0	7020	520.89	671.196	0.932207
7200	1.03207e+08	1179.42	8783	1016	54	106	0	1179.42	41	125.374	0	8455.68	4332.11	0	1.50354e+06	317.901	320.507	0	7200	531.452	669.989	0.930531
7380	7.97116e+07	750.981	6296	1014	59	115	0	750.981	41	144.617	0	9137	4708.24	0	1.78525e+06	292.012	288.632	0	7380	543.703	668.784	0.928857
7560	3.69324e+06	62.938	291	0	59	115	0	62.938	40	98.1908	0	9085	4661	0	355617	277.01	267.837	0	7560	542.616	667.581	0.927187
7740	9.73259e+06	84.4534	471	0	59	115	0	84.4534	40	155	0	9085	4661	0	467710	215.604	275.509	0	7740	546.713	666.381	0.92552
7920	2.06158e+06	148.534	339	0	59	115	0	148.534	40	47	0	9237.67	4661	0	248153	310.951	293.944	0	7920	540.515	665.182	0.923855
8100	2.13362e+06	153.724	351	237	59	115	0	153.724	41	47	0	9162.98	4763.28	0	355588	274.118	289.311	0	8100	538.171	663.986	0.922194
8280	5.96452e+06	140.938	407	0	59	115	0	140.938	41	82.4015	0	9224.1	4661	0	498462	326.431	261.096	0	8280	542.991	662.792	0.920535
8460	3.39806e+07	521.944	2240	601	59	115	0	521.944	40.9998	104.179	0	9176.77	4661	0	1.17905e+06	316.932	206.565	0	8460	548.006	661.6	0.91888
8640	1.07954e+06	77.779	456	69	59	115	0	77.779	41	47	0	9241.36	4783.84	0	505423	298.855	285.011	0	8640	520.706	660.41	0.917227
8820	5.68393e+07	553.316	3311	527	59	115	0	553.316	41	140.91	0	9199.59	4661	0	1.48337e+06	337.743	267.596	0	8820	533.89	659.222	0.915578
9000	9.77404e+07	973.629	6983	1309	56	117	0	973.629	41	138.428	0	9312.86	4510.44	0	1.80705e+06	306.887	325.849	0	9000	552.673	658.037	0.913931
9180	6.35331e+07	754.684	5579	757	57	118	0	754.684	40.2271	122.145	0	9415.89	4579.91	0	1.06523e+06	322.337	309.391	0	9180	555.641	656.854	0.912288
9360	9.8308e+06	102.637	589	0	57	118	0	102.637	40	133.649	0	9480	4661	0	473599	348.867	449.662	0	9360	558.711	655.672	0.910647
9540	8.18125e+07	1135.19	6897	1512	60	117	0	1135.19	41	110.665	0	9310.39	4783.02	0	1.15485e+06	306.918	286.735	0	9540	574.665	654.493	0.909009
9720	8.51014e+07	1010.52	6896	767	61	116	0	1010.52	40.0001	122.174	0	9223.59	4910.97	0	1.63504e+06	309.838	333.141	0	9720	577.009	653.316	0.907375
9900	5.10618e+07	668.846	4234	742	61	116	0	668.846	40	114.673	0	9221.33	4956.19	0	946147	304.057	373.32	0	9900	564.766	652.141	0.905743
10080	1.66766e+07	451.106	1160	30	61	116	0	451.106	40	76.8626	0	9164	4915.28	0	591345	194.811	315.212	0	10080	559.826	650.968	0.904114
10260	1.46566e+07	127.181	880	0	61	116	0	127.181	41	155	0	9164	4819	0	688254	241.858	276.722	0	10260	591.638	649.798	0.902488
10440	619676	44.6467	251	124	61	116	0	44.6467	40	47	0	9220.79	4896.94	0	140844	291.568	309.062	0	10440	574.323	648.629	0.900865
10620	2.55538e+07	306.624	1500	18	61	116	0	306.624	40	121.33	0	9175.84	4977	0	574484	270.112	397.732	0	10620	569.193	647.463	0.899245
10800	1.5651e+07	333.099	537	179	61	116	0	333.099	40	87.0388	0	9164	4819	0	748855	230.103	234.444	0	10800	573.828	646.298	0.897628
10980	1.04018e+06	74.9434	137	0	61	116	0	74.9434	41	47	0	9322	4977	0	455244	310.969	377.985	0	10980	571.21	645.136	0.896013
11160	3.43203e+06	140.528	427	0	61	116	0	140.528	40	62.3544	0	9164	4977	0	219076	325.755	385.377	0	11160	576.991	643.976	0.894402
11340	1.60577e+06	115.693	260	0	61	116	0	115.693	40	47	0	9164	4977	0	217713	294.654	293.64	0	11340	584.493	642.818	0.892793
11520	1.8063e+06	130.141	331	0	61	116	0	130.141	41	47	0	9217.32	4819	0	294741	384.661	318.878	0	11520	585.705	641.662	0.891188
11700	887256	22.8858	291	6	61	116	0	22.8858	40	78.7572	0	9322	4977	0	183808	360.814	393.763	0	11700	590.942	640.508	0.889585
11880	4.40022e+06	317.029	798	42	61	116	0	317.029	40	47	0	9168.61	4964.56	0	173336	282.959	301.501	0	11880	579.56	639.356	0.887985
12060	6.08533e+07	935.076	6015	960	68	108	0	935.076	40.9999	104.155	0	8621.61	5444.78	0	1.12532e+06	323.618	299.688	0	12060	593.985	638.206	0.886388
12240	2.14052e+07	323.613	1160	0	68	108	0	323.613	40	105.146	0	8532	5530	0	758155	217.567	398.701	0	12240	598.742	637.058	0.884794
12420	1.55883e+07	898.98	1919	0	68	108	0	898.98	41	52.5336	0	8532	5528.94	0	501705	252.813	353.388	0	12420	592.89	635.913	0.883203
12600	2.02479e+07	339.604	2409	225	68	108	0	339.604	41	99.0714	0	8659.27	5435.65	0	661222	329.062	324.299	0	12600	597.793	634.769	0.881615
12780	1.23322e+07	144.758	1123	400	68	108	0	144.758	41	123.119	0	8690	5391.45	0	568113	336.483	296.085	0	12780	608.956	633.627	0.880029
12960	1.2685e+07	130.019	1136	262	68	108	0	130.019	40	135.479	0	8532	5530	0	505436	274.329	382.384	0	12960	605.11	632.488	0.878447
13140	0.136103	9.8039e-06	67	6	68	108	0	9.8039e-06	40	47.0051	0	8690	5448.06	0	105108	355.5	313.995	0	13140	591.915	631.35	0.876867
13320	8.49616e+06	113.487	550	0	68	108	0	113.487	40	113.283	0	8532	5530	0	380735	223.801	437.104	0	13320	606.896	630.215	0.87529
13500	99.6576	0.00718008	263	0	68	108	0	0.00718008	40	47.0003	0	8606.23	5529.95	0	178624	395.801	334.001	0	13500	598.819	629.082	0.873716
13680	9.66473e+07	1342.59	8789	816	76	110	0	1342.59	40.0001	110.587	0	8751.76	6111.83	0	1.96409e+06	304.81	346.978	0	13680	614.282	627.95	0.872145
13860	7.69377e+07	735.402	5185	465	72	111	0	735.402	40	142.953	0	8872.92	5769.37	0	1.42522e+06	340.403	317.57	0	13860	619.586	626.821	0.870576
14040	2.5503e+07	268.62	869	24	72	111	0	268.62	41	132.79	0	8927	5846	0	906736	380.758	417.52	0	14040	631.57	625.694	0.869011
14220	7.24715e+06	99.5747	673	55	72	111	0	99.5747	40	111.331	0	8870.21	5846	0	267622	320.265	386.351	0	14220	623.632	624.569	0.867448
14400	5.04558e+07	885.262	5237	957	68	123	0	885.262	41	96.6104	0	9815.66	5421.31	0	747781	308.421	279.947	0	14400	606.616	623.445	0.865888
14580	5.74834e+07	778.281	5172	404	65	130	0	778.281	41	112.34	0	10346.5	5239.75	0	1.84439e+06	319.168	335.959	0	14580	639.801	622.324	0.864331
14760	6.3827e+07	925.347	4992	1615	68	133	0	925.347	41	107.781	0	10621.2	5403.43	0	2.19765e+06	324.37	285.772	0	14760	627.508	621.205	0.862776
14940	5.75669e+06	49.9533	69	0	68	133	0	49.9533	40	154.999	0	10665	5530	0	623297	447.032	437.629	0	14940	641.396	620.088	0.861225
15120	3.81384e+06	33.0941	261	27	68	133	0	33.0941	41	155	0	10665	5530	0	465002	386.73	327.141	0	15120	634.751	618.973	0.859676
15300	4.88374e+07	876.38	4683	1393	68	137	0	876.38	41	95.4161	0	10882.3	5424.4	0	1.66291e+06	302.864	296.343	0	15300	616.124	617.859	0.85813
15480	7.90312e+07	1525.8	8434	1745	64	140	0	1525.8	40	91.6878	0	11179.6	5139.73	0	1.81622e+06	355.969	324.478	0	15480	639.03	616.748	0.856586
15660	4.14324e+07	1019.31	5398	1068	59	140	0	1019.31	41	80.6994	0	11146.8	4722.06	0	1.49835e+06	339.799	308.461	0	15660	622.436	615.639	0.855046
15840	4.10692e+07	405.852	1452	229	59	140	0	405.852	40	139.278	0	11218	4819	0	1.69495e+06	451.709	389.244	0	15840	628.847	614.532	0.853508
16020	5.14136e+06	370.427	859	69	59	140	0	370.427	40	47	0	11060	4819	0	315782	329.686	379.742	0	16020	640.798	613.427	0.851973
16200	649201	46.7721	308	0	59	140	0	46.7721	40	47.0009	0	11139	4814.41	0	128722	327.133	303.843	0	16200	646.255	612.324	0.850441
16380	461261	33.23	289	0	59	140	0	33.23	40	47.0022	0	11211	4740.73	0	197661	335.226	360.494	0	16380	641.43	611.223	0.848912
16560	2.12065e+06	152.789	366	122	59	140	0	152.789	40	47	0	11217.1	4819	0	142570	303.91	298.093	0	16560	644.554	610.123	0.847385
16740	353270	25.4409	163	76	59	140	0	25.4409	40.0011	47.0108	0	11060	4739.36	0	191755	322.534	362.172	0	16740	651.286	609.026	0.845861
16920	1.34459e+06	96.8753	508	151	59	140	0	96.8753	40	47	0	11103.6	4752.27	0	110043	346.439	363.905	0	16920	648.216	607.931	0.84434
17100	8.86534e+06	76.928	210	13	59	140	0	76.928	40	155	0	11218	4819	0	595154	367.235	432.501	0	17100	640.76	606.838	0.842822
17280	8.62608e+07	1444.5	8426	1277	63	142	0	1444.5	40.9999	99.1597	0	11324.7	5041.75	0	1.93585e+06	329.128	308.672	0	17280	647.687	605.746	0.841306
17460	7.1891e+07	1034.15	7058	528	65	145	0	1034.15	40	108.285	0	11526.3	5223.17	0	1.45372e+06	318.123	314.045	0	17460	655.031	604.657	0.839793
17640	3.61247e+07	372.347	2124	207	65	145	0	372.347	40.3685	134.918	0	11455	5213.6	0	1.27514e+06	224.11	298.417	0	17640	657.378	603.569	0.838283
17820	6.22264e+07	1125.15	6686	1076	62	143	0	1125.15	41	95.0188	0	11386.8	4943.06	0	880847	311.106	271.587	0	17820	656.82	602.484	0.836775
18000	7.66956e+07	879.533	6313	689	64	142	0	879.533	40	125.075	0	11299.8	5129.29	0	1.3742e+06	324.938	320.485	0	18000	653.826	601.4	0.83527
18180	9.02019e+07	1332.2	8776	1324	67	138	0	1332.2	41	106.602	0	11014	5363.02	0	2.09498e+06	355.128	310.585	0	18180	664.391	600.319	0.833768
18360	1.09183e+08	1131.64	8484	876	64	138	0	1131.64	40	134.366	0	10992.6	5144.02	0	2.63629e+06	329.876	329.873	0	18360	658.075	599.239	0.832269
18540	1.492e+08	1853.55	11947	2208	60	141	0	1853.55	41	118.605	0	11194.8	4793.35	0	3.08776e+06	298.33	301.389	0	18540	662.426	598.162	0.830772
18720	2.39542e+08	3057.64	19533	3029	53	142	0	3057.64	41	116.561	0	11267	4290.88	0	5.75038e+06	303.484	335.175	0	18720	664.623	597.086	0.829278
18900	2.26491e+08	3087.15	20230	3028	53	143	0	3087.15	40	111.878	0	11382.9	4241.92	0	5.92968e+06	325.905	284.284	0	18900	650.658	596.012	0.827787
19080	1.72653e+08	2072.7	14386	1860	48	149	0	2072.7	40.9997	121.29	0	11862.5	3862.35	0	2.19411e+06	326.913	312.917	0	19080	656.149	594.94	0.826298
19260	7.7167e+07	1104.57	7143	1238	46	149	0	1104.57	41	108.605	0	11840.6	3712.65	0	2.56095e+06	315.692	305.611	0	19260	637.36	593.87	0.824812
19440	3.24449e+07	1498.36	4628	1480	48	148	0	1498.36	41	58.7082	0	11788.2	3875.43	0	874183	356.052	341.573	0	19440	638.834	592.802	0.823329
19620	5.03799e+07	796.494	5324	816	49	150	0	796.494	41	102.456	0	11922	3927.5	0	675102	318.271	313.929	0	19620	670.596	591.736	0.821848
19800	7.68235e+07	936.543	5914	991	49	150	0	936.543	40.0001	120.071	0	11880.6	3958.22	0	1.80303e+06	287.193	330.139	0	19800	685.371	590.672	0.82037
19980	1.00559e+08	1381.22	8778	1311	48	146	0	1381.22	41	111.352	0	11621.5	3899.51	0	2.42384e+06	295.997	356.519	0	19980	675.072	589.61	0.818895
20160	1.97298e+08	2637.69	17285	2418	49	145	0	2637.69	40.9999	113.222	0	11517.7	3952.73	0	2.50681e+06	291.379	327.187	0	20160	671.635	588.55	0.817422
20340	1.02621e+08	1642.52	10040	1407	48	146	0	1642.52	41	101.735	0	11596.8	3892.01	0	2.35253e+06	302.116	329.541	0	20340	678.637	587.491	0.815952
20520	7.081e+07	1088.14	6979	1012	48	144	0	1088.14	40.9964	104.151	0	11455.7	3887.06	0	1.13364e+06	312.281	335.973	0	20520	669.944	586.435	0.814484
20700	2.88533e+07	272.716	965	0	48	144	0	272.716	40	144.24	0	11534	3858.93	0	1.4034e+06	437.034	314.603	0	20700	675.953	585.38	0.81302
20880	1.18852e+07	122.881	732	0	48	144	0	122.881	40	134.611	0	11534	3851.27	0	825693	421.974	297.981	0	20880	692.329	584.327	0.811558
21060	1.97885e+06	142.573	318	0	48	144	0	142.573	40	47	0	11376.2	3880.35	0	493516	337.701	444.793	0	21060	691.132	583.276	0.810098
21240	7.95252e+07	848.063	6176	308	52	152	0	848.063	40	131.605	0	12042.1	4211.2	0	3.58499e+06	289.478	338.623	0	21240	706.168	582.227	0.808641
21420	1.37762e+08	1416.01	9447	1773	53	155	0	1416.01	40	135.196	0	12272.6	4321.58	0	3.98311e+06	275.802	370.344	0	21420	728.044	581.18	0.807187
21600	7.34561e+07	1333.37	7275	1718	51	153	0	1333.37	41	94.8161	0	12187.7	4129.26	0	1.67878e+06	341.436	331.331	0	21600	725.639	580.135	0.805735
21780	9.39308e+07	1161.13	8112	976	49	156	0	1161.13	40	118.988	0	12403.8	3984.52	0	2.0361e+06	308.542	343.649	0	21780	728.743	579.092	0.804286
21960	7.38766e+07	1232.87	6956	1636	51	152	0	1232.87	40	99.3521	0	12133.6	4075.09	0	1.78841e+06	366.786	273.776	0	21960	733.179	578.05	0.80284
22140	2.42511e+07	315.404	946	124	51	152	0	315.404	41	115.188	0	12008	4029	0	1.14682e+06	269.879	216.528	0	22140	703.439	577.011	0.801396
22320	9.44045e+07	1786.98	9435	1744	48	155	0	1786.98	40	92.6724	0	12343.7	3907.44	0	1.87673e+06	340.096	364.486	0	22320	708.163	575.973	0.799955
22500	6.46728e+07	1227.59	6892	969	49	158	0	1227.59	41	92.533	0	12576.6	3923.77	0	2.09439e+06	323.375	316.798	0	22500	697.678	574.937	0.798516
22680	5.47735e+07	876.966	5979	340	48	157	0	876.966	41	101.717	0	12493.2	3889.23	0	1.61439e+06	322.726	327.333	0	22680	710.122	573.903	0.79708
22860	7.52301e+07	872.51	5871	1017	45	159	0	872.51	40.0001	124.12	0	12625.4	3675.22	0	1.18129e+06	311.948	357.676	0	22860	687.68	572.871	0.795647
23040	5.51071e+07	908.605	6188	569	41	160	0	908.605	40.0001	100.032	0	12713.8	3347.56	0	1.24159e+06	324.191	346.628	0	23040	711.432	571.841	0.794216
23220	5.68109e+07	980.918	5540	1029	42	161	0	980.918	41	97.4745	0	12816.7	3433.97	0	1.28711e+06	314.61	353.644	0	23220	699.327	570.813	0.792788
23400	2.06664e+07	246.608	994	48	42	161	0	246.608	40.9971	121.776	0	12877	3476	0	930102	353.558	413.095	0	23400	704.045	569.786	0.791362
23580	2.50629e+06	180.574	279	11	42	161	0	180.574	40	47	0	12877	3474.79	0	273640	410.992	330.273	0	23580	709.527	568.761	0.789939
23760	1.81258e+08	1907.5	14215	1808	43	166	0	1907.5	40	132.875	0	13172.1	3464.62	0	4.93668e+06	286.197	311.547	0	23760	719.123	567.739	0.788518
23940	3.5735e+08	3110.29	23318	3357	50	164	0	3110.29	41	154.586	0	13034.8	4036.49	0	8.29758e+06	313.166	316.609	0	23940	732.689	566.718	0.7871
24120	4.82991e+08	4191.09	30032	3554	47	165	0	4191.09	41	155	0	13110.3	3785.93	0	1.77061e+07	306.344	306.951	0	24120	749.856	565.698	0.785684
24300	6.36071e+08	5519.43	40482	5110	49	164	0	5519.43	41	155	0	12991.9	3937.65	0	1.49212e+07	282.841	308.368	0	24300	736.391	564.681	0.784272
24480	4.81139e+08	4175.03	27378	2509	49	166	0	4175.03	41	155	0	13196.2	3956.46	0	2.57971e+07	319.088	317.489	0	24480	745.898	563.666	0.782861
24660	2.90016e+08	2537.05	19695	2415	48	162	0	2537.05	41	153.9	0	12876.8	3863.92	0	5.12618e+06	311.257	312.183	0	24660	727.337	562.652	0.781453
24840	1.74725e+08	1516.16	11465	1353	52	157	0	1516.16	41	155	0	12541.7	4165.21	0	6.8765e+06	350.742	298.533	0	24840	758.731	561.64	0.780048
25020	4.33308e+08	3759.98	25719	3127	46	161	0	3759.98	41	155	0	12816.4	3703.62	0	1.62525e+07	322.304	320.324	0	25020	762.175	560.63	0.778645
25200	5.47797e+08	4753.45	30205	3646	50	157	0	4753.45	41	155	0	12517.1	4016.03	0	2.83088e+07	334.857	308.745	0	25200	768.525	559.622	0.777245
25380	3.72729e+08	3234.31	24473	2976	54	160	0	3234.31	41	155	0	12704.4	4349.83	0	9.18786e+06	302.663	312.281	0	25380	778.666	558.615	0.775847
25560	1.48631e+08	1289.73	9387	1429	55	157	0	1289.73	41	155	0	12471.4	4353.44	0	4.16867e+06	309.01	273.549	0	25560	800.315	557.611	0.774452
25740	1.47332e+08	1529.36	11185	1755	52	159	0	1529.36	41	134.216	0	12670.4	4187.9	0	3.33939e+06	332.619	316.937	0	25740	795.055	556.608	0.773059
25920	3.90615e+07	455.619	2413	363	52	159	0	455.619	40.9997	123.644	0	12662.9	4108	0	1.71623e+06	338.185	259.845	0	25920	814.099	555.607	0.771669
26100	1.28158e+08	1378.6	9942	1410	51	158	0	1378.6	41	130.788	0	12567	4162.73	0	2.50961e+06	315.676	366.321	0	26100	822.784	554.608	0.770281
26280	3.29694e+08	3072.09	22373	3027	49	161	0	3072.09	40.0008	145.914	0	12805.2	3981.96	0	1.44056e+07	312.347	341.919	0	26280	819.831	553.61	0.768896
26460	1.98306e+08	2021.33	14651	1922	51	163	0	2021.33	40	136.043	0	12935.1	4110.43	0	3.7313e+06	295.504	316.411	0	26460	806.51	552.615	0.767513
26640	1.54608e+08	1442.12	11598	1609	50	159	0	1442.12	41	145.792	0	12694.2	4052.71	0	7.04928e+06	355.595	347.226	0	26640	801.352	551.621	0.766133
26820	1.56598e+08	1547.01	10694	2276	48	161	0	1547.01	41	139.313	0	12814.1	3898.94	0	3.67961e+06	324.263	342.866	0	26820	832.406	550.629	0.764755
27000	9.09629e+07	1067.91	7733	667	50	162	0	1067.91	40	123.106	0	12893.7	4016.35	0	1.82365e+06	323.467	309.519	0	27000	832.107	549.639	0.763379
27180	1.06112e+08	1558.8	9230	1144	52	163	0	1558.8	40.0001	106.94	0	12992.5	4154.8	0	2.35921e+06	355.118	296.486	0	27180	851.075	548.65	0.762007
27360	4.36088e+07	919.303	4784	718	56	164	0	919.303	41	87.4796	0	13046.9	4538.58	0	1.38903e+06	339.016	362.758	0	27360	841.244	547.664	0.760636
27540	2.8143e+07	449.397	1632	0	56	164	0	449.397	41	101.871	0	13044.2	4424	0	1.37066e+06	331.804	245.728	0	27540	861.558	546.679	0.759268
27720	1.83577e+08	2365.03	15272	1417	59	163	0	2365.03	41	115.88	0	12986.9	4757.93	0	4.45139e+06	330.116	326.692	0	27720	889.285	545.695	0.757903
27900	1.69426e+08	2433.79	15406	2252	58	163	0	2433.79	41	108.375	0	12977.6	4678.44	0	2.72841e+06	331.714	329.348	0	27900	881.131	544.714	0.75654
28080	1.18617e+08	1722.39	10103	2282	57	165	0	1722.39	41	107.68	0	13061.2	4593.61	0	3.16498e+06	263.326	322.692	0	28080	863.803	543.734	0.755179
28260	1.63941e+08	2115.52	13891	1487	56	167	0	2115.52	40.9999	115.76	0	13267.7	4482.67	0	3.69151e+06	320.864	303.287	0	28260	886.934	542.757	0.753821
28440	1.21589e+08	1949.6	11677	2264	56	167	0	1949.6	41	101.631	0	13267.1	4461.69	0	2.42522e+06	321.325	285.937	0	28440	894.437	541.781	0.752466
28620	5.05939e+07	844.081	4623	1333	54	166	0	844.081	41	99.3681	0	13163.3	4368.84	0	2.07941e+06	283.439	340.912	0	28620	891.504	540.806	0.751112
28800	8.9923e+07	1585.66	9411	1161	50	170	0	1585.66	40.0001	96.3424	0	13530.9	4019.03	0	2.23421e+06	327.07	300.786	0	28800	869.244	539.834	0.749762
