MS2-QUANT	v0j
Region DEFINITION, 05-Apr-2021
COMMENT	Outline definition performed in MS2-QUANT (Main program)
FILE	MAX_20201217_RI516_C12MS2128TkTat_001_visit_2.tif
PATH	/Volumes/EBL/20201217/
PARAMETERS
Pix-XY	Pix-Z	RI	Ex	Em	NA	dT	Type
79	600	1.458	488	521	1.4	180	widefield
ANALYSIS-SETTINGS	
IMAGING-BACKGROUND	150
LIMIT-FIT-SIGMA-XY-MIN	52
LIMIT-FIT-SIGMA-XY-MAX	174
LIMIT-FIT-SIGMA-Z-MIN	0
LIMIT-FIT-SIGMA-Z-MAX	0
LIMIT-FIT-BGD-MIN	46
LIMIT-FIT-BGD-MAX	47
DETECTION-THRESHOLD	500
REGION	TxSite
X_POS	172	172	172	173	173	173	174	174	174	174	174	175	175	175	175	176	176	176	176	177	177	177	177	177	178	178	178	178	179	179	179	180	180	180	180	180	180	180	180	181	181	181	181	181	181	181	181	181	181	181	181	181	181	181	180	180	180	180	180	180	179	179	179	178	178	178	177	177	177	176	176	176	175	175	175	175	174	174	173	173	172	172	171	171	170	170	170	169	169	168	168	167	167	167	166	166	166	165	165	165	164	164	164	163	163	163	162	162	162	161	161	161	160	160	160	159	159	159	158	158	158	158	157	157	157	156	156	156	155	155	155	154	154	154	154	153	153	152	152	151	151	151	150	150	150	149	149	148	148	148	147	147	146	146	146	145	145	144	144	143	143	142	142	141	141	140	140	139	139	138	138	138	137	137	137	136	136	136	136	135	135	135	135	134	134	134	133	133	133	133	133	132	132	132	131	131	131	131	130	130	130	130	129	129	129	129	129	128	128	128	128	128	127	127	127	127	127	127	126	126	126	126	126	125	125	125	125	125	124	124	124	124	123	123	123	123	123	122	122	122	122	122	121	121	121	121	121	120	120	120	120	120	120	119	119	119	119	119	118	118	118	118	118	118	118	117	117	117	117	117	117	117	117	117	117	117	117	117	117	117	117	117	117	117	117	117	117	117	118	118	118	118	118	118	118	118	119	119	119	119	119	120	120	120	120	120	121	121	121	121	121	122	122	122	122	122	122	123	123	123	123	123	123	123	124	124	124	124	124	124	125	125	125	125	125	125	125	125	126	126	126	126	126	126	126	126	126	126	126	126	126	126	126	126	126	126	126	126	126	126	126	126	126	126	126	126	126	126	126	126	126	126	126	126	126	125	125	125	125	125	125	125	125	125	125	125	124	124	124	124	124	124	124	124	124	124	124	124	124	124	124	124	124	124	123	123	123	123	123	123	123	123	123	123	123	123	123	123	123	123	123	123	123	123	123	123	123	123	123	123	123	123	123	123	123	123	123	123	123	123	123	123	123	123	123	123	124	124	124	124	124	124	124	124	124	124	124	124	125	125	125	125	125	125	125	125	125	125	125	126	126	126	126	126	127	127	127	127	128	128	128	128	129	129	129	129	130	130	130	130	131	131	131	132	132	132	133	133	133	134	134	134	134	135	135	135	135	136	136	137	138	138	139	139	140	140	140	141	141	141	142	143	143	143	144	145	145	145	146	146	147	147	148	148	148	149	149	149	150	150	150	150	151	151	151	152	152	152	153	153	153	153	154	154	154	154	155	155	155	155	156	156	156	156	157	157	157	157	157	157	157	157	157	158	158	158	158	158	158	158	158	159	159	159	159	159	159	159	159	160	160	160	160	160	160	161	161	161	161	161	161	162	162	162	162	162	162	162	163	163	163	163	163	163	163	163	163	163	163	163	163	163	163	163	163	163	163	163	163	163	163	163	163	163	162	162	162	162	162	162	161	161	161	161	161	161	160	160	160	160	159	159	159	159	159	158	158	158	158	158	157	157	157	157	157	157	157	156	156	156	156	156	156	156	156	156	156	156	155	155	155	155	155	155	155	155	155	155	156	156	156	156	156	156	156	156	156	157	157	157	157	157	157	157	157	158	158	158	158	158	158	158	158	158	159	159	159	159	159	160	160	160	160	160	160	161	161	161	161	161	161	161	162	162	162	162	162	162	162	162	162	162	162	162	163	163	163	163	163	163	163	163	163	163	163	163	163	163	163	163	162	162	162	162	162	162	162	162	162	161	161	161	161	161	161	161	161	161	160	160	160	160	160	160	160	160	160	160	160	159	159	159	159	159	159	159	159	159	159	158	158	158	158	158	158	158	158	158	157	157	157	157	157	157	157	157	157	157	157	157	157	157	157	157	157	157	157	157	157	157	157	157	157	157	157	157	157	157	157	157	158	158	158	158	158	158	158	158	158	158	158	158	159	159	159	159	159	159	159	159	159	160	160	160	160	160	160	161	161	161	161	161	161	162	162	162	162	162	163	163	163	163	163	164	164	164	164	165	165	165	165	165	166	166	166	166	166	167	167	167	168	168	168	168	169	169	169	169	169	170	170	170	170	171	171	171	172	172	172	172	END
Y_POS	63	63	63	63	63	63	63	62	62	62	62	62	62	62	61	61	61	61	61	61	61	61	61	60	60	60	60	60	60	60	60	60	59	59	59	59	59	58	58	58	57	57	57	56	56	56	55	55	55	54	54	54	53	53	53	53	52	52	52	52	52	51	51	51	51	51	51	51	50	50	50	50	50	50	50	50	50	50	50	50	50	50	50	50	50	50	50	50	50	50	50	50	50	50	50	50	50	50	50	50	50	50	50	50	50	50	50	50	50	50	50	50	50	50	50	50	50	50	51	51	51	51	51	51	51	51	51	52	52	52	52	52	52	52	52	53	53	53	53	53	54	54	54	54	54	54	55	55	55	55	55	55	56	56	56	56	56	56	56	57	57	57	57	58	58	58	58	58	59	59	59	59	60	60	60	60	60	60	61	61	61	61	61	61	62	62	62	62	62	63	63	63	63	64	64	64	64	65	65	65	65	66	66	66	66	67	67	67	67	68	68	68	68	68	69	69	69	69	69	70	70	70	70	71	71	71	72	72	72	72	73	73	73	74	74	74	74	75	75	75	76	76	76	77	77	77	77	78	78	78	78	78	79	79	80	80	80	81	81	82	82	82	83	83	83	84	84	84	85	85	85	86	86	86	87	87	87	88	88	88	89	89	90	90	91	91	91	92	92	92	92	92	93	93	93	93	93	94	94	94	94	95	95	96	96	96	96	97	97	97	97	97	98	98	98	98	98	98	99	99	99	99	100	100	100	100	101	101	101	101	102	102	102	102	103	103	103	103	104	104	105	105	106	106	106	107	107	107	108	108	108	109	109	109	110	110	111	111	112	112	112	113	113	113	114	114	114	115	115	115	116	116	116	117	117	117	117	118	118	118	119	119	119	120	120	120	121	121	121	122	122	122	122	123	123	123	124	124	125	125	125	126	126	126	127	127	128	128	129	129	129	130	130	131	131	132	132	133	133	133	134	134	134	135	135	136	136	136	137	137	137	138	138	138	139	139	140	140	140	141	141	141	142	142	142	143	143	143	144	144	144	145	145	145	146	146	146	147	147	147	148	148	148	148	149	149	149	149	150	150	150	150	150	151	151	151	151	151	151	152	152	152	152	152	153	153	153	153	153	154	154	154	154	154	155	155	155	155	155	155	156	156	156	156	156	156	157	157	157	157	158	158	158	158	159	159	159	159	159	159	159	159	160	160	160	160	160	160	160	160	160	160	160	160	160	160	160	160	160	160	160	161	161	161	161	161	161	161	161	160	160	160	160	160	160	159	159	159	159	158	158	158	158	158	158	157	157	157	157	156	156	156	156	155	155	155	155	154	154	154	154	153	153	153	153	152	152	152	152	152	151	151	151	151	150	150	150	149	149	149	149	149	148	148	148	148	147	147	147	146	146	146	145	145	145	144	144	144	143	143	143	142	142	142	141	141	140	140	140	140	139	139	139	139	139	138	138	138	138	137	137	137	137	136	136	136	136	136	135	135	135	134	134	134	134	134	133	133	133	133	133	132	132	132	132	131	131	131	131	130	130	130	130	129	129	129	128	128	128	127	127	127	126	126	126	125	125	125	124	124	124	123	123	123	123	122	122	122	121	121	121	120	120	120	120	120	119	119	119	119	118	118	118	118	118	118	117	117	117	116	116	116	116	115	115	115	115	115	114	114	114	114	113	113	113	112	112	112	112	111	111	111	110	110	110	109	109	109	108	108	108	107	107	107	106	106	106	105	105	105	104	104	104	103	103	103	102	102	102	101	101	101	101	100	100	100	100	99	99	99	99	98	98	98	97	97	97	97	96	96	96	96	95	95	95	95	94	94	94	93	93	93	92	92	92	92	91	91	91	90	90	90	89	89	88	88	88	87	87	87	86	86	86	85	85	85	84	84	84	83	83	83	82	82	82	81	81	81	80	80	80	79	79	79	79	78	78	78	78	77	77	77	76	76	75	75	75	74	74	74	73	73	73	73	72	72	72	71	71	71	71	70	70	70	70	69	69	69	69	68	68	68	68	68	67	67	67	67	67	67	67	66	66	66	66	66	66	65	65	65	65	65	65	64	64	64	64	64	64	64	64	64	63	63	63	63	63	63	63	63	END
QUANTIFICATION
Time[s]	Q_Integrate	Q_AMP	Q_Sum_pix	Q_MIP_int	Pix_Y	Pix_X	Pix_Z	AMP	BGD	SigmaXY	SigmaZ	MuY	MuX	MuZ	RES	Cent_Y	Cent_X	Cent_Z	OPB_time	OPB_INT	OPB_FIT	OPB_FIT_norm
0	740098	12.6132	239	139	77	132	0	12.6132	46	98.187	0	10586	6083	0	220529	373.678	248.2	0	0	571.717	792.258	1
180	909551	32.004	85	0	77	132	0	32.004	46	67.2833	0	10585.9	6241	0	275715	265.03	361.266	0	180	585.74	790.834	0.998202
360	982742	40.3082	352	14	77	132	0	40.3082	46	62.301	0	10586	6241	0	197976	358.031	279.958	0	360	592.302	789.411	0.996406
540	0.000293298	1.72634e-08	126	0	77	132	0	1.72634e-08	46	52	0	10428	6083	0	144002	317.463	271.916	0	540	589.055	787.992	0.994615
720	1.7783e+06	104.668	475	0	77	132	0	104.668	46	52.0004	0	10435.8	6241	0	241163	255.222	357.886	0	720	590.014	786.575	0.992826
900	1.37656e+06	81.0239	375	32	77	132	0	81.0239	46	52	0	10585.7	6241	0	142246	366.905	302.681	0	900	587.02	785.16	0.99104
1080	924466	54.4105	361	135	77	132	0	54.4105	46	52.0016	0	10513.3	6196.98	0	94843.7	307.001	361.508	0	1080	589.36	783.748	0.989258
1260	1.07345e+06	53.5645	352	105	77	132	0	53.5645	46	56.4773	0	10428	6184.51	0	155627	248.403	293.93	0	1260	588.805	782.338	0.987479
1440	4.91914e+06	289.539	841	164	77	132	0	289.539	46.0664	52	0	10586	6188.24	0	260502	309.851	265.798	0	1440	587.438	780.932	0.985703
1620	309807	18.2351	194	27	77	132	0	18.2351	46	52	0	10428	6083	0	135680	257.978	317.637	0	1620	570.436	779.527	0.983931
1800	2.25183e+07	229.353	926	176	77	132	0	229.353	46	136.121	0	10586	6083	0	849706	429.191	263.978	0	1800	582.793	778.125	0.982161
1980	0.00779258	4.58669e-07	158	0	77	132	0	4.58669e-07	46	52	0	10586	6097.99	0	111692	345.625	257.317	0	1980	582.395	776.726	0.980395
2160	101711	5.98662	142	0	77	132	0	5.98662	47	52.0002	0	10586	6193.71	0	607034	431.739	400.145	0	2160	567.778	775.329	0.978632
2340	2.53757e+07	195.126	1363	190	77	132	0	195.126	46.0005	174	0	10586	6110.5	0	832973	379.088	286.426	0	2340	575.033	773.935	0.976872
2520	1.43711e+08	1376.49	10288	1004	77	132	0	1376.49	46	142.719	0	10543	6175.91	0	2.92522e+06	349.014	324.32	0	2520	577.146	772.543	0.975115
2700	1.39903e+08	1161.43	8961	891	77	134	0	1161.43	46	161.354	0	10674.4	6117.92	0	1.88363e+06	322.979	285.656	0	2700	578.607	771.154	0.973361
2880	1.12891e+08	949.696	6821	1256	75	140	0	949.696	46.0001	159.386	0	11128.4	5996.75	0	2.82196e+06	309.532	319.888	0	2880	575.247	769.767	0.971611
3060	3.33538e+06	196.319	611	170	75	140	0	196.319	46	52	0	11196.7	6002.75	0	153047	337.053	322.201	0	3060	573.039	768.382	0.969863
3240	1.23572e+06	54.9165	321	0	75	140	0	54.9165	46	59.8481	0	11167.1	6083	0	241097	379.564	368.948	0	3240	575.717	767.001	0.968119
3420	348678	20.5229	257	0	75	140	0	20.5229	46	52.0002	0	11216.4	5996.75	0	113748	307.829	307.649	0	3420	570.407	765.621	0.966378
3600	9.44717e+07	1276.14	8377	1545	81	138	0	1276.14	47	112.499	0	10997.7	6479.34	0	1.92787e+06	329.509	332.54	0	3600	572.288	764.244	0.96464
3780	1.41078e+08	1328.26	10090	1137	88	137	0	1328.26	46.0023	144.692	0	10893.1	6993.28	0	2.76739e+06	313.999	282.45	0	3780	581.889	762.87	0.962906
3960	8.60828e+07	859.635	6637	1213	83	141	0	859.635	46.9999	138.166	0	11221.7	6675.11	0	1.86399e+06	323.95	353.386	0	3960	560.516	761.498	0.961174
4140	4.67829e+07	937.461	5084	1131	83	139	0	937.461	47	89.8719	0	11066.7	6647.05	0	1.63059e+06	334.955	336.07	0	4140	580.762	760.128	0.959445
4320	1.52953e+07	117.612	827	5	83	139	0	117.612	46	174	0	11139	6557	0	492502	333.897	255.324	0	4320	587.581	758.761	0.95772
4500	2.09658e+08	1983.46	14711	1976	84	137	0	1983.46	46.0019	144.134	0	10900.8	6746.91	0	3.60089e+06	324.368	343.318	0	4500	588.606	757.397	0.955997
4680	1.50428e+08	1536.47	10904	2008	80	134	0	1536.47	46	135.834	0	10682	6438.02	0	2.66083e+06	331.646	349.084	0	4680	593.789	756.035	0.954278
4860	2.08247e+07	318.11	1766	138	80	134	0	318.11	47	104.514	0	10586	6467.95	0	601586	231.132	323.142	0	4860	576.809	754.675	0.952562
5040	9.67025e+06	569.188	1594	0	80	134	0	569.188	47	52	0	10586	6320	0	608462	265.073	283.076	0	5040	586.158	753.318	0.950849
5220	8.88977e+07	961.447	6829	1064	87	128	0	961.447	46	130.285	0	10181	6923.51	0	1.48262e+06	311.553	288.87	0	5220	585.092	751.963	0.949139
5400	5.0877e+07	838.373	5667	730	85	129	0	838.373	47	100.064	0	10263.3	6776.66	0	1.1969e+06	318.025	288.899	0	5400	597.429	750.611	0.947432
5580	2.8174e+06	165.831	620	0	85	129	0	165.831	46	52	0	10349	6754.06	0	157712	382.797	310.962	0	5580	590.78	749.261	0.945728
5760	7.00127e+07	816.678	5800	595	84	137	0	816.678	46.9999	123.64	0	10861.2	6740.42	0	1.41046e+06	290.321	333.974	0	5760	596.998	747.914	0.944027
5940	9.10993e+07	1247.26	8143	1046	82	137	0	1247.26	46	111.572	0	10870	6526.44	0	1.15979e+06	286.267	294.155	0	5940	588.427	746.569	0.94233
6120	6.57069e+06	386.749	911	0	82	137	0	386.749	46	52	0	10831.3	6635.48	0	350232	317.725	422.332	0	6120	592.368	745.226	0.940635
6300	3.61738e+06	212.918	658	141	82	137	0	212.918	46	52	0	10878.8	6479.22	0	145431	253.462	280.964	0	6300	597.411	743.886	0.938943
6480	27534.9	1.62053	375	0	82	137	0	1.62053	46	52.0027	0	10884.9	6635.98	0	160401	328.228	364.829	0	6480	595.67	742.548	0.937255
6660	1.99905e+06	117.664	638	92	82	137	0	117.664	46	52	0	10855.1	6555.22	0	248847	316.099	309.5	0	6660	598.798	741.213	0.935569
6840	1.69086e+06	99.5233	479	0	82	137	0	99.5233	47	52	0	10893.8	6478	0	228922	355.601	328.843	0	6840	603.702	739.88	0.933887
7020	2.01317e+06	118.494	408	120	82	137	0	118.494	46	52	0	10844.5	6636	0	233280	336.887	332.269	0	7020	601.429	738.549	0.932207
7200	110932	6.5294	218	0	82	137	0	6.5294	46.675	52	0	10823.1	6549.06	0	297816	303.319	251.258	0	7200	607.564	737.221	0.930531
7380	707278	41.6301	336	0	82	137	0	41.6301	46	52.0001	0	10823	6636	0	161876	309.043	355.455	0	7380	609.424	735.895	0.928857
7560	2.33409e+06	42.0804	402	9	82	137	0	42.0804	46	95.1719	0	10981	6636	0	157563	335.108	345.559	0	7560	613.847	734.572	0.927187
7740	2.42252e+06	142.589	470	0	82	137	0	142.589	46	52	0	10981	6478	0	274952	364.136	275.529	0	7740	608.587	733.251	0.92552
7920	1.50168e+06	88.3883	359	42	82	137	0	88.3883	46	52	0	10823	6636	0	165589	257.148	343.174	0	7920	615.882	731.932	0.923855
8100	7.66009e+07	885.434	6242	836	86	146	0	885.434	46.9999	124.403	0	11589.6	6897.23	0	1.72361e+06	294.294	330.503	0	8100	620.431	730.616	0.922194
8280	2.13881e+06	125.889	552	0	86	146	0	125.889	47	52	0	11534	6872.53	0	420190	281.338	304.729	0	8280	619.448	729.302	0.920535
8460	5.4496e+06	320.762	1170	0	86	146	0	320.762	46	52	0	11680.8	6944.08	0	200166	332.485	318.578	0	8460	607.609	727.99	0.91888
8640	612593	36.057	288	16	86	146	0	36.057	47	52	0	11639.6	6794	0	309133	353.898	329.243	0	8640	618.506	726.681	0.917227
8820	0.540565	2.42055e-05	194	93	86	146	0	2.42055e-05	46	59.6221	0	11616.2	6952	0	186629	262.229	332.645	0	8820	633.141	725.374	0.915578
9000	3.50421e+06	35.1573	668	0	86	146	0	35.1573	46	137.676	0	11663.1	6952	0	266373	335.109	342.172	0	9000	628.418	724.07	0.913931
9180	3.79671e+06	223.473	757	178	86	146	0	223.473	47	52	0	11596.3	6915.04	0	268798	346.213	359.713	0	9180	635.631	722.767	0.912288
9360	1.27828e+06	75.2394	441	0	86	146	0	75.2394	46	52	0	11621.8	6946.15	0	186077	334.695	353.612	0	9360	635.247	721.468	0.910647
9540	965203	56.8115	318	0	86	146	0	56.8115	46	52	0	11554.9	6794	0	182044	295.326	289.022	0	9540	641.659	720.17	0.909009
9720	3.77896e-10	2.22429e-14	2	0	86	146	0	2.22429e-14	46	52	0	11534	6952	0	233885	272.901	386.61	0	9720	634.057	718.875	0.907375
9900	2.40265e+06	141.419	693	140	86	146	0	141.419	46	52	0	11534.3	6798.38	0	171377	272.61	324.379	0	9900	641.053	717.582	0.905743
10080	3.25841e+06	191.789	612	134	86	146	0	191.789	46	52	0	11534	6877.82	0	179343	329.714	304.912	0	10080	634.88	716.292	0.904114
10260	2.93667e+06	172.852	487	228	86	146	0	172.852	46	52	0	11610.9	6922.84	0	128909	351.232	347.876	0	10260	647.589	715.004	0.902488
10440	6.82588e+07	780.963	5559	1637	106	144	0	780.963	46	125.273	0	11515.9	8451.96	0	3.3329e+06	374.242	314.838	0	10440	653.538	713.718	0.900865
10620	5.98636e+07	677.191	4975	604	108	146	0	677.191	46.0025	126.251	0	11633.5	8622.57	0	2.36649e+06	338.229	326.37	0	10620	655.402	712.434	0.899245
10800	1.44814e+07	168.755	1049	0	108	146	0	168.755	47	123.722	0	11534	8532	0	685427	264.408	288.178	0	10800	647.041	711.153	0.897628
10980	4.03489e+06	31.0261	457	0	108	146	0	31.0261	47	174	0	11692	8532	0	355874	331.362	272.92	0	10980	649.552	709.874	0.896013
11160	1.4689e+07	468.963	1542	68	108	146	0	468.963	47	70.6615	0	11534	8532	0	695777	277.312	264.138	0	11160	643.004	708.597	0.894402
11340	2.46426e+07	207.888	1101	154	108	146	0	207.888	47	158.977	0	11534	8532	0	959887	240.587	272.206	0	11340	657.626	707.323	0.892793
11520	1.66928e+08	2154.99	14241	1765	109	141	0	2154.99	46	115.728	0	11206.1	8725.6	0	3.35504e+06	298.484	356.996	0	11520	659.654	706.051	0.891188
11700	2.5783e+08	2135.99	16075	1710	112	142	0	2135.99	46.0001	161.667	0	11274.4	8893.05	0	2.85516e+06	306.93	296.282	0	11700	665.865	704.781	0.889585
11880	1.96551e+08	1511.37	11101	1589	109	142	0	1511.37	47	174	0	11345.4	8724.94	0	5.15176e+06	345.405	336.735	0	11880	668.157	703.514	0.887985
12060	1.39788e+08	1326.08	9503	1572	111	146	0	1326.08	46	143.818	0	11579.5	8769.91	0	4.75582e+06	288.206	261.602	0	12060	669.007	702.249	0.886388
12240	2.61319e+08	2009.4	14054	1761	109	145	0	2009.4	47	174	0	11465	8679.95	0	5.58419e+06	272.724	313.846	0	12240	689.4	700.986	0.884794
12420	2.98214e+08	2628.11	20408	3169	109	147	0	2628.11	47	152.914	0	11688.4	8716.1	0	7.42316e+06	304.523	330.927	0	12420	694.486	699.725	0.883203
12600	2.77399e+08	2133.05	16084	2348	106	145	0	2133.05	47	174	0	11601.9	8498.03	0	7.72004e+06	357.918	345.807	0	12600	684.855	698.467	0.881615
12780	3.54343e+08	2849.43	22662	3087	109	147	0	2849.43	46.9999	166.331	0	11680.8	8687.78	0	9.34352e+06	298.144	315.401	0	12780	690.788	697.211	0.880029
12960	3.55307e+08	2901.44	23137	3460	108	146	0	2901.44	46.9998	163.883	0	11574.7	8640.88	0	8.4734e+06	286.334	338.352	0	12960	709.205	695.957	0.878447
13140	4.01184e+08	4319.62	29938	5300	107	140	0	4319.62	47	130.7	0	11156	8542.18	0	1.41248e+07	346.463	325.382	0	13140	711.733	694.705	0.876867
13320	3.36102e+08	3754.24	26109	3691	106	138	0	3754.24	46.9999	127.361	0	10991.6	8476.99	0	1.06754e+07	336.273	337.769	0	13320	709.673	693.456	0.87529
13500	4.17486e+08	3210.24	24726	3127	107	140	0	3210.24	47	174	0	11153.6	8552.75	0	1.60583e+07	332.948	335.004	0	13500	716.354	692.209	0.873716
13680	2.52152e+08	1938.91	14683	2006	107	142	0	1938.91	47	174	0	11348.7	8549.6	0	7.98761e+06	351.249	330.528	0	13680	711.975	690.964	0.872145
13860	1.57412e+08	1557.53	11862	2022	106	143	0	1557.53	46.0001	139.143	0	11381.5	8503.17	0	4.43819e+06	324.262	357.914	0	13860	714.84	689.721	0.870576
14040	3.11906e+08	3532.91	21991	4716	111	139	0	3532.91	47	126.138	0	11114.3	8805.45	0	9.57354e+06	368.174	277.747	0	14040	724.952	688.481	0.869011
14220	3.37727e+08	2596.94	19423	1934	107	140	0	2596.94	47	174	0	11174.5	8553.76	0	1.02205e+07	340.549	333.213	0	14220	722.074	687.243	0.867448
14400	3.32695e+08	2786.27	21541	3151	107	143	0	2786.27	46	160.045	0	11315.6	8601.43	0	1.22145e+07	277.475	371.996	0	14400	731.026	686.007	0.865888
14580	3.69007e+08	2837.46	20867	2651	110	138	0	2837.46	47	174	0	10996.8	8759.89	0	2.94209e+07	329.339	302.849	0	14580	745.124	684.773	0.864331
14760	2.67269e+08	3399.59	22303	3028	106	141	0	3399.59	46.9999	116.823	0	11243.7	8450.01	0	3.62521e+06	329.595	322.108	0	14760	736.797	683.542	0.862776
14940	1.90402e+08	1843.08	13279	2420	108	141	0	1843.08	47	141.534	0	11254.6	8614.95	0	7.06904e+06	329.749	338.374	0	14940	754.176	682.312	0.861225
15120	1.45666e+08	1258.31	9417	1225	109	141	0	1258.31	47	155.62	0	11203.6	8648.7	0	5.01948e+06	304.274	297.088	0	15120	742.511	681.085	0.859676
15300	6.23734e+07	675.474	5597	1112	112	138	0	675.474	47	130.163	0	10999.9	8897.09	0	2.26544e+06	356.393	288.074	0	15300	746.029	679.86	0.85813
15480	3.9668e+07	321.799	1553	133	112	138	0	321.799	47	164.923	0	11060	8848	0	1.64408e+06	348.686	292.427	0	15480	757.229	678.638	0.856586
15660	4.74666e+07	364.992	1225	17	112	138	0	364.992	47	174	0	11060	8887.51	0	3.05182e+06	366.092	313.811	0	15660	760.808	677.417	0.855046
15840	1.32461e+08	2013.31	11909	1968	109	141	0	2013.31	46.9994	104.819	0	11254.3	8710.92	0	2.30462e+06	342.886	322.554	0	15840	758.006	676.199	0.853508
16020	1.02314e+08	1333.95	9483	1172	115	135	0	1333.95	47	115.009	0	10778.3	9161.49	0	2.70391e+06	350.98	305.053	0	16020	770.107	674.983	0.851973
16200	2.45276e+08	2663.85	18674	2744	116	135	0	2663.85	47	129.898	0	10764	9249.98	0	5.43901e+06	328.751	315.679	0	16200	758.904	673.769	0.850441
16380	3.3662e+08	2820.7	21755	3373	119	135	0	2820.7	46.0001	159.964	0	10769.5	9506.42	0	6.25354e+06	340.084	332.738	0	16380	759.159	672.557	0.848912
16560	1.42638e+08	1096.81	8082	630	120	136	0	1096.81	46	174	0	10805.4	9534.77	0	3.98081e+06	303.409	299.077	0	16560	766.444	671.348	0.847385
16740	1.76263e+08	1537.43	11576	2463	119	136	0	1537.43	47	154.296	0	10856.6	9482.21	0	6.67839e+06	345.131	305.912	0	16740	772.045	670.141	0.845861
16920	8.7821e+07	972.296	7163	828	119	138	0	972.296	46	128.151	0	11000.5	9458.22	0	2.67192e+06	332.041	288.582	0	16920	772.719	668.935	0.84434
17100	1.15836e+08	1097.94	8737	1206	115	139	0	1097.94	46.9997	143.915	0	11059.7	9192.09	0	4.01391e+06	326.932	339.016	0	17100	769.705	667.732	0.842822
17280	1.2811e+08	1182.86	9221	1392	119	136	0	1182.86	46	147.012	0	10857.5	9489.25	0	3.27999e+06	349.789	336.082	0	17280	773.098	666.532	0.841306
17460	1.27871e+08	1924.43	12167	1931	121	138	0	1924.43	46.9999	105.427	0	10989.6	9642.89	0	3.89873e+06	331.729	307.185	0	17460	792.872	665.333	0.839793
17640	1.39194e+08	1517.53	10104	2400	121	137	0	1517.53	46.4205	129.546	0	10915.9	9598.59	0	5.0564e+06	322.913	281.992	0	17640	775.735	664.136	0.838283
17820	5.17577e+07	658.742	5081	757	122	137	0	658.742	47	116.777	0	10907.5	9692.62	0	2.18616e+06	339.341	263.259	0	17820	771.625	662.942	0.836775
18000	3.17407e+07	244.069	1526	128	122	137	0	244.069	47	174	0	10866.8	9742.31	0	2.2232e+06	320.184	332.451	0	18000	788.522	661.75	0.83527
18180	4.00263e+07	372.366	2121	102	122	137	0	372.366	46.9999	146.106	0	10823	9638	0	1.37935e+06	245.718	269.151	0	18180	774.31	660.56	0.833768
18360	1.58781e+08	2090.51	12599	2004	122	135	0	2090.51	47	114.306	0	10779.8	9747.99	0	5.08781e+06	341.462	344.654	0	18360	791.277	659.372	0.832269
18540	2.26807e+08	2833.62	18149	2789	125	133	0	2833.62	47	118.174	0	10569.2	9989.4	0	7.59488e+06	297.604	342.196	0	18540	770.676	658.186	0.830772
18720	1.28486e+08	1589.09	11001	1276	127	137	0	1589.09	46.9997	118.949	0	10914.1	10089.2	0	2.09661e+06	328.392	303.763	0	18720	765.478	657.002	0.829278
18900	9.04814e+07	1202.69	8263	1233	128	138	0	1202.69	47	113.629	0	11003.6	10216.8	0	1.58992e+06	321.633	335.472	0	18900	771.95	655.821	0.827787
19080	2.25827e+07	1025.95	3460	407	128	138	0	1025.95	47	59.1917	0	11010.1	10149.5	0	3.0663e+06	314.984	319.696	0	19080	784.385	654.641	0.826298
19260	3.13902e+07	241.374	500	137	128	138	0	241.374	47	174	0	11060	10270	0	1.64591e+06	351.806	358.638	0	19260	773.149	653.464	0.824812
19440	2.13318e+07	562.114	1704	180	128	138	0	562.114	47	77.8991	0	11045.8	10270	0	793966	384.083	372.37	0	19440	773.714	652.289	0.823329
19620	1.44277e+08	2322.5	14241	2239	129	141	0	2322.5	47	101.403	0	11196.2	10264.3	0	3.50241e+06	296.801	310.597	0	19620	758.862	651.116	0.821848
19800	1.62573e+08	1670.54	12460	1767	131	141	0	1670.54	47	135.227	0	11198.9	10438.7	0	2.99356e+06	306.302	331.849	0	19800	765.943	649.945	0.82037
19980	1.11904e+08	860.482	7423	1282	135	138	0	860.482	47	174	0	11031.8	10672.8	0	3.7973e+06	334.198	275.65	0	19980	772.284	648.776	0.818895
20160	1.16733e+08	1274.99	9792	1320	131	137	0	1274.99	47	129.378	0	10915.4	10435.2	0	4.24047e+06	343.854	335.91	0	20160	771.617	647.609	0.817422
20340	2.58707e+08	2112.5	16000	1904	134	138	0	2112.5	46.0001	163.89	0	10979.3	10646.8	0	6.64463e+06	310.042	303.277	0	20340	764.137	646.445	0.815952
20520	2.09061e+08	1744.74	13411	1970	136	139	0	1744.74	46	160.564	0	11035.6	10795.9	0	8.16355e+06	294.154	293.621	0	20520	758.679	645.282	0.814484
20700	1.35853e+08	1167.36	8896	1141	136	140	0	1167.36	47	156.353	0	11166.3	10826	0	4.19328e+06	330.45	329.731	0	20700	780.149	644.122	0.81302
20880	9.29654e+07	714.854	5615	1060	139	139	0	714.854	47	174	0	11063.2	11055.9	0	2.71129e+06	308.248	311.245	0	20880	769.815	642.963	0.811558
21060	1.0405e+08	1070.62	7988	1184	137	143	0	1070.62	47	135.091	0	11366.8	10914.4	0	3.82828e+06	295.111	324.085	0	21060	761.513	641.807	0.810098
21240	1.70621e+08	2199.76	13600	2631	137	144	0	2199.76	47	115.825	0	11444.5	10874.1	0	4.81046e+06	284.499	311.142	0	21240	779.208	640.653	0.808641
21420	2.05399e+08	1919.38	14090	2432	138	146	0	1919.38	47	145.576	0	11615.5	10981.8	0	1.19505e+07	291.4	324.376	0	21420	759.18	639.501	0.807187
21600	1.48079e+08	1515.76	10564	2646	135	148	0	1515.76	47	135.614	0	11796.7	10788.9	0	5.40353e+06	325.261	361.394	0	21600	781.972	638.35	0.805735
21780	7.53115e+07	920.115	6798	968	140	145	0	920.115	47	119.9	0	11561.1	11155.6	0	1.52916e+06	345.774	319.019	0	21780	780.892	637.202	0.804286
21960	5.06917e+07	389.791	1897	243	140	145	0	389.791	47	174	0	11613	11183.1	0	2.78933e+06	362.601	322.474	0	21960	774.34	636.057	0.80284
22140	8.67903e+07	891.914	6184	1187	140	148	0	891.914	47	135.216	0	11708.8	11196.3	0	2.33439e+06	264.156	359.27	0	22140	767.866	634.913	0.801396
22320	7.52488e+07	578.622	4885	499	140	147	0	578.622	47	174	0	11682.4	11139.4	0	2.1206e+06	318.226	315.872	0	22320	772.278	633.771	0.799955
22500	4.58194e+07	352.326	1833	0	140	147	0	352.326	47	174	0	11613	11060	0	2.35205e+06	284.323	261.837	0	22500	769.055	632.631	0.798516
22680	1.24893e+08	1657.57	10996	1966	138	145	0	1657.57	46.9992	113.736	0	11532.9	10989.4	0	1.49485e+06	320.997	327.067	0	22680	753.725	631.493	0.79708
22860	8.75539e+07	887.186	7009	1014	139	143	0	887.186	47	136.647	0	11393	11081.7	0	1.9306e+06	335.709	327.911	0	22860	727.269	630.358	0.795647
23040	9.61258e+07	739.155	6083	699	136	148	0	739.155	47	174	0	11745.9	10826.7	0	5.00928e+06	299.105	324.708	0	23040	736.183	629.224	0.794216
23220	7.78546e+07	721.868	5689	921	138	146	0	721.868	46	146.506	0	11606.3	10969.9	0	2.06256e+06	309.784	304.517	0	23220	746.753	628.093	0.792788
23400	7.389e+07	944.571	6203	1555	134	150	0	944.571	47	116.451	0	11951.4	10682.6	0	3.29018e+06	301.152	344.989	0	23400	746.249	626.963	0.791362
23580	7.14852e+07	873.676	5778	924	139	148	0	873.676	46	119.873	0	11748	11060.4	0	2.99497e+06	303.034	289.876	0	23580	742.985	625.835	0.789939
23760	2.23634e+07	171.962	778	0	139	148	0	171.962	47	174	0	11698.5	10981	0	872531	282.523	248.909	0	23760	741.555	624.71	0.788518
23940	6.1884e+07	1220.76	5965	1348	135	147	0	1220.76	47	90.631	0	11726.2	10708.6	0	2.42331e+06	334.956	304.141	0	23940	763.267	623.586	0.7871
24120	6.21539e+07	771.987	5322	752	133	147	0	771.987	47	118.622	0	11669.6	10557.2	0	1.56894e+06	294.416	301.464	0	24120	770.251	622.465	0.785684
24300	2.58257e+07	321.994	1342	180	133	147	0	321.994	46	118.33	0	11613	10522.8	0	823217	221.24	274.393	0	24300	766.153	621.346	0.784272
24480	2.20425e+07	262.364	1249	107	133	147	0	262.364	47	121.981	0	11613	10665	0	915596	273.947	407.546	0	24480	745.419	620.228	0.782861
24660	8.11199e+07	1158.18	7176	1096	139	152	0	1158.18	47	108.772	0	12108.6	11048.7	0	1.91219e+06	347.984	300.55	0	24660	763.485	619.113	0.781453
24840	3.12894e+08	3815.16	24816	3268	141	153	0	3815.16	46	120.057	0	12131.8	11211	0	7.3459e+06	284.602	319.592	0	24840	777.904	617.999	0.780048
25020	1.68557e+08	1782.25	12571	1725	144	154	0	1782.25	46.0001	132.418	0	12264.9	11484	0	3.74956e+06	330.228	336.821	0	25020	771.799	616.888	0.778645
25200	5.86245e+07	657.714	4553	711	143	153	0	657.714	47	126.974	0	12203.9	11378.3	0	2.14617e+06	343.944	350.788	0	25200	778.687	615.779	0.777245
25380	7.44359e+07	908.247	6167	1274	144	152	0	908.247	46	120.001	0	12121.5	11410.5	0	1.2966e+06	363.54	282.879	0	25380	790.947	614.671	0.775847
25560	6.54821e+07	760.772	5448	944	141	154	0	760.772	46	123.975	0	12226.6	11259.3	0	2.41691e+06	285.99	352.047	0	25560	796.257	613.566	0.774452
25740	8.29034e+07	1013.28	6802	1507	139	153	0	1013.28	46	119.868	0	12150.7	11091	0	2.41836e+06	296.714	347.955	0	25740	780.717	612.462	0.773059
25920	8.42136e+07	783.3	5367	1317	140	152	0	783.3	46	146.128	0	12035.3	11191.1	0	3.23652e+06	274.11	353.344	0	25920	806.209	611.361	0.771669
26100	2.3051e+08	3204.65	20411	3412	140	151	0	3204.65	47	110.535	0	11998.2	11117.3	0	5.78817e+06	311.625	290.955	0	26100	797.255	610.261	0.770281
26280	2.62149e+08	3489.29	21307	4118	138	145	0	3489.29	47	113.532	0	11573.9	10986.1	0	5.90702e+06	354.356	315.78	0	26280	819.518	609.164	0.768896
26460	2.97598e+08	2896.08	21457	2602	144	152	0	2896.08	46	140.946	0	12076.2	11415.1	0	1.03424e+07	303.923	284.256	0	26460	806.691	608.068	0.767513
26640	2.20416e+08	2086.55	15933	2207	144	146	0	2086.55	46.9999	144.061	0	11629.1	11455	0	5.82569e+06	327.211	318.106	0	26640	809.281	606.975	0.766133
26820	2.03361e+08	1682.19	13716	1438	145	148	0	1682.19	46.9989	161.896	0	11808.9	11496	0	6.37186e+06	342.136	283.365	0	26820	813.762	605.883	0.764755
27000	2.7051e+08	2677.87	18703	3419	147	151	0	2677.87	47	139.092	0	11959	11653.6	0	8.2827e+06	285.495	285.05	0	27000	819.821	604.794	0.763379
27180	2.40719e+08	1851	13418	1866	147	151	0	1851	47	174	0	12017.6	11657.7	0	8.76693e+06	316.919	289.021	0	27180	834.337	603.706	0.762007
27360	1.67718e+08	1347.38	11327	846	145	148	0	1347.38	47	166.49	0	11777.8	11543.3	0	5.60061e+06	321.61	325.164	0	27360	823.949	602.62	0.760636
27540	1.48374e+08	1659.01	11464	1706	150	145	0	1659.01	47	127.271	0	11586.1	11905.7	0	4.92788e+06	362.662	289.217	0	27540	839.444	601.537	0.759268
27720	1.83646e+08	2030.35	14052	2704	149	143	0	2030.35	47	128.277	0	11355.7	11858.7	0	5.0041e+06	304.271	324.13	0	27720	831.706	600.455	0.757903
27900	2.57049e+08	2612.79	19376	2324	150	141	0	2612.79	47	136.328	0	11230.9	11898.4	0	9.72479e+06	338.073	285.136	0	27900	835.519	599.375	0.75654
28080	2.67652e+08	2513.7	19046	2472	146	140	0	2513.7	47	144.984	0	11122.4	11637.4	0	6.60855e+06	303.815	323.85	0	28080	836.257	598.297	0.755179
28260	2.0617e+08	1585.33	11909	863	145	144	0	1585.33	47	174	0	11467.8	11556.1	0	5.58669e+06	323.622	330.659	0	28260	856.503	597.221	0.753821
28440	2.34191e+08	2367.65	17217	2345	149	143	0	2367.65	47	136.882	0	11340.5	11804	0	5.94669e+06	280.713	280.423	0	28440	839.669	596.147	0.752466
28620	1.98528e+08	1930.47	14043	1824	149	142	0	1930.47	46	141.032	0	11355.8	11805.5	0	6.1087e+06	367.07	282.426	0	28620	836.623	595.075	0.751112
28800	2.06879e+08	1903.39	13831	1967	147	143	0	1903.39	46.9997	147.443	0	11357.6	11680.9	0	8.02669e+06	300.774	304.964	0	28800	842.799	594.005	0.749762
