MS2-QUANT	v0j
Region DEFINITION, 05-Apr-2021
COMMENT	Outline definition performed in MS2-QUANT (Main program)
FILE	MAX_20201217_RI516_C12MS2128TkTat_001_visit_30.tif
PATH	/Volumes/EBL/20201217/
PARAMETERS
Pix-XY	Pix-Z	RI	Ex	Em	NA	dT	Type
79	600	1.458	488	521	1.4	180	widefield
ANALYSIS-SETTINGS	
IMAGING-BACKGROUND	150
LIMIT-FIT-SIGMA-XY-MIN	1
LIMIT-FIT-SIGMA-XY-MAX	173
LIMIT-FIT-SIGMA-Z-MIN	0
LIMIT-FIT-SIGMA-Z-MAX	0
LIMIT-FIT-BGD-MIN	43
LIMIT-FIT-BGD-MAX	44
DETECTION-THRESHOLD	500
REGION	TxSite
X_POS	427	427	427	427	427	427	428	428	428	428	428	428	428	428	427	427	427	426	426	426	425	425	425	424	423	423	423	422	422	421	420	420	419	418	418	417	416	415	414	413	412	411	410	409	409	408	407	407	406	406	405	405	404	404	403	403	402	402	401	401	400	399	399	399	398	397	397	397	396	396	395	395	395	395	394	394	393	393	393	392	392	391	391	391	390	390	389	389	389	388	388	387	387	386	386	385	385	384	383	383	381	380	380	379	379	378	377	377	376	375	374	373	373	373	372	371	370	369	369	369	368	368	367	367	366	366	365	365	364	364	363	363	362	362	361	361	360	360	359	359	359	358	357	357	356	356	355	355	354	353	353	351	351	350	349	348	347	346	345	344	343	343	342	341	341	340	339	338	337	336	335	334	333	333	332	331	331	330	329	328	327	326	326	325	324	323	323	322	321	320	319	319	318	317	316	316	315	315	313	313	312	311	310	309	309	309	308	307	307	306	306	305	305	304	303	303	302	302	301	301	300	299	299	299	298	297	297	297	296	296	295	295	294	294	293	293	293	292	292	291	291	291	290	290	289	289	289	288	288	287	287	287	287	287	287	287	287	287	288	288	288	289	289	289	290	291	291	291	292	293	294	294	295	295	296	297	298	299	299	300	300	301	302	302	303	303	303	304	305	305	305	306	307	307	307	307	308	309	309	310	311	312	313	313	314	315	317	318	319	320	321	322	323	324	325	325	326	327	328	329	330	331	331	332	333	334	335	336	337	338	339	340	341	342	343	343	344	345	346	347	347	348	349	349	350	350	351	351	352	352	353	353	354	354	355	356	356	357	358	359	360	361	362	363	364	365	365	366	367	368	369	371	372	373	374	375	376	377	378	379	380	381	383	384	385	387	388	389	390	391	392	392	393	394	394	395	395	396	397	397	397	398	398	399	399	399	399	399	400	400	400	400	401	401	401	401	402	402	403	403	404	405	405	406	407	408	409	409	410	411	411	412	412	413	413	414	414	415	415	416	417	417	417	418	418	419	419	419	420	420	421	421	422	423	423	423	424	424	425	425	425	425	425	425	425	425	426	426	426	426	426	426	END
Y_POS	61	60	59	58	57	56	56	55	54	53	52	51	50	49	49	48	47	47	46	45	45	44	43	42	42	41	40	40	39	39	39	38	38	38	37	37	37	37	37	37	37	37	38	38	39	39	39	40	40	41	41	42	42	43	43	44	44	45	45	46	47	47	48	49	49	49	50	51	52	53	53	54	55	56	56	57	57	58	59	59	60	60	61	62	62	63	63	64	65	65	66	66	67	67	68	68	69	69	69	70	71	71	72	72	73	73	73	74	74	75	75	75	76	77	77	77	77	77	78	79	79	80	80	81	81	82	82	83	83	84	84	85	85	86	86	87	87	88	88	89	90	90	90	91	91	92	92	93	93	93	94	94	95	95	95	96	96	97	97	97	97	98	98	98	99	99	99	99	100	101	101	101	101	102	102	102	103	103	103	103	104	104	105	105	105	106	107	107	107	107	107	108	109	109	109	110	110	111	111	112	112	113	113	113	114	115	115	115	116	116	117	117	118	119	119	120	120	121	121	122	123	123	124	125	125	125	126	127	127	128	128	129	129	130	130	131	132	132	133	133	134	135	135	136	137	138	139	140	141	141	142	143	144	145	146	147	148	149	151	152	153	153	154	155	155	155	156	157	157	157	157	158	158	159	159	159	159	159	158	158	157	157	157	156	156	155	154	154	154	153	152	151	150	149	148	147	147	147	146	145	145	144	144	143	143	143	143	143	143	143	143	143	142	142	142	141	141	141	141	140	140	140	139	139	139	139	139	138	138	137	137	137	137	137	136	135	135	135	134	134	133	133	133	132	132	131	131	130	130	129	129	128	128	127	127	127	126	125	125	124	123	123	122	121	121	121	120	120	120	120	120	120	120	120	120	120	120	120	120	120	120	120	120	120	120	120	120	120	120	120	120	119	119	119	118	118	117	117	117	116	115	114	113	113	112	111	110	109	108	107	106	105	105	104	103	102	102	101	101	100	99	99	98	98	97	97	96	95	95	95	94	94	93	93	92	92	91	91	90	89	88	87	86	86	85	85	84	83	83	82	81	80	79	79	78	77	76	75	75	74	73	71	70	69	68	67	67	66	65	64	63	62	END
QUANTIFICATION
Time[s]	Q_Integrate	Q_AMP	Q_Sum_pix	Q_MIP_int	Pix_Y	Pix_X	Pix_Z	AMP	BGD	SigmaXY	SigmaZ	MuY	MuX	MuZ	RES	Cent_Y	Cent_X	Cent_Z	OPB_time	OPB_INT	OPB_FIT	OPB_FIT_norm
0	565071	557.297	362	0	146	300	0	557.297	44	12.7034	0	23781.3	11534.2	0	311356	307.531	295.889	0	0	606.646	616.209	1
180	725741	689.032	265	0	146	300	0	689.032	43	12.9474	0	23700.4	11612.8	0	213425	295.131	280.898	0	180	621.557	615.101	0.998202
360	1.38425e+07	117.303	307	121	146	300	0	117.303	43	158.327	0	23700	11692	0	486099	252.295	426.738	0	360	626.79	613.995	0.996406
540	1.90089e+07	174.671	397	0	146	300	0	174.671	43	147.596	0	23700	11692	0	1.08729e+06	212.18	445.107	0	540	615.478	612.891	0.994614
720	5.48171e+07	717.563	4705	827	146	300	0	717.563	43	114.721	0	23762.4	11613	0	1.74369e+06	300.031	289.11	0	720	615.819	611.788	0.992825
900	521610	332.705	392	129	146	300	0	332.705	43	15.7962	0	23778.7	11611.7	0	94123.8	257.185	355.551	0	900	588.567	610.688	0.99104
1080	281094	300.174	281	0	146	300	0	300.174	43	12.2081	0	23858	11691.8	0	127809	369.839	337.041	0	1080	591.835	609.59	0.989257
1260	6.49905e+07	842.059	5490	825	126	324	0	842.059	44	115.463	0	25638.5	10048	0	813598	295.926	326.205	0	1260	576.71	608.493	0.987478
1440	2.10952e+06	682	741	3	126	324	0	682	43	22.1876	0	25596	9954	0	221482	300.492	256.173	0	1440	560.609	607.399	0.985702
1620	3.41089e+06	26.3741	362	0	126	324	0	26.3741	44	173	0	25754	9954	0	213571	336.358	286.579	0	1620	556.974	606.307	0.98393
1800	3.0965e+06	938	676	173	126	324	0	938	43	22.9215	0	25754	9954	0	243819	362.4	355.299	0	1800	558.546	605.216	0.98216
1980	1.64843e+06	385.304	805	49	126	324	0	385.304	44	26.0941	0	25596	10037.5	0	442622	252.684	327.774	0	1980	564.018	604.128	0.980394
2160	1.70495e+07	134.822	1000	92	126	324	0	134.822	43.0001	169.106	0	25754	10045.7	0	956302	382.919	318.058	0	2160	557.968	603.041	0.97863
2340	8.44611e+07	1191.61	7457	1237	130	330	0	1191.61	44	109.555	0	26148.4	10382	0	2.22099e+06	305.845	336.719	0	2340	577.395	601.957	0.97687
2520	2.09996e+07	162.376	1005	0	130	330	0	162.376	44	173	0	26103.6	10428	0	703398	314.113	351.623	0	2520	571.381	600.874	0.975113
2700	5.46276e+06	102.826	441	0	130	330	0	102.826	44	92.9553	0	26070	10428	0	437563	344.263	348.027	0	2700	592.81	599.793	0.97336
2880	1.09445e+06	471.869	585	46	130	330	0	471.869	43	19.2131	0	26220.1	10347.3	0	148275	374.295	354.816	0	2880	580.333	598.715	0.971609
3060	1.11343e+07	86.0939	1201	0	130	330	0	86.0939	44	173	0	26113.5	10341.6	0	577832	301.755	311.499	0	3060	574.59	597.638	0.969862
3240	2.05847e+06	68.5585	233	35	130	330	0	68.5585	43	69.1699	0	26070	10270	0	173068	308.235	247.572	0	3240	574.629	596.563	0.968117
3420	1.49485e+06	398	488	108	130	330	0	398	43	24.4494	0	26202.4	10343.8	0	119838	309.778	317.221	0	3420	589.69	595.49	0.966376
3600	4.44057e+07	978.896	4857	1081	125	342	0	978.896	44	85.4425	0	27134.3	9981.81	0	754639	348.576	344.373	0	3600	578.113	594.419	0.964638
3780	2.05946e+06	689.999	602	124	125	342	0	689.999	44	21.7953	0	27149.4	9946.17	0	435369	404.13	327.836	0	3780	576.112	593.35	0.962903
3960	586910	687.91	362	7	125	342	0	687.91	43	11.6528	0	27018	10033	0	307846	276.836	355.612	0	3960	572.229	592.283	0.961171
4140	1.4048e+06	969.919	447	140	125	342	0	969.919	44	15.1827	0	27139	9941.24	0	625958	391.165	215.497	0	4140	572.243	591.218	0.959443
4320	1.57456e+06	16.6667	254	0	125	342	0	16.6667	43	132.315	0	27130	10033	0	216395	329.64	350.705	0	4320	583.031	590.154	0.957717
4500	824924	9.66742	140	17	125	342	0	9.66742	43	123.253	0	27018	9875	0	256679	286.102	252.638	0	4500	572.398	589.093	0.955995
4680	2.17063e+06	193.447	494	0	125	342	0	193.447	43	42.2593	0	27176	9975.71	0	177917	333.19	346.648	0	4680	559.343	588.034	0.954275
4860	2.99688e+06	111.462	481	34	125	342	0	111.462	43	65.4348	0	27176	9875	0	227413	339.799	259.314	0	4860	568.172	586.976	0.952559
5040	5.1234e+06	39.6158	317	76	125	342	0	39.6158	43	173	0	27176	10033	0	301378	380.21	361.49	0	5040	545.454	585.92	0.950846
5220	1.48055e+06	261.441	366	61	125	342	0	261.441	43	30.0216	0	27107.1	10033	0	177846	288.685	349.028	0	5220	556.599	584.867	0.949136
5400	5.66275e+06	44.5076	264	44	125	342	0	44.5076	44	170.141	0	27018	10033	0	246679	303.652	369.126	0	5400	542.747	583.815	0.947429
5580	880731	829.974	507	0	125	342	0	829.974	44	12.9957	0	27113.5	10032.6	0	391277	325.456	352.531	0	5580	564.466	582.765	0.945725
5760	2.35103e+06	714	514	29	125	342	0	714	43	22.8923	0	27176	10018.2	0	216388	323.182	329.539	0	5760	571.544	581.717	0.944024
5940	1.42082e+06	425.995	428	175	125	342	0	425.995	43	23.0397	0	27104.5	9987.63	0	152761	333.302	300.059	0	5940	562.621	580.67	0.942326
6120	2.6523e+06	28.1377	323	13	125	342	0	28.1377	44	132.1	0	27176	9875	0	379839	296.835	256.787	0	6120	564.814	579.626	0.940631
6300	5.3887e+06	102.236	247	125	125	342	0	102.236	43.9999	92.5577	0	27018	9875	0	447165	277.976	321.165	0	6300	562.695	578.584	0.93894
6480	2.74535e+06	215.813	689	0	125	342	0	215.813	44	44.9956	0	27018	9940.63	0	418933	277.508	302.297	0	6480	577.606	577.543	0.937251
6660	8.46583e+06	188.306	1499	26	125	342	0	188.306	44	85.0414	0	27122.5	9997.5	0	284395	311.698	294.073	0	6660	571.607	576.504	0.935565
6840	2.82794	0.445962	127	0	125	342	0	0.445962	43	1.00461	0	27175	9899.8	0	199736	200.427	285.125	0	6840	596.21	575.467	0.933883
7020	4.82981e+06	185.899	371	0	125	342	0	185.899	44	64.3185	0	27080.4	10033	0	340028	308.079	374.907	0	7020	600.987	574.432	0.932203
7200	1.93462e+06	63.1753	270	0	125	342	0	63.1753	44	69.861	0	27018	9927.54	0	375857	301.199	284.92	0	7200	589.821	573.399	0.930527
7380	2.21352e+06	758	636	87	125	342	0	758	43	21.5584	0	27176	9875.36	0	242072	281.892	283.949	0	7380	593.561	572.368	0.928853
7560	2.3451e+06	61.9333	214	0	125	342	0	61.9333	43	77.8103	0	27018	10033	0	180242	312.957	334.813	0	7560	561.548	571.339	0.927183
7740	1.05668e+06	667.928	713	11	125	342	0	667.928	43	15.8678	0	27046.9	9875	0	253573	373.178	276.448	0	7740	563.746	570.311	0.925515
7920	1.44299e-13	2.22045e-14	86	41	125	342	0	2.22045e-14	43	1.017	0	27021.3	9875	0	168610	260.472	267.268	0	7920	553.86	569.285	0.923851
8100	8.73175e+06	67.5167	845	101	125	342	0	67.5167	44	173	0	27018	10033	0	529853	329.687	354.058	0	8100	574.325	568.262	0.922189
8280	1.97519e+06	28.8187	381	70	125	342	0	28.8187	43	107.373	0	27018	9875	0	130225	302.281	273.425	0	8280	569.665	567.24	0.92053
8460	1.11976e+06	981.548	610	0	125	342	0	981.548	43.0017	13.4746	0	27174.6	9917.14	0	360171	283.314	262.624	0	8460	556.435	566.219	0.918875
8640	9.18842e+07	1230.92	8450	1258	96	378	0	1230.92	44	113.078	0	29941.9	7700.96	0	1.73457e+06	307.721	351.79	0	8640	563.276	565.201	0.917222
8820	1.07643e+08	1056.85	7239	1461	101	371	0	1056.85	43	139.979	0	29436.6	8024.99	0	2.30895e+06	353.056	285.356	0	8820	559.551	564.185	0.915573
9000	2.13268e+06	551.999	521	0	101	371	0	551.999	43	24.7973	0	29309	8083.51	0	201249	305.647	417.52	0	9000	556.803	563.17	0.913926
9180	8680.79	13.6646	85	45	101	371	0	13.6646	43	10.0552	0	29384.6	8057.69	0	142020	348.702	333.48	0	9180	549.669	562.157	0.912282
9360	1.62894e+06	552	462	93	101	371	0	552	43	21.6717	0	29388.5	7997.19	0	221089	351.285	271.56	0	9360	547.754	561.146	0.910642
9540	257427	85.857	313	0	101	371	0	85.857	43	21.8449	0	29406.8	8137	0	93733.6	328.984	328.288	0	9540	539.595	560.137	0.909004
9720	587372	412.667	137	0	101	371	0	412.667	44	15.051	0	29467	8057.98	0	340003	310.443	298.701	0	9720	573.388	559.129	0.907369
9900	5.83496e+06	45.1178	347	0	101	371	0	45.1178	44	173	0	29410.9	7979	0	400252	327.539	244.828	0	9900	578.605	558.124	0.905737
10080	2.44446e+06	835.97	421	0	101	371	0	835.97	43	21.5728	0	29388	7979.01	0	196276	342.78	247.322	0	10080	559.879	557.12	0.904108
10260	509127	23.3933	174	0	101	371	0	23.3933	43	58.8575	0	29466.9	8137	0	216377	294.774	376.272	0	10260	553.103	556.118	0.902482
10440	2.44688e+08	3036.83	18971	2462	84	382	0	3036.83	44	118.681	0	30288.8	6753.36	0	4.27929e+06	328.398	346.382	0	10440	557.013	555.118	0.900859
10620	2.83434e+08	2582.3	18856	2324	80	384	0	2582.3	43.0001	148.648	0	30385.1	6453.27	0	4.34198e+06	295.369	359.236	0	10620	554.144	554.119	0.899239
10800	2.5047e+08	2826.74	18981	3049	76	387	0	2826.74	43.9999	126.455	0	30683.8	6055.15	0	4.73397e+06	337.652	291.901	0	10800	542.511	553.123	0.897622
10980	1.21109e+08	2027.13	11668	2105	79	389	0	2027.13	44	99.1855	0	30834.9	6299.94	0	1.7679e+06	335.292	294.082	0	10980	541.651	552.128	0.896007
11160	1.23721e+08	1506.53	9730	1404	81	392	0	1506.53	43.0815	120.162	0	31005.1	6444.58	0	1.99986e+06	280.876	289.622	0	11160	537.863	551.135	0.894396
11340	1.5443e+08	2006.64	13044	2375	79	390	0	2006.64	43.9998	115.254	0	30904.3	6322.31	0	1.90036e+06	325.468	309.945	0	11340	539.081	550.144	0.892787
11520	9.48803e+07	1344.29	8497	1368	73	390	0	1344.29	43.8519	109.276	0	30875	5871.08	0	956943	307.004	342.523	0	11520	535.136	549.154	0.891181
11700	3.41426e+06	400.791	1046	185	73	390	0	400.791	44	36.8214	0	30880.5	5796.48	0	355061	356.569	327.831	0	11700	543.07	548.167	0.889579
11880	1.73231e+06	507.998	604	0	73	390	0	507.998	44	23.2966	0	30851.1	5909.22	0	216596	366.47	329.923	0	11880	536.599	547.181	0.887979
12060	1.59238e+06	567.991	615	0	73	390	0	567.991	44	21.1233	0	30810	5852.75	0	265410	304.466	286.636	0	12060	535.968	546.197	0.886382
12240	8.34914e+06	64.5583	614	127	73	390	0	64.5583	44	173	0	30968	5902.93	0	497691	361.838	324.835	0	12240	539.185	545.214	0.884788
12420	3.30454e+07	1806.29	5066	1426	72	393	0	1806.29	44	53.9606	0	31121.8	5787.41	0	659608	311.485	326.282	0	12420	543.837	544.234	0.883196
12600	8.01851e+07	1041.48	6729	1010	74	391	0	1041.48	43	115.284	0	30983	5897.21	0	1.41121e+06	331.536	291.081	0	12600	544.034	543.255	0.881608
12780	8.07181e+07	1244.16	7915	1115	71	399	0	1244.16	44	103.968	0	31608.9	5653.81	0	1.35554e+06	319.476	293.271	0	12780	525.547	542.278	0.880022
12960	5.13109e+07	1483.55	6624	1808	68	399	0	1483.55	44	74.2989	0	31596.3	5446.45	0	1.47516e+06	313.913	310.822	0	12960	518.625	541.303	0.87844
13140	4.97175e+06	38.4432	336	87	68	399	0	38.4432	43.4907	173	0	31521	5530	0	330920	277.111	358.688	0	13140	520.585	540.329	0.87686
13320	3.99106e+06	221.362	636	35	68	399	0	221.362	44	53.5682	0	31521	5530	0	452772	310.224	318.138	0	13320	547.276	539.357	0.875283
13500	3.43105e+06	824	831	7	68	399	0	824	43	25.743	0	31654.8	5372	0	121323	326.686	299.948	0	13500	555.509	538.387	0.873709
13680	448801	626.015	179	0	68	399	0	626.015	44	10.6818	0	31521	5392.97	0	335875	310.534	262.743	0	13680	569.513	537.419	0.872137
13860	1.85522e+06	794	412	0	68	399	0	794	44	19.284	0	31612.7	5372	0	484592	316.282	297.391	0	13860	586.033	536.453	0.870569
14040	2.4841e+06	749.999	658	35	68	399	0	749.999	44	22.9596	0	31542.5	5381.05	0	446445	306.853	249.908	0	14040	571.745	535.488	0.869003
14220	1.10592e+06	477.456	337	0	68	399	0	477.456	44	19.2002	0	31521	5450.87	0	204490	341.472	348.152	0	14220	569.29	534.525	0.86744
14400	6.52318e+06	67.3186	627	297	68	399	0	67.3186	43	134.796	0	31521	5372	0	473496	298.79	255.314	0	14400	564.022	533.563	0.86588
14580	6.4367e+06	135.537	672	142	68	399	0	135.537	43	87.5317	0	31521	5530	0	312701	293.863	334.203	0	14580	565.405	532.604	0.864323
14760	6.64111e+06	138.351	529	46	68	399	0	138.351	44	88.0305	0	31679	5372	0	460445	363.292	264.518	0	14760	567.382	531.646	0.862768
14940	4.16974e+06	201.656	603	104	68	399	0	201.656	43.0001	57.3686	0	31543.1	5372	0	224631	252.288	311.344	0	14940	576.027	530.69	0.861216
15120	2.00907e+06	873.323	659	88	68	399	0	873.323	43.0221	19.1346	0	31572.8	5513.85	0	274695	297.957	285.018	0	15120	548.934	529.735	0.859668
15300	3.2725e+06	645.999	781	213	68	399	0	645.999	44	28.3945	0	31592.5	5500.65	0	298343	298.362	346.081	0	15300	556.787	528.783	0.858121
15480	1.74385e+06	544	560	163	68	399	0	544	44	22.5874	0	31653.9	5411.17	0	290540	315.971	324.86	0	15480	560.907	527.832	0.856578
15660	229561	298.447	302	80	68	399	0	298.447	43	11.0643	0	31600.4	5451.66	0	162370	325.865	354.062	0	15660	558.853	526.882	0.855038
15840	124372	193.485	109	63	68	399	0	193.485	43.0001	10.1146	0	31600.3	5451.8	0	251024	290.353	289.693	0	15840	558.176	525.935	0.8535
16020	3.62733e+06	517.999	1291	75	68	399	0	517.999	44	33.3841	0	31558.4	5389.52	0	212124	296.646	287.97	0	16020	549.346	524.989	0.851965
16200	3.09246	0.423179	0	0	68	399	0	0.423179	44	1.07845	0	31522.9	5390.13	0	333086	269.863	259.551	0	16200	570.918	524.045	0.850433
16380	1.25167e+06	315.793	242	0	68	399	0	315.793	43	25.1162	0	31678.4	5372	0	227637	274.153	230.993	0	16380	561.586	523.102	0.848903
16560	855722	252.037	317	0	68	399	0	252.037	43	23.2458	0	31606.1	5372	0	179776	262.861	298.719	0	16560	564.627	522.161	0.847376
16740	8.45653e+07	1068.49	7022	1155	96	376	0	1068.49	43	117.322	0	29813.5	7628.91	0	1.7425e+06	346.733	288.859	0	16740	571.579	521.222	0.845852
16920	2.01983e+07	319.281	706	0	96	376	0	319.281	44	102.465	0	29781.2	7742	0	1.25336e+06	295.517	393.715	0	16920	566.216	520.285	0.844331
17100	1.6516e+06	476.698	491	0	96	376	0	476.698	44	23.4823	0	29705.1	7742	0	334034	292.185	286.057	0	17100	562.295	519.349	0.842813
17280	4.58933e+07	913.795	5167	883	99	372	0	913.795	44	90.179	0	29502.1	7915.6	0	404182	335.022	332.284	0	17280	553.265	518.415	0.841297
17460	9.20599e+06	116.209	1242	188	99	372	0	116.209	43	117.393	0	29546	7935.77	0	542387	412.865	324.956	0	17460	544.515	517.483	0.839784
17640	3.56614e+07	544.014	1971	661	99	372	0	544.014	44	104.596	0	29534.5	7821	0	985888	375.645	259.169	0	17640	536.423	516.552	0.838273
17820	5.12168e+07	802.486	5549	625	82	374	0	802.486	44	102.987	0	29647.7	6555.97	0	736930	333.155	314.464	0	17820	523.16	515.623	0.836766
18000	849117	487.999	273	0	82	374	0	487.999	44	16.6412	0	29593.3	6478	0	171283	271.167	269.756	0	18000	518.591	514.696	0.835261
18180	623478	375.687	371	0	82	374	0	375.687	43	16.252	0	29704	6478	0	210045	348.92	328.767	0	18180	515.36	513.77	0.833759
18360	4.50085e+06	408.283	903	153	82	374	0	408.283	44	41.8867	0	29597.9	6485.8	0	496460	279.49	301.724	0	18360	534.54	512.846	0.832259
18540	2.93974e+06	139.986	323	0	82	374	0	139.986	43.719	57.815	0	29704	6635.81	0	399143	330.3	266.719	0	18540	524.851	511.924	0.830762
18720	4.67556e+06	1152	1026	321	82	374	0	1152	44	25.4156	0	29659.8	6520.98	0	483037	339.484	358.446	0	18720	543.637	511.003	0.829268
18900	6.19959e+07	967.555	5549	1284	111	382	0	967.555	43	103.222	0	30276.3	8888.63	0	1.43496e+06	325.789	356.071	0	18900	545.768	510.084	0.827777
19080	4.80205e+07	838.793	5338	591	105	380	0	838.793	44	96.8491	0	30089.8	8398.97	0	1.29046e+06	317.582	322.634	0	19080	536.363	509.166	0.826288
19260	6.42052e+07	864.56	5937	533	99	374	0	864.56	43	112.719	0	29640.2	7882.43	0	1.43109e+06	328.335	294.969	0	19260	520.977	508.251	0.824802
19440	1.92193e+07	148.61	557	144	99	374	0	148.61	44	173	0	29546	7821	0	1.31174e+06	258.045	265.5	0	19440	526.166	507.337	0.823318
19620	4.862e+06	37.5946	424	26	99	374	0	37.5946	43	173	0	29546	7979	0	283620	285.874	369.778	0	19620	517.544	506.424	0.821838
19800	1.0544e+06	936.267	303	174	99	374	0	936.267	44	13.3879	0	29595.3	7899.67	0	707952	268.022	321.43	0	19800	527.534	505.513	0.82036
19980	965397	910.691	408	0	99	374	0	910.691	44	12.9891	0	29592.9	7822.76	0	474991	294.849	226.452	0	19980	529.333	504.604	0.818884
20160	3.28229e+06	1000	825	7	99	374	0	1000	44	22.8559	0	29551.8	7979	0	306826	306.645	367.098	0	20160	505.569	503.697	0.817411
20340	7.40932e+06	137.144	335	0	99	374	0	137.144	43	93.8091	0	29546	7979	0	535239	219.69	355.577	0	20340	511.449	502.791	0.815941
20520	1.08835e+06	468	384	0	99	374	0	468	43.1758	19.2385	0	29546	7929.89	0	202141	312.171	379.89	0	20520	525.544	501.887	0.814474
20700	4.24744e-13	2.22045e-14	111	10	99	374	0	2.22045e-14	43	1.74483	0	29704	7821.07	0	139524	356.192	293.076	0	20700	495.646	500.984	0.813009
20880	2.37407e+06	650	564	0	99	374	0	650	43	24.1102	0	29660.8	7821	0	167196	324.165	261.813	0	20880	494.139	500.083	0.811547
21060	2.67447e+06	670	755	0	99	374	0	670	43	25.2053	0	29546	7853.66	0	208270	259.154	297.648	0	21060	517.333	499.183	0.810087
21240	9.66414e+06	139.177	945	89	99	374	0	139.177	43	108.211	0	29642.6	7821	0	523202	342.018	256.891	0	21240	492.869	498.286	0.80863
21420	1.30841e+06	852.037	328	0	99	374	0	852.037	44	15.6333	0	29704	7900.16	0	533045	305.651	346.463	0	21420	510.38	497.39	0.807176
21600	1.71034e+06	402	723	34	99	374	0	402	43	26.0218	0	29559.3	7951.81	0	139089	289.543	290.827	0	21600	485.003	496.495	0.805724
21780	1.93761e+06	27.8176	77	49	99	374	0	27.8176	43.0294	108.412	0	29546	7979	0	552177	258.468	370.75	0	21780	487.071	495.602	0.804275
21960	7.10625e+06	286.303	1185	287	99	374	0	286.303	44	62.862	0	29699	7827.48	0	352187	297.263	302.994	0	21960	490.623	494.711	0.802829
22140	758235	371.655	297	0	99	374	0	371.655	43	18.0195	0	29704	7900.11	0	189719	354.736	312.159	0	22140	482.346	493.821	0.801385
22320	3.03536e+06	847.981	629	206	99	374	0	847.981	44	23.8683	0	29575.1	7900.97	0	549653	397.914	324.25	0	22320	484.302	492.933	0.799944
22500	3.07931e+06	958	1202	0	99	374	0	958	44	22.618	0	29546	7895.2	0	433209	304.108	314	0	22500	488.094	492.046	0.798505
22680	7.30447e+06	219.259	830	246	99	374	0	219.259	43	72.8997	0	29546	7892.91	0	230353	267.853	322.539	0	22680	477.147	491.161	0.797069
22860	511288	383.001	239	125	99	374	0	383.001	43	14.5762	0	29632.8	7900.54	0	123334	297.928	336.613	0	22860	473.816	490.278	0.795635
23040	9.35321e+07	1294.67	8242	1347	83	398	0	1294.67	44	110.829	0	31552.2	6618.17	0	3.4568e+06	323.352	313.626	0	23040	476.499	489.396	0.794204
23220	2.82657e+08	2185.59	16237	2815	83	403	0	2185.59	44	173	0	31918.8	6589.19	0	7.7189e+06	318.741	286.672	0	23220	466.193	488.516	0.792776
23400	2.65878e+08	2055.85	16304	1822	85	401	0	2055.85	44	173	0	31761.7	6759.71	0	8.37859e+06	316.655	288.472	0	23400	472.959	487.637	0.79135
23580	3.09097e+08	2390.03	18049	2594	75	403	0	2390.03	44	173	0	31902.7	6010.24	0	1.05511e+07	305.146	321.209	0	23580	465.925	486.76	0.789927
23760	3.32214e+08	2568.79	18987	2208	82	405	0	2568.79	44	173	0	32024.6	6539.33	0	4.64222e+06	282.318	304.485	0	23760	468.727	485.885	0.788506
23940	2.59599e+08	2062.48	15976	2169	89	404	0	2062.48	43.9999	168.318	0	31977.2	7159.76	0	4.33848e+06	311.246	344.732	0	23940	477.496	485.011	0.787088
24120	9.89825e+07	886.414	7056	1264	88	402	0	886.414	44	150.822	0	31881.3	7005.12	0	2.96104e+06	340.965	299.684	0	24120	480.86	484.139	0.785673
24300	1.63734e+08	1266.04	9683	1808	82	405	0	1266.04	44	173	0	32083.6	6606.6	0	3.60414e+06	316.022	348.571	0	24300	476.039	483.268	0.78426
24480	1.4276e+08	1103.87	7493	1203	85	403	0	1103.87	44	173	0	31917.1	6762.53	0	4.63541e+06	320.068	301.475	0	24480	488.209	482.399	0.782849
24660	1.01857e+08	927.107	7035	1338	83	410	0	927.107	43	148.767	0	32418.1	6613.7	0	3.15351e+06	267.255	301.664	0	24660	475.946	481.531	0.781441
24840	7.76667e+07	611.395	4953	327	79	409	0	611.395	43	169.873	0	32341.2	6307.13	0	1.43685e+06	284.299	303.12	0	24840	466.436	480.665	0.780036
25020	4.53743e+07	365.496	2744	189	79	409	0	365.496	43	166.056	0	32350	6303.89	0	1.24474e+06	291.532	307	0	25020	473.447	479.801	0.778633
25200	6.9842e+07	605.819	5362	604	72	411	0	605.819	44	155.051	0	32531.3	5736.52	0	1.54696e+06	299.31	286.459	0	25200	472.814	478.938	0.777232
25380	1.1371e+08	968.983	7449	1481	70	409	0	968.983	44	157.529	0	32381	5638.94	0	3.85515e+06	320.255	324.98	0	25380	477.045	478.077	0.775835
25560	3.98244e+07	307.935	1223	0	70	409	0	307.935	44	173	0	32311	5530	0	2.21508e+06	279.921	286.726	0	25560	468.704	477.217	0.774439
25740	2.60246e+08	2053.37	16344	2583	67	407	0	2053.37	44	169.482	0	32254.6	5349.12	0	6.34893e+06	327.303	296.655	0	25740	474.896	476.359	0.773046
25920	2.48567e+08	1922	14409	1753	69	407	0	1922	44	173	0	32219.2	5518.63	0	6.74277e+06	311.232	309.526	0	25920	467.722	475.502	0.771656
26100	1.8398e+08	1551.2	12224	2458	64	406	0	1551.2	44	159.06	0	32141.1	5133.18	0	4.77388e+06	308.937	312.286	0	26100	484.842	474.647	0.770268
26280	1.11571e+08	862.703	6513	1650	64	402	0	862.703	44	173	0	31827.9	5096.09	0	3.33472e+06	316.469	291.903	0	26280	482.5	473.793	0.768883
26460	2.46611e+07	382.94	1557	305	64	402	0	382.94	43	103.523	0	31879.5	5056	0	808311	354.237	217.691	0	26460	466.303	472.941	0.7675
26640	5.95035e+06	543.576	1030	25	64	402	0	543.576	44	41.7399	0	31758	5214	0	830322	306.437	366.077	0	26640	477.153	472.09	0.76612
26820	6.93848e+06	66.1357	504	0	64	402	0	66.1357	43.0001	143.271	0	31916	5056	0	336688	352.082	258.243	0	26820	473.938	471.241	0.764742
27000	1.15127e+07	125.663	456	0	64	402	0	125.663	44	129.438	0	31916	5056	0	1.03861e+06	372.053	234.45	0	27000	483.378	470.394	0.763367
27180	5.25205e+06	40.6105	219	0	64	402	0	40.6105	43	173	0	31871.1	5214	0	418282	330.746	381.619	0	27180	481.071	469.548	0.761994
27360	2.23455e+06	665.998	587	192	64	402	0	665.998	44	23.1083	0	31876.6	5152.16	0	290943	349.802	306.8	0	27360	466.605	468.703	0.760623
27540	1.15614e+08	1338.75	8738	1692	48	409	0	1338.75	43.9999	124.254	0	32414.4	3853.71	0	2.09476e+06	336.492	310.88	0	27540	474.589	467.86	0.759255
27720	7.69318e+07	792.992	5623	1073	52	412	0	792.992	43	134.914	0	32641.4	4185.21	0	1.43691e+06	326.91	318.32	0	27720	474.739	467.019	0.75789
27900	8.30343e+07	926.181	6546	925	45	416	0	926.181	43.9999	127.486	0	32967.2	3652.62	0	2.27555e+06	322.21	331.032	0	27900	461.344	466.179	0.756527
28080	1.66692e+08	1572.88	11544	1589	48	414	0	1572.88	43	144.435	0	32766.1	3836.6	0	2.84485e+06	302.875	281.908	0	28080	494.537	465.34	0.755166
28260	1.20981e+06	882.275	407	0	48	414	0	882.275	44	14.7729	0	32863.8	3870.62	0	621364	309.021	231.357	0	28260	470.273	464.504	0.753808
28440	1.14246e+07	119.983	834	468	48	414	0	119.983	43	133.073	0	32732.3	3794.42	0	658776	302.191	286.706	0	28440	461.043	463.668	0.752452
28620	581474	471.995	243	0	48	414	0	471.995	43	14.0025	0	32748.4	3792	0	223434	312.434	234.474	0	28620	463.363	462.834	0.751099
28800	6.97182e+06	1004	1500	26	48	414	0	1004	44	33.2442	0	32749	3950	0	452915	306.605	315.041	0	28800	458.407	462.002	0.749748
