MS2-QUANT	v0j
Region DEFINITION, 05-Apr-2021
COMMENT	Outline definition performed in MS2-QUANT (Main program)
FILE	MAX_20201217_RI516_C12MS2128TkTat_001_visit_11.tif
PATH	/Volumes/EBL/20201217/
PARAMETERS
Pix-XY	Pix-Z	RI	Ex	Em	NA	dT	Type
79	600	1.458	488	521	1.4	180	widefield
ANALYSIS-SETTINGS	
IMAGING-BACKGROUND	150
LIMIT-FIT-SIGMA-XY-MIN	31
LIMIT-FIT-SIGMA-XY-MAX	167
LIMIT-FIT-SIGMA-Z-MIN	0
LIMIT-FIT-SIGMA-Z-MAX	0
LIMIT-FIT-BGD-MIN	46
LIMIT-FIT-BGD-MAX	47
DETECTION-THRESHOLD	500
REGION	TxSite
X_POS	161	161	161	160	159	159	158	158	157	156	155	154	153	152	152	151	151	151	151	150	150	150	150	149	149	149	148	148	147	147	147	146	146	145	145	144	144	143	143	142	142	141	140	140	139	138	138	137	137	136	135	134	134	133	132	132	131	131	130	130	129	129	128	126	125	123	121	120	118	117	116	116	115	115	114	114	113	113	112	112	111	111	110	110	109	109	108	108	107	107	106	106	105	104	104	103	102	102	100	100	99	98	98	97	97	96	96	95	95	94	93	93	92	92	91	91	90	90	89	89	88	87	87	86	85	84	84	83	83	82	82	81	81	80	80	80	79	79	78	78	78	77	76	76	76	75	74	74	73	73	73	72	72	71	71	71	70	69	69	69	68	68	68	68	68	68	68	68	68	68	68	68	68	68	68	68	68	68	68	68	68	68	68	68	69	69	69	69	69	69	69	69	69	69	70	70	70	70	70	70	70	70	71	71	71	71	71	71	71	71	72	72	72	73	73	74	74	75	75	76	76	76	77	77	78	78	78	79	79	79	80	80	80	81	82	82	83	84	85	86	87	88	89	90	90	91	91	92	92	93	93	93	94	94	95	95	97	97	98	99	100	101	101	102	102	103	103	104	104	105	106	106	107	108	109	109	110	111	111	112	112	113	113	114	114	115	115	116	117	118	118	119	120	120	121	121	122	123	123	124	124	125	125	126	126	127	127	128	128	129	129	130	131	132	133	134	135	135	137	138	138	138	139	140	141	141	142	142	143	143	144	144	145	146	146	146	147	147	148	148	149	150	151	151	152	152	153	153	154	155	155	156	156	157	158	158	159	160	160	161	161	161	162	162	162	162	162	163	163	163	163	163	163	163	163	163	163	163	163	END
Y_POS	176	176	176	175	174	174	173	172	171	170	169	168	167	166	165	165	165	164	164	164	163	163	163	163	162	162	161	160	160	160	159	159	159	158	158	158	157	157	157	156	156	156	155	155	155	155	154	154	154	154	154	153	153	153	153	153	153	153	153	153	153	153	153	153	153	153	153	153	153	153	153	153	153	153	153	153	153	153	153	153	153	153	153	153	153	153	153	152	152	152	152	152	152	152	152	151	151	151	151	151	151	151	151	150	150	150	150	150	150	150	150	150	150	150	150	150	150	150	149	149	149	149	149	149	149	149	149	149	149	149	149	150	150	150	150	150	150	150	150	151	151	151	151	152	152	152	152	153	153	153	153	153	153	154	154	154	155	155	156	156	156	157	157	158	158	159	160	160	161	162	162	163	163	164	164	165	165	166	166	167	167	168	168	169	169	170	170	171	171	172	172	173	173	174	174	175	175	176	176	176	177	177	177	178	178	179	179	179	180	180	180	181	182	182	183	184	184	185	186	187	187	188	188	188	189	189	189	190	190	190	190	191	191	191	191	192	192	192	193	193	193	194	194	195	195	195	195	195	195	195	195	196	196	196	196	196	196	197	197	197	197	197	197	197	198	198	198	198	198	198	198	199	199	199	199	199	200	200	200	200	200	200	200	200	200	200	200	200	200	200	200	200	201	201	201	201	201	201	201	201	201	201	201	201	201	201	201	201	201	201	201	201	202	202	202	202	202	202	202	202	202	202	202	202	202	202	202	202	202	202	202	202	202	202	202	202	202	201	201	201	200	199	199	199	198	198	198	198	197	197	196	196	196	195	194	194	193	193	192	192	192	191	191	191	190	190	190	189	189	188	188	187	187	186	186	185	185	184	184	END
QUANTIFICATION
Time[s]	Q_Integrate	Q_AMP	Q_Sum_pix	Q_MIP_int	Pix_Y	Pix_X	Pix_Z	AMP	BGD	SigmaXY	SigmaZ	MuY	MuX	MuZ	RES	Cent_Y	Cent_X	Cent_Z	OPB_time	OPB_INT	OPB_FIT	OPB_FIT_norm
0	2.06144e+06	341.403	523	0	179	80	0	341.403	46	31	0	6436.47	14141	0	200249	331.106	281.091	0	0	935.55	1074.06	1
180	4.74647e+06	786.082	1061	96	179	80	0	786.082	46	31	0	6320	14141.5	0	229467	295.003	340.65	0	180	963.655	1072.13	0.998202
360	5.91507e+06	74.5924	785	0	179	80	0	74.5924	46	117.468	0	6473.89	14299	0	304377	344.26	342.714	0	360	960.302	1070.2	0.996406
540	2.4126e+06	399.561	653	90	179	80	0	399.561	46	31	0	6392.29	14280.8	0	148532	284.252	300.372	0	540	962.39	1068.27	0.994615
720	0.530569	2.77314e-05	112	0	179	80	0	2.77314e-05	46	55.1826	0	6478	14224.8	0	208282	326.218	296.51	0	720	931.672	1066.35	0.992826
900	3.40252e+07	426.258	2176	241	179	80	0	426.258	47	117.966	0	6320	14188.6	0	1.19099e+06	223.846	305.246	0	900	954.806	1064.43	0.99104
1080	2.52532e+06	418.227	712	284	179	80	0	418.227	46	31	0	6382.26	14232.8	0	217679	245.32	264.875	0	1080	964.33	1062.52	0.989258
1260	1.94138e+06	321.515	569	216	179	80	0	321.515	46.9578	31.0002	0	6373.5	14222.9	0	267319	285.271	330.82	0	1260	941.677	1060.61	0.987479
1440	2.19272e+06	363.144	712	0	179	80	0	363.144	46	31	0	6323.46	14218.2	0	205568	290.869	300.168	0	1440	948.856	1058.7	0.985703
1620	4.33629e+06	34.727	340	0	179	80	0	34.727	47	167	0	6478	14299	0	361561	348.691	378.064	0	1620	941.147	1056.8	0.983931
1800	49861.6	8.25778	61	0	179	80	0	8.25778	46	31	0	6478	14141	0	168352	332.144	306.523	0	1800	930.372	1054.9	0.982161
1980	1.40047e+06	231.937	543	153	179	80	0	231.937	47	31	0	6322.54	14293.2	0	369938	304.042	322.997	0	1980	926.285	1053	0.980395
2160	1.19009e+06	29.851	423	0	179	80	0	29.851	46	79.8973	0	6366.62	14299	0	267097	335.472	353.963	0	2160	930.652	1051.11	0.978632
2340	966700	160.099	442	0	179	80	0	160.099	46	31	0	6399.45	14141	0	229052	332.986	302.524	0	2340	941.738	1049.22	0.976872
2520	2.26333e+06	374.84	645	294	179	80	0	374.84	46	31	0	6392.71	14214.9	0	190615	269.398	272.166	0	2520	936.797	1047.33	0.975115
2700	1.6535e+06	273.842	564	0	179	80	0	273.842	47	31	0	6320.85	14298.7	0	252867	314.518	297.487	0	2700	915.518	1045.45	0.973361
2880	6.7446e+07	846.961	5906	819	179	80	0	846.961	47	117.786	0	6401.39	14180.2	0	1.66272e+06	333.445	291.795	0	2880	925.221	1043.57	0.971611
3060	7.2645e+06	77.8619	317	0	179	80	0	77.8619	46	131.128	0	6478	14141	0	570080	344.753	258.935	0	3060	883.51	1041.69	0.969863
3240	1.08737e+06	30.895	331	0	179	80	0	30.895	46	74.9611	0	6320	14219.6	0	262874	280.746	314.86	0	3240	903.603	1039.82	0.968119
3420	1.08097e+06	179.023	313	42	179	80	0	179.023	46.0001	31	0	6321.51	14220	0	186958	293.409	385.175	0	3420	905.046	1037.95	0.966378
3600	2.94333e+06	126.187	768	143	179	80	0	126.187	46.0001	60.9348	0	6478	14198.9	0	387391	268.548	289.667	0	3600	904.57	1036.08	0.96464
3780	232088	38.4223	161	98	179	80	0	38.4223	47	31.0059	0	6400.33	14221.4	0	264042	341.715	309.55	0	3780	895.66	1034.22	0.962906
3960	509471	84.3754	301	77	179	80	0	84.3754	46	31	0	6353.14	14249.6	0	151826	317.66	293.104	0	3960	892.61	1032.36	0.961174
4140	2.12085e+06	351.242	417	277	179	80	0	351.242	46	31	0	6385.3	14220.9	0	152651	282.411	366.674	0	4140	905.44	1030.5	0.959445
4320	1.35378e+06	38.9854	277	0	179	80	0	38.9854	46	74.4502	0	6320	14299	0	294570	237.735	288.429	0	4320	891.488	1028.65	0.95772
4500	892712	147.845	303	0	179	80	0	147.845	46	31	0	6320	14141	0	411652	357.548	248.155	0	4500	889.678	1026.8	0.955997
4680	966382	160.046	340	0	179	80	0	160.046	47	31	0	6320	14141	0	395255	274.961	256.933	0	4680	913.166	1024.95	0.954278
4860	7.83263e+07	771.322	5388	973	162	88	0	771.322	46	139.655	0	7072.98	12826.7	0	2.1609e+06	351.232	279.107	0	4860	907.721	1023.11	0.952562
5040	1.80931e+07	144.898	564	142	162	88	0	144.898	47	167	0	7110	12956	0	787449	389.042	383.354	0	5040	897.352	1021.27	0.950849
5220	2.38772e+07	254.994	1010	95	162	88	0	254.994	46	131.469	0	7110	12798	0	1.07078e+06	377.884	254.493	0	5220	903.039	1019.43	0.949139
5400	1.47716e+06	118.297	492	13	162	88	0	118.297	46	44.5796	0	7106.92	12956	0	238822	396.302	346.409	0	5400	897.984	1017.6	0.947432
5580	7.6599e+07	838.021	5870	1390	163	96	0	838.021	46	129.227	0	7737.49	12916.3	0	1.86723e+06	386.937	284.474	0	5580	901.248	1015.77	0.945728
5760	1.05299e+06	17.9423	149	0	163	96	0	17.9423	46	98.1973	0	7584	13035	0	180670	239.956	366.094	0	5760	887.615	1013.94	0.944027
5940	3.5085e+06	581.057	970	134	163	96	0	581.057	47	31	0	7584	12882.8	0	499630	317.249	362.556	0	5940	898.139	1012.12	0.94233
6120	3.22393e+06	533.928	897	0	163	96	0	533.928	46	31	0	7741.98	12993.9	0	222766	311.562	311.223	0	6120	880.166	1010.3	0.940635
6300	4.5295e+06	36.2744	274	0	163	96	0	36.2744	47	167	0	7742	12877	0	660455	354.696	277.508	0	6300	869.89	1008.48	0.938943
6480	3.40616e-07	5.64107e-11	124	0	163	96	0	5.64107e-11	46	31	0	7742	13035	0	232055	362.189	367.497	0	6480	877.217	1006.67	0.937255
6660	8.93819e+06	79.0672	365	72	163	96	0	79.0672	46	152.417	0	7742	13035	0	719062	366.611	419.879	0	6660	907.016	1004.86	0.935569
6840	2.12524e+06	176.97	461	0	163	96	0	176.97	47	43.7184	0	7742	13035	0	428309	321.645	316.99	0	6840	928.478	1003.05	0.933887
7020	9.43508e-06	1.56258e-09	1	0	163	96	0	1.56258e-09	46	31	0	7742	12877	0	133234	430.277	271.046	0	7020	899.597	1001.24	0.932207
7200	1.89428e+06	313.718	488	154	163	96	0	313.718	46	31	0	7711.6	12954	0	171245	348.909	239.12	0	7200	915.763	999.444	0.930531
7380	1.14974e+08	1296.66	9199	973	173	93	0	1296.66	46	126.516	0	7469.92	13771.1	0	2.22214e+06	353.048	342.654	0	7380	923.803	997.646	0.928857
7560	1.78408e+08	1773.71	13351	1816	176	95	0	1773.71	47	138.636	0	7572.54	13990.5	0	4.36861e+06	299.43	333.917	0	7560	905.566	995.852	0.927187
7740	1.67399e+08	1652.23	11939	1711	175	91	0	1652.23	46	139.41	0	7240.7	13899	0	1.74721e+06	292.236	315.781	0	7740	919.884	994.061	0.92552
7920	1.51017e+08	1209.41	9378	1595	181	86	0	1209.41	47	167	0	6841.35	14364	0	3.35378e+06	296.681	307.346	0	7920	910.639	992.274	0.923855
8100	9.21394e+07	1054.47	7401	1197	176	90	0	1054.47	46.9998	125.25	0	7204.75	13988.3	0	2.21561e+06	323.397	326.664	0	8100	927.827	990.489	0.922194
8280	1.37282e+08	1774.49	11251	1711	170	97	0	1774.49	46.9999	115.636	0	7765.94	13486	0	2.51978e+06	334.969	300.635	0	8280	936.59	988.708	0.920535
8460	1.3878e+08	1445.75	10404	1419	174	100	0	1445.75	46.9998	133.863	0	7974.75	13848.9	0	2.5932e+06	311.482	330.257	0	8460	927.308	986.93	0.91888
8640	3.55168e+07	343.108	1215	445	174	100	0	343.108	46	141.758	0	7900	13904	0	1.48997e+06	206.569	390.054	0	8640	911.484	985.155	0.917227
8820	8.44689e+06	126.692	393	132	174	100	0	126.692	46	105.638	0	8038.58	13904	0	589105	343.305	381.016	0	8820	897.293	983.383	0.915578
9000	1.30364e+06	215.901	641	0	174	100	0	215.901	46	31	0	7935.93	13904	0	177680	297.625	363.459	0	9000	927.998	981.615	0.913931
9180	1.96728e+06	325.81	765	0	174	100	0	325.81	47	31	0	8056.6	13826.3	0	689199	359.009	343.246	0	9180	895.78	979.849	0.912288
9360	771401	127.755	370	62	174	100	0	127.755	46	31	0	7971.56	13900.5	0	248077	285.959	320.017	0	9360	910.909	978.087	0.910647
9540	1.59569e+06	264.268	698	90	174	100	0	264.268	46	31	0	8028.18	13813	0	153057	315.424	288.285	0	9540	939.253	976.328	0.909009
9720	5.3049e-06	8.78564e-10	24	1	174	100	0	8.78564e-10	47	31	0	8058	13746	0	643695	336.49	239.865	0	9720	906.361	974.572	0.907375
9900	710385	117.65	189	0	174	100	0	117.65	47	31	0	8058	13904	0	387227	334.326	334.171	0	9900	937.992	972.82	0.905743
10080	5.70969e+06	194.65	466	21	174	100	0	194.65	47	68.3625	0	8026.46	13746	0	446245	340.668	308.584	0	10080	922	971.07	0.904114
10260	991851	164.264	323	0	174	100	0	164.264	47	31	0	7984.27	13904	0	282905	338.09	287.858	0	10260	904.324	969.324	0.902488
10440	1.96391e+06	98.7908	311	104	174	100	0	98.7908	47	56.2501	0	7900	13746	0	362000	396.92	307.967	0	10440	898.836	967.581	0.900865
10620	1.29399e+06	214.3	417	120	174	100	0	214.3	46	31.0002	0	7983.15	13871.8	0	177559	356.404	297.999	0	10620	890.437	965.841	0.899245
10800	1.17797e+06	195.088	326	0	174	100	0	195.088	46	31	0	7900.16	13903.2	0	140795	299.049	307.907	0	10800	898.023	964.104	0.897628
10980	2.40908e+06	250.181	506	0	174	100	0	250.181	47	39.1479	0	8058	13904	0	564905	354.044	353.732	0	10980	905.785	962.37	0.896013
11160	9.80843e+06	151.558	903	0	174	100	0	151.558	46	103.819	0	7991.87	13904	0	411840	331.855	361.927	0	11160	921.378	960.639	0.894402
11340	4.6192e+07	1220.47	6387	731	171	100	0	1220.47	46	77.7921	0	7984.61	13602	0	1.33005e+06	331.551	330.218	0	11340	923.364	958.911	0.892793
11520	7.1123e+07	1320.4	7585	907	175	106	0	1320.4	47	93.6563	0	8457.62	13864.2	0	1.36766e+06	322.799	289.153	0	11520	927.335	957.187	0.891188
11700	9.20128e+07	1252.67	8357	1039	175	109	0	1252.67	46	111.96	0	8649.88	13916.5	0	1.2214e+06	286.988	341.941	0	11700	911.76	955.466	0.889585
11880	1.04632e+08	1389.47	8836	1803	176	109	0	1389.47	46	113.696	0	8704.94	13920.7	0	3.68389e+06	347.615	251.325	0	11880	935.63	953.747	0.887985
12060	4.70112e+06	42.6626	686	0	176	109	0	42.6626	46	149.138	0	8769	14062	0	337184	372.283	373.068	0	12060	923.907	952.032	0.886388
12240	3.0923e+06	512.128	569	0	176	109	0	512.128	47	31	0	8769	14061.5	0	855467	403.312	383.834	0	12240	932.637	950.32	0.884794
12420	1.01882e+07	92.3324	262	0	176	109	0	92.3324	46	149.308	0	8769	14062	0	1.50729e+06	357.607	481.182	0	12420	929.04	948.611	0.883203
12600	9.90672e+06	79.3378	564	38	176	109	0	79.3378	47	167	0	8611	14062	0	574308	279.343	347.423	0	12600	932.246	946.905	0.881615
12780	703373	116.487	338	115	176	109	0	116.487	47	31.0002	0	8657.76	13977.7	0	532148	333.022	281.519	0	12780	902.558	945.202	0.880029
12960	629102	54.7402	272	0	176	109	0	54.7402	46	42.7678	0	8769	13974.7	0	182671	349.626	295.532	0	12960	908.998	943.502	0.878447
13140	273456	45.288	159	0	176	109	0	45.288	46	31	0	8682.7	13904	0	226821	271.568	297.157	0	13140	889.041	941.806	0.876867
13320	444296	73.5711	179	0	176	109	0	73.5711	46	31.0022	0	8611	14058.5	0	151481	266.757	337.305	0	13320	917.448	940.112	0.87529
13500	6.75933e+07	1329.13	7419	1090	190	105	0	1329.13	46	90.7866	0	8407.64	15124.9	0	984883	350.532	360.951	0	13500	910.141	938.421	0.873716
13680	4.85335e+07	921.34	5242	746	193	108	0	921.34	46	92.5278	0	8577.19	15357.8	0	688556	280.676	349.363	0	13680	912.633	936.733	0.872145
13860	1.11805e+07	89.5384	565	0	193	108	0	89.5384	46.0004	167	0	8638.88	15247	0	847267	344.353	224.824	0	13860	910.264	935.049	0.870576
14040	7.76015e+07	818.945	6031	850	190	110	0	818.945	46.0001	132.604	0	8750.23	15114.9	0	2.84604e+06	285.988	336.586	0	14040	915.627	933.367	0.869011
14220	1.69927e+07	151.048	770	0	190	110	0	151.048	46	151.783	0	8690	15010	0	694929	213.467	254.932	0	14220	917.786	931.689	0.867448
14400	1.84261e+06	305.162	397	0	190	110	0	305.162	46	31	0	8690	15010	0	163303	303.897	289.551	0	14400	914.06	930.013	0.865888
14580	6.08742e+07	1268.66	7022	1027	186	110	0	1268.66	46	88.0119	0	8797.09	14756	0	1.20806e+06	349.856	307.784	0	14580	931.802	928.341	0.864331
14760	9.10092e+07	1376.97	8027	1462	187	109	0	1376.97	46	105.099	0	8676.34	14890.4	0	2.78436e+06	303.536	348.682	0	14760	921.975	926.671	0.862776
14940	7.45183e+07	1204.63	7200	995	183	107	0	1204.63	47	101.159	0	8550.42	14569.6	0	1.48199e+06	338.811	364.436	0	14940	902.689	925.005	0.861225
15120	2.55193e+07	442.532	995	21	183	107	0	442.532	46	97.2405	0	8453	14457	0	1.20599e+06	231.235	186.995	0	15120	887.539	923.341	0.859676
15300	1.15752e+06	35.0633	193	0	183	107	0	35.0633	46	72.5641	0	8459.15	14615	0	199554	260.689	405.558	0	15300	895.258	921.681	0.85813
15480	5.55656e+07	757.625	5405	716	183	105	0	757.625	46	111.855	0	8374.01	14535.8	0	1.11656e+06	313.704	303.119	0	15480	914.916	920.023	0.856586
15660	229730	38.0464	177	67	183	105	0	38.0464	47	31	0	8295	14615	0	620295	301.771	386.752	0	15660	914.386	918.369	0.855046
15840	6.31157e+07	947.347	5665	1637	181	107	0	947.347	47	105.592	0	8530.32	14389.1	0	2.0605e+06	330.072	325.192	0	15840	896.784	916.717	0.853508
16020	1.24744e+07	132.062	385	229	181	107	0	132.062	46	132.3	0	8453	14421.2	0	1.20418e+06	211.419	358.307	0	16020	906.771	915.068	0.851973
16200	5.81443e+07	1487.73	7580	862	188	100	0	1487.73	47	79.0838	0	7949.05	14902.2	0	1.92098e+06	283.654	304.228	0	16200	904.846	913.423	0.850441
16380	6.14653e+07	852.044	6213	885	189	100	0	852.044	46	110.73	0	8019.31	15001.1	0	2.96217e+06	350.586	312.745	0	16380	907.851	911.78	0.848912
16560	1.16078e+08	1426.76	9750	1462	186	104	0	1426.76	47	119.429	0	8269.88	14779.9	0	1.55137e+06	296.319	329.124	0	16560	910.249	910.14	0.847385
16740	1.64602e+08	1884.89	13048	1580	192	102	0	1884.89	46	125.198	0	8132.34	15230.2	0	2.41896e+06	307.32	292.686	0	16740	907.832	908.504	0.845861
16920	1.36139e+08	1473.14	10501	1676	193	107	0	1473.14	46.9999	130.237	0	8531.48	15316.4	0	1.49535e+06	308.38	302.556	0	16920	899.805	906.87	0.84434
17100	1.04281e+08	1908.15	10625	1804	186	103	0	1908.15	47	94.3999	0	8182.25	14784.9	0	1.88688e+06	296.545	328.214	0	17100	917.213	905.239	0.842822
17280	9.49022e+07	1046.55	7538	1028	185	102	0	1046.55	46.9977	128.506	0	8137.14	14695.9	0	2.95891e+06	301.394	327.677	0	17280	887.442	903.611	0.841306
17460	1.28668e+08	1030.43	7218	1125	184	113	0	1030.43	46.0001	167	0	9081.34	14644.4	0	4.28742e+06	367.563	333.938	0	17460	907.448	901.986	0.839793
17640	1.22061e+08	2141.14	12718	1853	179	112	0	2141.14	47	96.6216	0	8926.23	14209.6	0	3.02236e+06	332.637	303.313	0	17640	915.324	900.364	0.838283
17820	6.92516e+06	55.46	613	7	179	112	0	55.46	47	167	0	8936.26	14299	0	518732	279.755	302.467	0	17820	917.394	898.744	0.836775
18000	9.54325e+07	1254.85	8340	1169	170	110	0	1254.85	46	114.398	0	8789.13	13496.3	0	1.82184e+06	331.807	311.296	0	18000	914.013	897.128	0.83527
18180	1.63403e+08	2293.71	14428	2589	171	111	0	2293.71	47	109.89	0	8873.93	13597.8	0	3.91601e+06	335.85	334.879	0	18180	918.214	895.515	0.833768
18360	3.49536e+08	4418.8	27998	4333	174	102	0	4418.8	47	117.281	0	8164.99	13847.5	0	6.16515e+06	339.338	319.066	0	18360	927.735	893.904	0.832269
18540	1.425e+08	1447.72	10335	1354	183	103	0	1447.72	47	136.38	0	8220.11	14504.3	0	3.13638e+06	319.028	298.039	0	18540	910.708	892.297	0.830772
18720	1.35819e+08	2235.03	12567	2227	186	102	0	2235.03	47	100.142	0	8099.32	14743.9	0	2.4188e+06	276.608	296.948	0	18720	935.351	890.692	0.829278
18900	1.81567e+08	2097.67	14657	1953	188	107	0	2097.67	46	124.446	0	8545.05	14924.2	0	3.91359e+06	326.168	304.307	0	18900	927.711	889.09	0.827787
19080	1.75263e+08	1552.75	11691	1588	180	115	0	1552.75	46	152.216	0	9159.72	14291.8	0	4.07138e+06	309.038	314.197	0	19080	928.003	887.491	0.826298
19260	1.79192e+08	2290.09	15457	2075	181	113	0	2290.09	46.1751	116.471	0	9038.12	14357.9	0	5.24139e+06	348.583	296.983	0	19260	898.209	885.895	0.824812
19440	1.70668e+08	2062.58	14450	1500	177	117	0	2062.58	46	120.758	0	9312.39	14069.6	0	4.28064e+06	298.292	315.371	0	19440	921.065	884.302	0.823329
19620	1.16332e+08	1809.5	11074	1806	177	114	0	1809.5	47	103.421	0	9083.38	14069.7	0	1.80439e+06	330.916	316.649	0	19620	928.673	882.712	0.821848
19800	1.18935e+08	1964.62	11321	1731	177	111	0	1964.62	46	99.927	0	8840.7	14093.8	0	3.04974e+06	320.961	350.15	0	19800	925.205	881.124	0.82037
19980	6.10687e+07	978.463	5824	1337	181	106	0	978.463	46.1845	101.675	0	8476.83	14339.7	0	1.70073e+06	339.014	276.996	0	19980	939.969	879.54	0.818895
20160	3.05325e+06	505.66	526	0	181	106	0	505.66	47	31	0	8374	14457	0	430311	256.308	318.548	0	20160	911.363	877.958	0.817422
20340	1.677e+08	2308.94	14737	1795	180	108	0	2308.94	46.0001	111.19	0	8590.22	14270.6	0	3.00686e+06	300.508	292.402	0	20340	946.299	876.379	0.815952
20520	2.17284e+08	3012.96	19751	2676	180	108	0	3012.96	46.9999	110.709	0	8650.16	14305.9	0	4.00416e+06	352.989	326.665	0	20520	933.47	874.803	0.814484
20700	1.83761e+08	2045.49	14692	1301	183	108	0	2045.49	46.0001	127.669	0	8590.94	14562.4	0	4.60851e+06	302.016	340.121	0	20700	933.788	873.23	0.81302
20880	1.16897e+08	1574.45	10041	1802	186	104	0	1574.45	47	112.703	0	8301.76	14727	0	2.81834e+06	328.942	277.395	0	20880	938.948	871.659	0.811558
21060	9.50948e+07	2032.09	10129	2181	182	109	0	2032.09	47	86.8534	0	8701.49	14421	0	1.9447e+06	327.151	281.644	0	21060	944.697	870.092	0.810098
21240	3.09397e+07	653.133	1625	101	182	109	0	653.133	47	87.4156	0	8641.51	14378	0	1.9932e+06	279.822	269.504	0	21240	930.826	868.527	0.808641
21420	7.44178e+07	1444.42	7926	1500	176	115	0	1444.42	47	91.4244	0	9148.71	13987.8	0	1.63617e+06	286.55	328.266	0	21420	973.142	866.965	0.807187
21600	4.59502e+07	426.256	1787	197	176	115	0	426.256	46	146.448	0	9085	14062	0	2.2543e+06	259.446	418.032	0	21600	956.317	865.406	0.805735
21780	2.44845e+07	196.24	765	51	176	115	0	196.24	46	166.87	0	9106.13	14062	0	1.5839e+06	272.909	451.998	0	21780	984.264	863.85	0.804286
21960	6.48526e+07	968.199	6081	849	172	118	0	968.199	47	105.926	0	9410.67	13696.4	0	1.69412e+06	317.761	349.353	0	21960	952.24	862.296	0.80284
22140	2.84132e+06	470.561	799	137	172	118	0	470.561	47	31	0	9323.33	13746	0	343175	335.722	366.337	0	22140	978.468	860.745	0.801396
22320	7.5006e+06	1242.2	1152	47	172	118	0	1242.2	46	31	0	9323.24	13686.4	0	436409	249.677	279.973	0	22320	969.965	859.197	0.799955
22500	1.52112e+06	251.918	576	0	172	118	0	251.918	47	31	0	9480	13746	0	433864	336.623	353.349	0	22500	981.875	857.652	0.798516
22680	3.43868e+06	569.493	779	0	172	118	0	569.493	47	31	0	9395.78	13588	0	890889	320.62	326.621	0	22680	957.013	856.11	0.79708
22860	2.85903e+06	473.494	682	49	172	118	0	473.494	47	31	0	9322	13605.8	0	345797	294.403	308.754	0	22860	937.218	854.57	0.795647
23040	1.46334e+06	242.349	561	0	172	118	0	242.349	46	31	0	9386.23	13588	0	295604	247.507	337.442	0	23040	962.034	853.033	0.794216
23220	8.65753e+06	84.5354	877	289	172	118	0	84.5354	47	140.576	0	9376.55	13588	0	417552	315.046	293.026	0	23220	976.538	851.499	0.792788
23400	5.60373e+07	1134.99	6833	913	179	133	0	1134.99	46	89.359	0	10596.6	14235.4	0	758268	333.102	327.621	0	23400	973.259	849.968	0.791362
23580	7.07859e+07	1571.36	7843	1249	181	134	0	1571.36	46	85.1302	0	10688	14412.7	0	1.70511e+06	338.744	344.967	0	23580	976.872	848.44	0.789939
23760	2.8116e+06	465.638	709	123	181	134	0	465.638	47	31.0001	0	10586	14300.6	0	1.14118e+06	419.673	313.568	0	23760	978.833	846.914	0.788518
23940	3.44089e+07	531.903	2314	487	181	134	0	531.903	46	103.794	0	10744	14457	0	943316	399.087	382.651	0	23940	971.434	845.391	0.7871
24120	1.19055e+08	1447.56	9995	1670	183	141	0	1447.56	47	120.279	0	11196.4	14566.4	0	2.42126e+06	300.269	350.375	0	24120	975.899	843.87	0.785684
24300	2.75454e+08	3601.67	22257	3855	189	140	0	3601.67	46	114.802	0	11158.5	15055.5	0	4.54633e+06	341.642	354.56	0	24300	971.417	842.353	0.784272
24480	2.57751e+08	2468.41	17568	2574	188	144	0	2468.41	46.0001	142.736	0	11429.6	14907.8	0	1.00592e+07	299.769	290.948	0	24480	992.575	840.838	0.782861
24660	2.3827e+08	2448.83	17541	1724	186	145	0	2448.83	46	135.207	0	11513.8	14778.9	0	6.37899e+06	295.577	323.297	0	24660	994.654	839.326	0.781453
24840	8.97968e+07	845.607	6597	885	185	145	0	845.607	46	144.67	0	11517.3	14707.5	0	2.27429e+06	298.032	325.837	0	24840	1011.3	837.816	0.780048
25020	6.39818e+07	775.869	5200	591	188	148	0	775.869	47	120.489	0	11789.8	14929.2	0	2.60983e+06	325.02	316.779	0	25020	1029.63	836.31	0.778645
25200	9.02316e+07	1196.39	8519	652	190	146	0	1196.39	47	113.804	0	11608.1	15096.6	0	3.27573e+06	312.075	325.572	0	25200	1028.85	834.806	0.777245
25380	1.09037e+08	1031.39	7870	1176	188	148	0	1031.39	46	144.151	0	11721.3	14967.6	0	4.22791e+06	278.428	341.332	0	25380	1003.07	833.304	0.775847
25560	1.10823e+08	1769.89	11047	1986	187	146	0	1769.89	47	101.864	0	11605.7	14870.3	0	2.10324e+06	318.999	340.463	0	25560	1022.94	831.806	0.774452
25740	2.62601e+07	210.303	1541	0	187	146	0	210.303	47	167	0	11534	14780.4	0	1.11911e+06	264.342	284.437	0	25740	1027.9	830.31	0.773059
25920	8.545e+06	144.737	1061	37	187	146	0	144.737	47	98.5252	0	11680.2	14901	0	604176	326.839	291.893	0	25920	1036.24	828.817	0.771669
26100	1.39849e+07	111.998	996	0	187	146	0	111.998	47	167	0	11692	14931	0	576088	371.652	338.533	0	26100	1029.08	827.326	0.770281
26280	6.57272e+07	767.6	5685	727	176	146	0	767.6	47	123.541	0	11642.2	13975	0	1.56002e+06	330.702	293.481	0	26280	1032.67	825.838	0.768896
26460	2.32324e+08	2636.28	17939	2814	180	148	0	2636.28	47	125.981	0	11769.8	14289	0	2.67647e+06	313.135	305.883	0	26460	1029.75	824.353	0.767513
26640	2.20795e+08	3325.58	21282	2781	176	148	0	3325.58	47	105.377	0	11758.4	13999.6	0	4.07958e+06	303.746	340.639	0	26640	1054.5	822.87	0.766133
26820	2.86166e+08	2590.26	19663	2312	177	149	0	2590.26	46.9999	149.462	0	11840	14078.5	0	6.83761e+06	301.972	322.864	0	26820	1043.88	821.391	0.764755
27000	1.4718e+08	1582.41	10708	1658	180	151	0	1582.41	47	130.836	0	12054.9	14288	0	3.77244e+06	362.05	317.526	0	27000	1051.72	819.913	0.763379
27180	1.0394e+08	1464.7	8838	2033	179	150	0	1464.7	47	109.633	0	11946.5	14199.5	0	2.70096e+06	342.856	309.878	0	27180	1064.63	818.439	0.762007
27360	8.95866e+07	1168.86	7578	1426	177	149	0	1168.86	46.9998	114.957	0	11844.2	14057.2	0	2.06355e+06	309.237	321.972	0	27360	1081.69	816.967	0.760636
27540	1.14484e+08	1569.31	10726	938	173	147	0	1569.31	47	111.491	0	11700.7	13726.1	0	2.53756e+06	317.69	302.912	0	27540	1071.3	815.498	0.759268
27720	1.41739e+08	1906.13	13029	1977	172	150	0	1906.13	46.4604	112.809	0	11923.7	13694.4	0	3.94371e+06	314.952	356.14	0	27720	1103.18	814.031	0.757903
27900	1.73614e+08	1833.98	12594	2041	174	149	0	1833.98	46	132.51	0	11826.1	13769.1	0	4.42729e+06	305.693	265.93	0	27900	1068.39	812.567	0.75654
28080	1.52032e+08	1952.25	13148	2288	174	150	0	1952.25	47	116.12	0	11914.4	13859.8	0	4.17631e+06	306.599	355.501	0	28080	1072.08	811.106	0.755179
28260	2.21797e+08	2259.91	16362	2392	176	147	0	2259.91	47	136.082	0	11683.3	13984.6	0	5.48932e+06	304.899	311.87	0	28260	1091.23	809.647	0.753821
28440	2.70054e+08	2773.25	20403	1822	178	145	0	2773.25	46.9999	135.289	0	11513.5	14142.5	0	7.41016e+06	299.352	324.009	0	28440	1099.1	808.191	0.752466
28620	6.82776e+08	70921.8	126687	35919	186	124	0	70921.8	47	39.1435	0	9863.13	14807.1	0	1.47906e+09	274.463	291.889	0	28620	1100.04	806.738	0.751112
28800	1.65359e+08	2900.87	16835	2551	176	151	0	2900.87	47	96.6179	0	11984.1	13952.5	0	5.83239e+06	286.617	284.753	0	28800	1094.45	805.287	0.749762
