MS2-QUANT	v0j
Region DEFINITION, 05-Apr-2021
COMMENT	Outline definition performed in MS2-QUANT (Main program)
FILE	MAX_20201217_RI516_C12MS2128TkTat_001_visit_19.tif
PATH	/Volumes/EBL/20201217/
PARAMETERS
Pix-XY	Pix-Z	RI	Ex	Em	NA	dT	Type
79	600	1.458	488	521	1.4	180	widefield
ANALYSIS-SETTINGS	
IMAGING-BACKGROUND	150
LIMIT-FIT-SIGMA-XY-MIN	-28
LIMIT-FIT-SIGMA-XY-MAX	134
LIMIT-FIT-SIGMA-Z-MIN	0
LIMIT-FIT-SIGMA-Z-MAX	0
LIMIT-FIT-BGD-MIN	46
LIMIT-FIT-BGD-MAX	47
DETECTION-THRESHOLD	500
REGION	TxSite
X_POS	180	179	179	178	178	177	177	176	175	175	174	173	173	172	172	172	171	171	170	170	170	169	169	169	168	168	168	167	167	166	166	165	165	165	164	164	164	163	163	163	162	162	162	161	161	161	160	160	160	160	159	159	159	158	158	158	157	157	157	157	156	156	156	156	155	155	155	154	154	153	153	152	152	151	151	150	150	149	149	148	147	147	146	146	145	145	145	145	144	144	144	144	143	143	143	143	142	142	141	141	141	140	140	140	139	139	139	139	138	138	138	137	137	137	136	136	135	135	134	134	133	132	132	131	131	131	130	129	128	126	124	121	120	119	119	118	118	118	117	117	117	117	117	117	117	116	116	116	116	116	116	115	115	115	115	114	114	113	113	113	113	112	112	112	112	112	111	111	111	111	111	111	111	111	111	111	111	111	111	111	111	111	111	111	112	112	112	112	112	112	112	112	113	113	113	113	113	114	114	114	114	114	114	114	114	114	115	115	115	115	115	115	116	116	116	116	116	116	116	116	117	117	117	117	117	117	118	118	118	118	118	118	119	119	119	119	120	120	120	120	121	121	121	121	122	122	122	122	123	123	123	124	124	125	125	125	126	126	127	127	127	128	128	128	129	129	130	130	130	130	131	131	132	132	133	133	134	134	135	135	136	137	137	137	138	138	139	139	140	140	140	141	141	142	143	143	144	144	145	145	146	146	147	147	148	148	149	150	151	152	152	153	153	154	154	155	155	156	156	157	157	158	158	159	160	160	161	162	162	163	163	164	165	165	166	166	167	168	168	169	170	170	171	171	172	172	173	173	174	174	175	175	176	177	178	178	179	179	180	180	180	181	181	182	182	183	183	184	184	185	185	186	186	187	187	187	188	188	188	189	189	190	190	190	191	191	191	191	192	192	192	193	193	193	193	194	194	194	195	195	196	196	196	196	197	197	197	197	198	198	198	198	199	199	199	200	200	200	200	201	201	201	201	202	202	202	202	203	203	203	204	204	204	204	204	205	205	205	205	206	206	206	206	206	207	207	207	208	208	208	209	209	209	209	210	210	210	211	211	211	212	212	212	212	213	213	214	214	214	215	215	215	216	216	216	217	217	218	218	218	218	219	219	219	219	220	220	220	220	221	221	221	221	222	222	222	222	223	223	224	224	224	224	225	225	225	226	226	226	227	227	227	228	228	228	228	229	229	230	230	231	231	232	232	233	233	234	234	234	235	236	236	237	237	238	238	239	239	240	240	240	241	241	241	241	241	242	242	242	242	242	242	243	243	243	243	243	243	243	243	243	243	243	243	243	243	243	243	243	243	242	242	242	242	242	242	242	242	242	241	241	241	241	241	241	240	240	240	240	240	239	239	239	239	239	238	238	238	238	237	237	237	236	236	236	235	235	234	234	233	232	232	231	231	230	230	230	230	229	229	229	229	228	228	228	227	227	227	227	226	226	226	225	225	225	225	224	224	224	223	223	223	223	222	222	222	221	221	221	221	220	220	220	220	219	219	219	218	218	218	218	217	217	217	216	216	216	216	216	215	215	215	215	215	214	214	214	214	213	213	213	213	213	212	212	212	212	212	211	211	211	211	211	211	210	210	210	210	210	210	210	210	209	209	209	209	209	209	209	209	209	209	209	209	209	209	210	210	210	210	210	210	210	210	210	210	210	210	210	210	210	210	210	209	209	209	209	209	208	208	208	208	208	208	207	207	207	206	206	206	206	205	205	205	204	204	204	204	204	204	203	203	203	203	203	202	202	202	202	202	202	202	202	202	201	201	201	201	201	200	200	200	200	199	199	199	198	198	198	198	198	197	197	197	197	197	196	196	196	195	195	195	195	194	194	194	193	193	193	192	192	192	192	191	191	191	190	190	190	190	189	189	189	188	188	188	187	187	187	186	END
Y_POS	318	318	318	318	318	318	318	318	318	318	318	317	317	317	317	317	317	317	316	316	316	316	316	315	315	315	314	314	314	314	313	313	313	313	313	312	312	312	312	311	311	311	311	311	311	310	310	310	310	309	309	309	309	309	308	308	308	307	307	307	307	306	306	306	306	306	305	305	305	305	305	305	305	305	305	305	305	305	305	305	305	305	305	305	305	306	306	306	306	307	307	307	307	308	308	308	309	309	309	309	309	309	310	310	310	310	310	311	311	311	311	311	311	312	312	312	312	312	312	313	313	313	313	313	313	313	313	314	314	314	314	314	315	315	315	315	316	317	317	318	318	318	319	319	320	320	320	321	321	321	322	322	322	323	323	324	324	324	325	325	325	326	326	327	327	327	328	328	329	329	330	331	331	332	332	333	334	334	335	335	336	336	337	337	338	338	339	339	339	340	340	341	341	341	342	342	343	344	344	345	345	345	346	346	347	347	347	348	348	349	349	350	350	351	351	352	352	352	353	353	353	354	354	354	355	355	355	356	356	356	357	357	358	358	358	359	359	360	360	360	360	361	361	361	361	362	362	362	362	363	363	364	364	364	364	365	365	365	365	366	366	366	366	366	366	367	367	367	367	368	368	368	368	369	369	369	370	370	370	370	371	371	371	371	371	372	372	372	372	373	373	373	373	373	374	374	374	374	374	374	374	374	374	375	375	375	375	375	375	376	376	376	376	376	376	376	376	376	376	376	376	376	376	376	376	376	377	377	377	377	377	377	377	377	377	377	377	377	377	377	377	377	377	377	377	377	378	378	378	378	378	378	378	378	378	379	379	379	379	379	379	379	379	380	380	380	380	380	380	380	380	380	381	381	381	381	381	381	382	382	382	382	382	383	383	383	383	384	384	384	384	384	384	385	385	385	385	386	386	387	387	387	388	388	388	389	389	389	390	390	390	391	391	392	392	393	393	394	394	395	395	395	396	396	396	397	397	397	398	398	398	399	399	399	400	400	400	400	401	401	402	402	402	403	403	403	404	404	404	405	405	405	405	406	406	406	407	407	407	408	408	408	409	409	409	409	410	410	410	410	411	411	411	411	412	412	412	413	413	413	414	414	414	415	415	415	415	415	416	416	416	417	417	417	417	417	418	418	418	418	419	419	419	419	420	420	420	420	420	421	421	421	421	422	422	422	422	423	423	423	424	424	424	424	424	424	425	425	425	425	425	425	425	425	425	425	425	425	425	425	424	424	424	424	423	423	423	422	422	422	421	421	421	420	420	420	419	419	418	418	417	417	416	416	415	415	414	414	414	413	413	413	412	412	411	411	411	410	410	410	409	409	408	408	408	408	407	407	406	406	406	405	405	405	404	404	404	404	403	403	403	402	402	402	401	401	400	400	399	399	397	397	396	396	395	395	395	394	394	394	394	393	393	392	392	392	391	391	391	390	390	389	389	389	389	388	388	388	387	387	387	387	386	386	386	386	385	385	385	384	384	384	384	383	383	383	382	382	381	381	381	380	380	380	380	379	379	379	378	378	378	378	377	377	377	376	376	376	376	375	375	375	374	374	374	373	373	372	372	372	372	371	371	370	370	370	369	369	369	368	368	367	367	367	366	366	365	365	364	364	364	363	363	362	362	361	361	360	360	359	359	358	358	357	357	356	356	355	355	354	354	353	353	353	352	352	352	351	351	351	350	350	350	349	349	349	348	348	347	347	346	346	346	345	345	344	344	344	343	343	342	342	341	341	340	340	340	339	339	338	338	338	337	337	336	336	336	335	335	334	334	333	333	332	332	331	331	330	330	330	329	329	329	329	328	328	328	327	327	327	326	326	326	326	325	325	325	325	324	324	324	324	323	323	323	322	322	322	322	321	321	321	321	321	320	320	320	320	320	320	END
QUANTIFICATION
Time[s]	Q_Integrate	Q_AMP	Q_Sum_pix	Q_MIP_int	Pix_Y	Pix_X	Pix_Z	AMP	BGD	SigmaXY	SigmaZ	MuY	MuX	MuZ	RES	Cent_Y	Cent_X	Cent_Z	OPB_time	OPB_INT	OPB_FIT	OPB_FIT_norm
0	162212	420.729	300	0	318	149	0	420.729	47	7.83339	0	11923	25197	0	421863	321.394	378.177	0	0	603.618	647.6	1
180	236637	396.065	119	9	318	149	0	396.065	46.0003	-9.75143	0	11929	25280	0	253950	332.183	355.145	0	180	604.713	644.652	0.995448
360	1.28467e+06	779.97	365	0	318	149	0	779.97	46	16.1908	0	11771	25196.6	0	247691	303.775	354.193	0	360	618.484	641.742	0.990954
540	1.63899e+06	230.925	857	47	318	149	0	230.925	47	33.6095	0	11929	25198.8	0	514040	357.894	309.447	0	540	622.513	638.867	0.986516
720	4.46526	161.989	144	0	318	149	0	161.989	47	0.0662356	0	11902.5	25261.5	0	493272	225.139	354.245	0	720	635.469	636.029	0.982132
900	2.40701e+06	85.3891	616	129	318	149	0	85.3891	46	67.0075	0	11858.6	25122	0	251801	313.919	322.686	0	900	622.904	633.225	0.977803
1080	829919	357.989	517	56	318	149	0	357.989	46	19.2085	0	11922.7	25122.1	0	117347	376.528	280.779	0	1080	625.271	630.456	0.973527
1260	3.82339	30.4855	90	0	318	149	0	30.4855	46.0001	0.141282	0	11771.3	25134	0	175343	278.759	347.421	0	1260	626.813	627.721	0.969304
1440	1.03704e+06	451.988	457	0	318	149	0	451.988	46	19.1093	0	11850	25122	0	140216	323.578	318.585	0	1440	619.258	625.019	0.965132
1620	5.312e-05	35.2794	116	0	318	149	0	35.2794	46	0.000489529	0	11860.8	25122.4	0	179469	397.603	271.268	0	1620	614.68	622.35	0.96101
1800	1.12551e+06	541.985	362	19	318	149	0	541.985	46	18.1799	0	11771.8	25249.1	0	130168	227.192	322.767	0	1800	594.386	619.713	0.956939
1980	15.3517	42.9391	89	0	318	149	0	42.9391	46	0.238541	0	11801.9	25143.8	0	126555	265.682	285.018	0	1980	599.444	617.108	0.952916
2160	1.04016e+06	491.953	325	78	318	149	0	491.953	46	18.3442	0	11771	25279.9	0	127604	281.424	271.897	0	2160	596.318	614.534	0.948941
2340	1.03626e+06	825.995	346	78	318	149	0	825.995	46	14.1304	0	11929	25122	0	316057	333.263	319.965	0	2340	600.02	611.991	0.945014
2520	1.00054e+06	700	496	0	318	149	0	700	46	15.0827	0	11771	25226.1	0	282569	244.907	357.003	0	2520	601.062	609.477	0.941133
2700	0.00799583	44.4203	28	0	318	149	0	44.4203	46	0.00535243	0	11929	25124.7	0	175878	379.877	311.429	0	2700	604.978	606.994	0.937297
2880	229.245	43.645	279	51	318	149	0	43.645	46	-0.914308	0	11850.6	25279.9	0	183483	328.631	375.672	0	2880	611.253	604.539	0.933507
3060	1.11152e+06	378	513	33	318	149	0	378	46	21.6333	0	11906.6	25122	0	133228	304.459	289.949	0	3060	613.649	602.113	0.929761
3240	1.99513e+06	564	575	0	318	149	0	564	46	23.7277	0	11929	25181.1	0	167472	338.244	297.599	0	3240	615.005	599.715	0.926058
3420	4.03366e+06	161.561	733	148	318	149	0	161.561	46	63.0471	0	11771	25122	0	294449	260.555	292.132	0	3420	597.982	597.345	0.922398
3600	1.58114e+06	537.989	594	162	318	149	0	537.989	46	21.6276	0	11808.5	25192.9	0	135203	348.592	333.536	0	3600	602.049	595.002	0.91878
3780	1.63141e+06	753.998	628	3	318	149	0	753.998	47	18.5569	0	11771.5	25223.9	0	418722	307.815	265.348	0	3780	598.568	592.685	0.915203
3960	2.30418e+06	516	684	106	318	149	0	516	47	26.659	0	11905.1	25140	0	239910	316.026	262.145	0	3960	582.898	590.395	0.911667
4140	1.47908e+06	486	448	21	318	149	0	486	46	22.0084	0	11929	25139.2	0	195772	281.983	285.092	0	4140	577.731	588.131	0.908171
4320	6.63538e+06	69.0283	214	129	318	149	0	69.0283	46	134	0	11929	25280	0	379790	371.555	349.252	0	4320	595.96	585.892	0.904713
4500	3.2155e+06	1028	805	55	318	149	0	1028	46	22.312	0	11771	25280	0	230129	324.599	321.354	0	4500	595.033	583.678	0.901295
4680	2.21411e+06	168.151	427	0	318	149	0	168.151	46.0143	45.7784	0	11771	25191.1	0	275407	310.485	324.485	0	4680	592.771	581.489	0.897914
4860	8.53833e+07	1567.17	8654	1749	318	149	0	1567.17	47	94.2415	0	11874.6	25217.4	0	2.25486e+06	324.066	322.788	0	4860	602.463	579.324	0.894571
5040	8.41179e+07	995.727	7280	1075	313	150	0	995.727	46	122.429	0	11946.3	24820.1	0	1.26011e+06	344.299	330.462	0	5040	584.982	577.183	0.891264
5220	5.49365e+07	917.211	5609	982	318	151	0	917.211	47	99.3266	0	12020.6	25223.9	0	1.12628e+06	330.608	318.692	0	5220	585.214	575.065	0.887994
5400	1.17955e+08	1527.56	10274	1378	322	148	0	1527.56	46	115.498	0	11800.2	25520.6	0	2.67646e+06	350.977	321.875	0	5400	595.122	572.97	0.884759
5580	1.24078e+06	467.999	504	0	322	148	0	467.999	46	20.5417	0	11692	25510.8	0	97776.8	325.725	326.601	0	5580	587.815	570.897	0.881559
5760	1.21276e+06	414	594	0	322	148	0	414	46	21.5922	0	11824.2	25596	0	209601	312.995	330.291	0	5760	576.8	568.847	0.878393
5940	7.65884e+07	1163.15	7064	1503	327	138	0	1163.15	46	104.868	0	11000.4	25937.8	0	2.21205e+06	341.884	339.615	0	5940	580.236	566.819	0.875261
6120	7.40841e+07	797.181	5791	452	325	137	0	797.181	47	130.758	0	10939.1	25776.7	0	1.48148e+06	346.46	330.671	0	6120	584.832	564.812	0.872162
6300	3.31185e+07	344.534	1611	55	325	137	0	344.534	47	134	0	10823	25833	0	1.67976e+06	256.405	382.974	0	6300	571.654	562.826	0.869096
6480	1.29237e+06	199.583	426	67	325	137	0	199.583	47	32.1028	0	10824	25833	0	306001	281.904	337.138	0	6480	570.344	560.861	0.866061
6660	7.32255e+07	1083.75	6966	1196	328	126	0	1083.75	47	106.47	0	10069.9	25991	0	1.53376e+06	338.646	305.823	0	6660	559.948	558.917	0.863059
6840	3.22605e+06	134.103	612	45	328	126	0	134.103	46	61.8845	0	10016.1	25912	0	210524	333.67	323.602	0	6840	559.892	556.992	0.860087
7020	5.15386e+06	263.163	938	217	328	126	0	263.163	47	55.8307	0	10071.7	25928.8	0	344524	310.86	273.882	0	7020	560.343	555.088	0.857146
7200	3.00083e+06	1014	757	0	328	126	0	1014	46	21.7026	0	9992.16	25912	0	346465	266.283	245.201	0	7200	570.745	553.202	0.854235
7380	4.56907e+06	47.5323	548	63	328	126	0	47.5323	46.6761	134	0	9954	25972.4	0	286451	281.706	280.049	0	7380	556.054	551.336	0.851353
7560	867101	595.976	391	0	328	126	0	595.976	47	15.217	0	10024.7	25912	0	228240	279.157	283.9	0	7560	564.698	549.489	0.848501
7740	1.61742e+08	2081.69	13497	2065	339	134	0	2081.69	47	115.951	0	10651.7	26834.8	0	2.69831e+06	303.627	295.907	0	7740	595.959	547.66	0.845677
7920	2.06872e+08	2262.67	15852	1862	347	136	0	2262.67	47	129.251	0	10785.8	27488.9	0	3.15757e+06	285.959	315.852	0	7920	576.149	545.85	0.842881
8100	2.3575e+08	2452.52	16665	2096	350	136	0	2452.52	47	134	0	10823.2	27697.8	0	4.87509e+06	312.618	296.844	0	8100	574.729	544.057	0.840113
8280	1.23553e+08	1348.41	9423	1117	352	129	0	1348.41	47	129.451	0	10296.9	27910.9	0	2.69976e+06	328.11	326.989	0	8280	565.595	542.282	0.837372
8460	6.80204e+07	1088.85	6964	697	350	138	0	1088.85	47	101.728	0	10969	27705.3	0	1.83283e+06	307.181	305.878	0	8460	573.401	540.525	0.834658
8640	6.6022e+07	961.664	5692	1277	352	142	0	961.664	46	107.481	0	11255.7	27849.9	0	1.50523e+06	287.017	284.271	0	8640	564.068	538.784	0.83197
8820	6.69931e+07	1154.71	6617	1165	355	136	0	1154.71	47	97.5694	0	10809.2	28165.2	0	1.72373e+06	310.305	363.583	0	8820	553.235	537.06	0.829308
9000	6.89034e+07	1278	7654	1254	362	142	0	1278	46.9999	93.704	0	11312.1	28692.1	0	2.24064e+06	325.557	333.967	0	9000	561.086	535.353	0.826672
9180	3.90725e+07	669.129	3525	794	362	142	0	669.129	47	97.9216	0	11315.2	28598	0	1.30336e+06	322.701	224.181	0	9180	557.248	533.661	0.82406
9360	907599	33.0171	291	44	362	142	0	33.0171	46	66.1661	0	11376	28696.2	0	247310	393.652	281.395	0	9360	546.99	531.986	0.821474
9540	5.56262e+07	807.922	5191	1004	367	154	0	807.922	47	107.664	0	12211.7	29086.3	0	2.08412e+06	293.873	332.054	0	9540	554.847	530.327	0.818911
9720	2.15748e+07	224.444	624	0	367	154	0	224.444	47	134	0	12166	28993	0	1.06744e+06	248.117	228.134	0	9720	548.441	528.683	0.816373
9900	2.20029e+06	776	593	0	367	154	0	776	47	21.2431	0	12245.3	29151	0	510299	322.767	297.002	0	9900	557.245	527.054	0.813857
10080	1.85874e+06	610	913	202	367	154	0	610	47	22.0219	0	12168	29128.2	0	339236	276.727	212.771	0	10080	563.385	525.44	0.811365
10260	6.00312e+07	847.575	5436	828	361	146	0	847.575	47	109.506	0	11596.6	28581.8	0	1.92688e+06	304.269	311.599	0	10260	542.389	523.841	0.808896
10440	1.84582e+07	425.832	1371	54	361	146	0	425.832	47	83.4346	0	11534	28676.4	0	878937	279.506	359.039	0	10440	534.603	522.256	0.806449
10620	841608	573.352	494	64	361	146	0	573.352	47	15.2846	0	11612.8	28540.8	0	299927	238.845	282.644	0	10620	546.411	520.686	0.804024
10800	1.27076e+06	39.0413	84	84	361	146	0	39.0413	46.0002	72.0469	0	11620	28519	0	346428	326.499	277.266	0	10800	533.783	519.13	0.801621
10980	3.39466e+06	698	1061	349	361	146	0	698	47	27.8215	0	11615.5	28628.7	0	277176	319.236	368.849	0	10980	526.954	517.587	0.799239
11160	898060	274.899	366	0	361	146	0	274.899	46	22.8022	0	11692	28677	0	271963	311.562	340.243	0	11160	541.561	516.058	0.796878
11340	4.24495e+06	44.1605	461	0	361	146	0	44.1605	47	134	0	11671.5	28519	0	374846	335.75	278.162	0	11340	544.44	514.542	0.794537
11520	8.41296e+07	1076.58	7055	934	357	167	0	1076.58	47	116.375	0	13288.7	28302	0	1.71931e+06	314.233	325.244	0	11520	530.806	513.04	0.792217
11700	9.91156e+07	1076.87	7284	1273	355	169	0	1076.87	47	129.863	0	13387.5	28140.6	0	1.95798e+06	285.095	329.044	0	11700	534.684	511.55	0.789917
11880	1.5894e+06	371.929	520	107	355	169	0	371.929	47	26.0794	0	13351	28061	0	411796	321.813	282.09	0	11880	531.911	510.074	0.787637
12060	104494	108.661	103	39	355	169	0	108.661	47	-12.3714	0	13351.1	28124.3	0	205608	269.72	283.914	0	12060	523.119	508.609	0.785376
12240	7.1667e+06	74.5557	438	0	355	169	0	74.5557	47	134	0	13351	28133.4	0	791782	248.47	293.538	0	12240	537.465	507.157	0.783134
12420	1.24754e+06	778.066	339	248	355	169	0	778.066	47	15.9745	0	13430	28124	0	516466	311.098	291.045	0	12420	536.446	505.718	0.780911
12600	7.59895e+07	1060.48	7027	580	351	164	0	1060.48	46.9999	110.279	0	13057.5	27832.5	0	1.31392e+06	339.485	336.625	0	12600	546.175	504.29	0.778706
12780	1.42025e+08	1939.54	12312	2369	351	168	0	1939.54	47	111.747	0	13375.5	27824.6	0	2.21512e+06	340.972	334.245	0	12780	541.857	502.874	0.776519
12960	7.53796e+07	927.692	6400	1117	355	172	0	927.692	47	119.331	0	13706.8	28103.9	0	1.45964e+06	349.8	300.687	0	12960	543.193	501.469	0.77435
13140	6.85437e+07	894.239	6306	1146	359	174	0	894.239	47	114.963	0	13844.5	28439	0	2.18067e+06	335.87	331.241	0	13140	534.67	500.076	0.772199
13320	1.15798e+08	1693.4	10155	1207	361	171	0	1693.4	47	107.228	0	13625.2	28643.8	0	2.88423e+06	347.088	354.871	0	13320	541.167	498.694	0.770066
13500	1.05938e+08	1415	9390	1258	363	181	0	1415	47	113.286	0	14382.7	28728.3	0	1.37329e+06	333.656	294.674	0	13500	532.341	497.324	0.767949
13680	5.87251e+07	1197.86	6466	1314	369	179	0	1197.86	47	89.0234	0	14202.8	29196.3	0	1.29795e+06	313.341	296.71	0	13680	523.574	495.964	0.765849
13860	5.76792e+07	821.153	5479	590	372	193	0	821.153	46.9999	108.96	0	15299.5	29473	0	1.4828e+06	280.875	314.344	0	13860	534.181	494.614	0.763765
14040	2.13393e+06	850	429	8	372	193	0	850	46	19.989	0	15247.2	29467.4	0	328141	355.434	253.768	0	14040	513.073	493.276	0.761698
14220	7.34045e+06	92.2635	879	0	372	193	0	92.2635	46	117.716	0	15405	29452.8	0	488370	373.086	289.291	0	14220	511.652	491.947	0.759647
14400	1.4955e+07	169.042	507	245	372	193	0	169.042	46.0003	126.319	0	15405	29546	0	684076	356.206	348.586	0	14400	498.381	490.629	0.757612
14580	8.80596e+06	270.915	1037	0	372	193	0	270.915	47	71.9971	0	15405	29544.7	0	518725	333.202	362.981	0	14580	485.453	489.321	0.755592
14760	6.14931e+06	224.391	572	0	372	193	0	224.391	47	66.0642	0	15351.1	29546	0	999585	316.464	312.841	0	14760	491.468	488.023	0.753587
14940	1.16887e+06	657.367	516	106	372	193	0	657.367	47	16.8224	0	15321.4	29514.3	0	420523	287.558	307.029	0	14940	473.294	486.735	0.751598
15120	1.18762e+07	123.549	880	155	372	193	0	123.549	47	134	0	15405	29388	0	712320	326.568	297.577	0	15120	476.707	485.456	0.749623
15300	1.58242e+06	877.73	923	0	372	193	0	877.73	47	16.9391	0	15250	29431.2	0	475357	289.006	273.99	0	15300	462.935	484.187	0.747663
15480	104.496	22.9313	355	0	372	193	0	22.9313	47	0.851619	0	15339.2	29424.8	0	419365	316.845	334.019	0	15480	458.516	482.927	0.745718
15660	0.823011	51.0401	40	40	372	193	0	51.0401	46	0.0506591	0	15390	29520.6	0	299975	379.785	372.577	0	15660	459.27	481.676	0.743786
15840	1.50282e+06	555.995	278	0	372	193	0	555.995	46	20.7409	0	15325.7	29546	0	187416	327.375	308.777	0	15840	435.376	480.434	0.741869
16020	394913	391.415	165	0	372	193	0	391.415	46	12.6719	0	15402.1	29467.1	0	171385	324.101	330.694	0	16020	436.366	479.201	0.739965
16200	2.04151e+06	947.997	589	147	372	193	0	947.997	47	18.5132	0	15405	29545.8	0	447900	337.736	348.211	0	16200	428.673	477.977	0.738075
16380	714556	515.999	224	17	372	193	0	515.999	46	14.8458	0	15286	29546	0	121047	259.637	340.63	0	16380	431.504	476.762	0.736198
16560	1.48599e+06	15.4588	92	0	372	193	0	15.4588	46	134	0	15405	29388	0	333561	343.584	254.972	0	16560	418.249	475.555	0.734334
16740	3.21185e+06	223.854	553	0	372	193	0	223.854	46	47.7866	0	15247	29546	0	145903	279.493	386.085	0	16740	410.479	474.356	0.732483
16920	1.69893e+06	606	503	0	372	193	0	606	46	21.1233	0	15248.4	29389.6	0	129993	292.683	318.71	0	16920	411.385	473.166	0.730645
17100	1.69614e+06	592	698	0	372	193	0	592	46	21.3541	0	15323.5	29388	0	156726	299.9	333.514	0	17100	398.843	471.983	0.72882
17280	2.05669	58.6505	72	0	372	193	0	58.6505	46	0.0747065	0	15400.7	29435.6	0	213431	372.534	396.618	0	17280	390.378	470.809	0.727006
17460	2.81321e+06	74.9671	559	56	372	193	0	74.9671	46	77.4531	0	15405	29483.6	0	227517	387.747	340.495	0	17460	396.545	469.643	0.725205
17640	1.35401e+06	123.461	393	0	372	193	0	123.461	46	41.7788	0	15247	29461	0	168507	314.619	324.581	0	17640	387.402	468.484	0.723416
17820	744179	560	516	0	372	193	0	560	46	14.543	0	15279.6	29388	0	213653	270.364	279.345	0	17820	396.048	467.333	0.721639
18000	1.47394e+06	313.232	350	0	372	193	0	313.232	46	27.3663	0	15247	29394.7	0	219979	293.583	339.542	0	18000	388.332	466.19	0.719873
18180	13.6752	31.9068	99	0	372	193	0	31.9068	46	0.261177	0	15253.3	29486.3	0	163136	276.365	305.688	0	18180	393.552	465.054	0.718119
18360	0.159172	41.5332	59	0	372	193	0	41.5332	46.0001	-0.0246971	0	15351.4	29454.8	0	203289	314.184	311.104	0	18360	393.774	463.925	0.716377
18540	1.53118e+06	394	524	197	372	193	0	394	46	24.87	0	15295.3	29468.8	0	80666.6	321.053	293.148	0	18540	389.805	462.804	0.714645
18720	823217	641.997	291	0	372	193	0	641.997	46	14.2857	0	15276.1	29388	0	212843	331.184	298.836	0	18720	392.356	461.69	0.712924
18900	725492	545.992	271	0	372	193	0	545.992	46	-14.5423	0	15405	29546	0	186247	236.152	343.845	0	18900	389.441	460.582	0.711214
19080	1.12586e+06	461.934	259	0	372	193	0	461.934	46	19.6953	0	15326	29388	0	104557	287.786	296.125	0	19080	396.634	459.482	0.709515
19260	2.63371e+06	43.2837	426	0	372	193	0	43.2837	46	100.216	0	15405	29472.3	0	153547	350.529	315.493	0	19260	375.923	458.388	0.707827
19440	628040	329.487	392	0	372	193	0	329.487	46	17.4174	0	15326.1	29388.1	0	114913	297.359	298.763	0	19440	387.467	457.302	0.706148
19620	2.30557e+06	754	584	0	372	193	0	754	46	-22.0604	0	15247	29545.7	0	234988	304.043	273.136	0	19620	381.603	456.221	0.70448
19800	848299	660.974	571	0	372	193	0	660.974	46	14.292	0	15331.9	29546	0	262434	389.285	398.798	0	19800	380.005	455.148	0.702822
19980	26.5556	74.3491	182	0	372	193	0	74.3491	46	0.238424	0	15301.1	29389.3	0	203071	303.938	237.959	0	19980	382.625	454.08	0.701174
20160	627044	526.774	293	114	372	193	0	526.774	47	13.7641	0	15326.3	29433.2	0	336351	371.474	293.065	0	20160	387.836	453.019	0.699536
20340	6.85917e+08	36612.3	30358	0	370	211	0	36612.3	46	54.6058	0	16824.1	29230	0	3.23817e+09	390.156	182.879	0	20340	390.574	451.965	0.697907
20520	674055	154.71	244	0	370	211	0	154.71	46	26.3329	0	16669	29309	0	134645	224.968	365.952	0	20520	381.337	450.916	0.696288
20700	769770	496	507	0	370	211	0	496	46	15.7163	0	16787.9	29373.8	0	125724	347.298	331.791	0	20700	389.593	449.873	0.694678
20880	847169	854.375	536	0	370	211	0	854.375	46	12.5623	0	16746.3	29230.4	0	315029	335.478	248.694	0	20880	396.881	448.837	0.693078
21060	877750	472	562	0	370	211	0	472	46	17.2038	0	16669	29388	0	170528	344.124	347.222	0	21060	396.834	447.806	0.691486
21240	1.32177e+06	518	407	39	370	211	0	518	46	20.1522	0	16669.3	29377.2	0	217704	281.831	306.189	0	21240	399.005	446.781	0.689904
21420	723123	1047.77	500	0	370	211	0	1047.77	47	10.4805	0	16827	29356.8	0	564386	308.938	364.139	0	21420	406.039	445.762	0.68833
21600	7.78362e+06	80.9734	623	0	370	211	0	80.9734	47	134	0	16669	29300.6	0	745830	260.586	310.499	0	21600	408.099	444.749	0.686765
21780	8.86414e+07	1075.37	7472	1087	381	207	0	1075.37	46	120.455	0	16417.2	30163.2	0	2.29688e+06	310.436	299.009	0	21780	425.506	443.741	0.685209
21960	5.91379e+07	744.104	5504	306	382	209	0	744.104	46	117.636	0	16595.6	30281.3	0	1.51954e+06	320.367	339.084	0	21960	423.881	442.739	0.683661
22140	6.26448e+07	822.795	5487	1175	381	212	0	822.795	47	114.479	0	16874.4	30148.3	0	1.90966e+06	356.877	311.843	0	22140	415.192	441.742	0.682122
22320	2.59862e+06	863.986	779	0	381	212	0	863.986	46	21.879	0	16905.6	30182	0	245526	308.482	250.141	0	22320	404.484	440.75	0.680591
22500	4.9609e+06	189.234	364	74	381	212	0	189.234	46	64.6096	0	16848.7	30257	0	418736	315.07	368.498	0	22500	405.739	439.764	0.679068
22680	1.04728e+07	163.526	902	49	381	212	0	163.526	47	103.192	0	16774.6	30099	0	673815	321.388	248.361	0	22680	415.459	438.783	0.677553
22860	3.16161e+06	1246	890	0	381	212	0	1246	47	20.0958	0	16871.3	30099	0	845300	265.55	309.056	0	22860	422.283	437.807	0.676046
23040	455136	377.359	152	0	381	212	0	377.359	47	13.8549	0	16906	30099	0	697148	355.381	281.312	0	23040	424.822	436.836	0.674547
23220	1.89333e+06	823.81	653	125	381	212	0	823.81	47	19.1254	0	16798	30216.5	0	542134	334.742	288.216	0	23220	429.596	435.87	0.673055
23400	6.52355e+07	754.585	4896	1169	367	204	0	754.585	46.9999	124.344	0	16221.8	29075.8	0	1.74852e+06	333.147	324.871	0	23400	427.01	434.91	0.671571
23580	53.698	21.4651	143	0	367	204	0	21.4651	47	0.630991	0	16274	29033.8	0	291847	372.506	304.022	0	23580	436.179	433.954	0.670095
23760	3.46587e+07	1616.44	5733	1189	361	193	0	1616.44	47	58.4195	0	15369.7	28613	0	1.74421e+06	311.796	348.198	0	23760	439.846	433.002	0.668626
23940	7.39094e+06	346.95	779	56	361	193	0	346.95	47	58.23	0	15247	28519	0	623305	304.193	350.363	0	23940	457.298	432.056	0.667165
24120	4.66134e+07	889.939	5102	727	352	186	0	889.939	47	92.2431	0	14747.3	27897.1	0	2.12148e+06	304.854	307.316	0	24120	464.924	431.114	0.66571
24300	2.62026e+06	899.999	902	253	352	186	0	899.999	47	21.5259	0	14694.9	27958.2	0	378114	265.483	271.933	0	24300	462.127	430.177	0.664263
24480	7.65875e+07	812.175	6040	871	344	186	0	812.175	46	132.138	0	14730.9	27232.5	0	2.51758e+06	291.362	285.913	0	24480	465.277	429.244	0.662823
24660	6.24465e+07	780.453	6115	752	334	182	0	780.453	47	118.147	0	14456.8	26486.6	0	2.53393e+06	338.392	334.895	0	24660	474.335	428.316	0.66139
24840	4.93905e+06	1684	1294	141	334	182	0	1684	47	21.6053	0	14465.5	26400.2	0	2.50627e+06	282.533	279.651	0	24840	471.568	427.392	0.659964
25020	1.41807e+07	147.523	1175	42	334	182	0	147.523	47	134	0	14478.8	26542	0	689297	284.973	353.867	0	25020	481.612	426.473	0.658544
25200	8.0338e+06	155.702	1031	0	334	182	0	155.702	47	91.4973	0	14465.8	26544	0	548865	345.067	355.791	0	25200	483.366	425.558	0.657131
25380	1.59765e+07	166.205	973	195	334	182	0	166.205	47	134	0	14417.9	26544	0	959369	307.022	354.935	0	25380	484.647	424.647	0.655725
25560	3.36074e+06	702	870	327	334	182	0	702	47	27.6032	0	14426.5	26445.1	0	396542	340.291	266.871	0	25560	482.719	423.741	0.654325
25740	810607	887.407	280	0	334	182	0	887.407	46.839	-12.0574	0	14536	26418.6	0	343648	308.344	273.096	0	25740	470.035	422.839	0.652932
25920	2.37579e+07	247.155	756	106	334	182	0	247.155	47	134	0	14378	26544	0	1.62084e+06	268.878	404.369	0	25920	473.822	421.94	0.651545
26100	2.42462e+07	252.235	808	0	334	182	0	252.235	47	134	0	14378	26386	0	1.4265e+06	225.549	283.283	0	26100	478.708	421.046	0.650164
26280	1.11174e+07	115.655	703	40	334	182	0	115.655	47	134	0	14436.7	26386	0	794253	307.342	246.216	0	26280	468.04	420.156	0.648789
26460	1.10219e+07	114.662	433	320	334	182	0	114.662	47	134	0	14445.4	26386	0	804852	289.018	269.588	0	26460	477.23	419.27	0.647421
26640	1.56975e+07	163.302	1026	428	334	182	0	163.302	47	134	0	14536	26386	0	1.1232e+06	332.857	251.864	0	26640	471.27	418.388	0.646059
26820	7.14566e+06	74.3367	454	92	334	182	0	74.3367	46	134	0	14536	26386	0	604740	397.302	243.212	0	26820	481.42	417.509	0.644702
27000	7.09204e+07	896.477	6053	1201	338	193	0	896.477	46.377	117.289	0	15285.6	26815.1	0	1.16665e+06	277.24	344.879	0	27000	464.902	416.635	0.643352
27180	6.14264e+07	731.628	5046	726	347	192	0	731.628	46.0001	121.926	0	15294.6	27472.6	0	2.31187e+06	342.536	315.512	0	27180	471.249	415.764	0.642007
27360	311941	588.95	405	12	347	192	0	588.95	47	-9.18136	0	15168	27459	0	515390	281.688	290.678	0	27360	467.052	414.897	0.640668
27540	4.24014e+06	1735.96	901	261	347	192	0	1735.96	47	19.7166	0	15262.5	27537.8	0	1.0144e+06	327.368	346.02	0	27540	472.28	414.033	0.639335
27720	5.86968e+07	763.713	5362	862	359	189	0	763.713	47	115.158	0	15040.5	28450.8	0	1.7131e+06	335.546	318.23	0	27720	469.792	413.173	0.638007
27900	3.86386e+06	54.7234	545	0	359	189	0	54.7234	47	109.3	0	15089	28398	0	491506	292.75	344.965	0	27900	456.039	412.317	0.636685
28080	6.63363e+07	690.1	5410	629	375	195	0	690.1	47	134	0	15483.1	29742.9	0	1.68865e+06	305.872	344.937	0	28080	469.633	411.464	0.635368
28260	1.33819e+06	873.703	558	0	375	195	0	873.703	47	-15.613	0	15405	29674	0	483371	317.563	279.881	0	28260	450.301	410.615	0.634057
28440	1.71103e+06	1121.02	422	0	375	195	0	1121.02	47	-15.5859	0	15405	29702.9	0	756380	318.459	273.865	0	28440	461.684	409.77	0.632751
28620	9.46309e+07	1175.63	7789	1262	369	200	0	1175.63	46	118.605	0	15915.3	29242.4	0	2.18932e+06	351.279	323.243	0	28620	462.519	408.927	0.631451
28800	1.68158e+06	1030.9	557	140	369	200	0	1030.9	47	16.1124	0	15924.9	29230.1	0	1.00378e+06	332.245	300.497	0	28800	453.691	408.089	0.630155
