MS2-QUANT	v0j
Region DEFINITION, 05-Apr-2021
COMMENT	Outline definition performed in MS2-QUANT (Main program)
FILE	MAX_20201217_RI516_C12MS2128TkTat_001_visit_27.tif
PATH	/Volumes/EBL/20201217/
PARAMETERS
Pix-XY	Pix-Z	RI	Ex	Em	NA	dT	Type
79	600	1.458	488	521	1.4	180	widefield
ANALYSIS-SETTINGS	
IMAGING-BACKGROUND	150
LIMIT-FIT-SIGMA-XY-MIN	39
LIMIT-FIT-SIGMA-XY-MAX	173
LIMIT-FIT-SIGMA-Z-MIN	0
LIMIT-FIT-SIGMA-Z-MAX	0
LIMIT-FIT-BGD-MIN	41
LIMIT-FIT-BGD-MAX	42
DETECTION-THRESHOLD	500
REGION	TxSite
X_POS	86	86	87	87	88	88	88	89	89	90	90	90	91	91	91	91	92	92	92	92	93	93	93	94	94	94	94	95	95	95	95	96	96	96	96	97	97	97	97	97	97	97	97	98	98	98	98	98	98	98	98	98	98	98	98	98	98	98	98	98	98	98	98	98	98	98	98	98	98	98	98	98	98	97	97	97	96	96	96	96	95	95	95	94	94	94	94	93	93	93	93	92	92	92	92	91	91	91	90	90	90	89	89	88	88	87	87	87	86	86	86	85	85	84	84	83	82	81	81	80	80	79	79	78	78	77	76	75	75	74	73	73	72	71	71	70	70	69	69	68	68	67	67	67	66	66	66	65	65	65	64	64	64	63	63	63	63	62	62	62	61	61	61	60	60	60	60	59	59	59	59	58	58	58	57	57	57	57	56	56	56	56	55	55	55	55	55	55	54	54	54	54	54	54	54	53	53	53	53	53	53	53	53	53	53	53	53	53	53	53	53	53	53	53	53	53	53	53	53	53	53	53	53	53	53	53	53	53	53	53	53	53	53	53	53	53	53	53	54	54	54	54	54	54	54	54	54	54	54	54	54	54	55	55	55	55	55	55	55	55	55	55	55	55	55	55	55	55	55	56	56	56	56	56	56	56	56	56	56	56	57	57	57	57	57	57	57	57	57	57	57	57	57	57	57	57	57	57	57	57	57	57	57	57	57	58	58	58	59	59	59	60	60	60	61	61	62	62	63	63	63	64	64	65	65	66	66	67	67	68	68	68	69	69	70	70	70	71	71	71	71	71	71	71	71	71	71	71	71	71	71	71	71	71	72	72	72	73	73	74	74	75	75	76	76	77	78	78	79	79	80	80	81	81	82	82	82	83	83	83	83	84	84	84	85	85	85	86	86	86	87	87	88	88	88	88	89	90	90	91	91	91	91	92	92	93	93	93	94	94	94	95	95	95	96	96	96	97	97	97	98	98	98	99	99	99	99	100	100	100	100	101	101	101	101	101	101	101	101	102	102	102	102	102	102	102	102	102	102	102	102	102	102	102	102	102	102	102	102	102	102	102	102	102	102	101	101	101	101	101	100	100	100	100	99	99	98	98	98	97	97	97	97	97	96	96	96	95	95	95	95	94	94	93	93	93	93	92	92	92	92	91	91	90	90	90	90	89	89	89	89	88	88	88	88	88	88	87	87	87	87	87	87	86	86	86	86	86	86	86	85	85	END
Y_POS	83	82	82	81	81	80	80	79	79	78	78	78	78	77	77	77	77	76	76	76	75	75	74	74	74	74	73	73	73	72	72	72	71	71	71	71	70	70	69	69	69	68	68	67	67	66	66	65	65	64	64	64	63	63	62	62	61	61	60	60	59	59	58	58	57	57	56	56	55	55	55	54	54	53	53	52	52	52	51	51	51	50	50	49	49	49	48	48	48	48	47	47	47	47	46	46	46	46	46	46	45	45	45	45	45	44	44	44	44	44	43	43	43	43	43	43	43	42	42	42	42	42	42	42	42	42	42	42	42	42	42	42	42	42	42	42	42	42	42	43	43	43	43	43	43	43	44	44	44	45	45	45	46	46	46	46	47	47	47	48	48	48	49	49	49	49	50	50	50	51	51	51	52	52	52	53	53	54	54	54	54	55	55	56	56	57	57	58	58	59	59	59	60	60	61	62	62	63	63	64	64	65	65	66	66	67	67	68	68	69	69	70	70	71	71	72	72	73	73	74	74	75	75	76	77	77	78	78	79	79	80	80	81	81	82	82	83	83	83	84	84	85	85	86	86	87	87	88	88	89	89	90	90	91	91	92	92	93	93	94	94	95	95	96	96	97	97	98	98	99	99	100	100	100	101	101	102	102	103	103	104	104	105	105	106	106	107	107	108	108	109	109	110	110	111	111	112	112	113	113	114	114	114	115	115	115	116	116	116	116	116	116	116	117	117	117	117	117	117	116	116	116	116	116	116	116	116	116	116	116	117	117	117	117	117	117	117	118	118	119	119	120	120	121	121	122	122	123	123	124	124	125	125	125	125	126	126	126	126	126	126	126	126	126	126	126	126	126	126	126	126	126	126	126	126	126	126	126	127	127	127	127	128	128	128	129	129	129	130	130	130	130	130	131	131	131	131	131	131	131	131	131	130	130	130	129	129	129	129	129	128	128	128	127	127	127	127	126	126	126	125	125	124	124	124	123	123	122	122	122	121	121	121	120	120	119	119	118	118	118	117	117	116	116	115	115	114	114	113	113	112	112	111	111	110	110	109	109	108	108	107	107	106	106	105	105	105	104	104	104	104	103	103	102	102	101	101	101	100	100	100	99	99	98	98	98	97	97	97	97	96	96	96	96	95	95	95	95	94	94	94	94	93	93	93	93	92	92	92	92	91	91	91	91	90	90	89	89	89	89	88	88	87	87	87	87	86	86	85	85	85	84	END
QUANTIFICATION
Time[s]	Q_Integrate	Q_AMP	Q_Sum_pix	Q_MIP_int	Pix_Y	Pix_X	Pix_Z	AMP	BGD	SigmaXY	SigmaZ	MuY	MuX	MuZ	RES	Cent_Y	Cent_X	Cent_Z	OPB_time	OPB_INT	OPB_FIT	OPB_FIT_norm
0	2.97583e+07	230.101	1396	176	56	77	0	230.101	42	173	0	6241	4426.01	0	895828	373.295	284.325	0	0	586.831	649.469	1
180	5.39401e+07	756.015	4945	687	56	77	0	756.015	41	109.992	0	6158.9	4488.38	0	1.52644e+06	301.068	295.002	0	180	581.69	648.301	0.998201
360	1.27187e+07	98.3454	423	0	56	77	0	98.3454	42	173	0	6228.46	4424	0	653572	342.97	208.975	0	360	580.708	647.135	0.996406
540	770601	80.6344	330	0	56	77	0	80.6344	42	39	0	6241	4475.04	0	574744	433.116	207.989	0	540	570.426	645.971	0.994614
720	0.170606	1.78519e-05	49	0	56	77	0	1.78519e-05	41	39	0	6126.34	4499.37	0	83198	326.488	190.649	0	720	577.66	644.809	0.992826
900	719682	75.3063	268	0	56	77	0	75.3063	41	39	0	6083	4549.29	0	84554.8	228.337	300.046	0	900	579.269	643.65	0.99104
1080	45491.9	4.72786	141	58	56	77	0	4.72786	41	39.1332	0	6212.15	4501.51	0	204148	352.607	310.642	0	1080	570.393	642.492	0.989258
1260	1.44744e+06	151.458	382	0	56	77	0	151.458	41	39	0	6180.47	4582	0	86532.4	341.593	349.549	0	1260	578.112	641.337	0.987479
1440	564672	32.7863	358	60	56	77	0	32.7863	41	52.3558	0	6083	4424	0	138497	237.187	337.401	0	1440	569.285	640.183	0.985703
1620	729370	54.6764	158	0	56	77	0	54.6764	41	46.077	0	6232.22	4424	0	123121	360.002	231.046	0	1620	566.336	639.032	0.98393
1800	1.29419e+06	135.422	552	0	56	77	0	135.422	41	39	0	6083	4582	0	185418	328.814	316.891	0	1800	572.286	637.883	0.982161
1980	5.24541e+07	808.391	5276	733	67	76	0	808.391	41	103.977	0	6066.24	5348.26	0	995497	302.275	304.797	0	1980	561.937	636.736	0.980395
2160	273937	28.6644	133	3	67	76	0	28.6644	41	39	0	6004	5303	0	141460	332.562	271.608	0	2160	560.749	635.591	0.978631
2340	1.72414e+06	180.412	487	54	67	76	0	180.412	41	39	0	6141.31	5448.55	0	160686	304.398	358.91	0	2340	552.019	634.448	0.976871
2520	1.69522e+06	177.385	361	0	67	76	0	177.385	41	39	0	6161.63	5371.84	0	173202	336.7	272.447	0	2520	543.228	633.307	0.975115
2700	8.91581e+07	1146.12	7535	1427	59	84	0	1146.12	41.0001	116.04	0	6739.85	4735.3	0	1.06354e+06	350.33	321.123	0	2700	555.149	632.168	0.973361
2880	1.18373e+08	1360.77	9341	1171	61	83	0	1360.77	41.0001	124.869	0	6602.3	4929.38	0	2.33804e+06	290.985	343.841	0	2880	559.025	631.031	0.971611
3060	4.24879e+07	422.481	1424	204	61	83	0	422.481	41.0018	138.617	0	6557	4977	0	1.40812e+06	227.29	387.797	0	3060	553.568	629.896	0.969863
3240	1.27041e+07	98.2318	705	171	61	83	0	98.2318	42	173	0	6557	4819	0	653248	262.281	280.427	0	3240	552.059	628.763	0.968119
3420	8.19819e+07	910.498	6173	1353	60	79	0	910.498	41	127.87	0	6304.76	4852.52	0	2.45869e+06	298.608	335.732	0	3420	555.883	627.632	0.966378
3600	3.39327e+07	303.506	1506	417	60	79	0	303.506	41	150.978	0	6241	4865.14	0	1.3381e+06	198.923	344.402	0	3600	540.759	626.504	0.96464
3780	1.67524e+06	175.294	463	8	60	79	0	175.294	42	39	0	6318.23	4898	0	345121	351.513	351.347	0	3780	561.948	625.377	0.962905
3960	5.34635e+06	99.2606	455	194	60	79	0	99.2606	41	93.6535	0	6399	4859.46	0	376398	337.993	337.436	0	3960	558.688	624.252	0.961174
4140	2.38186e+06	249.234	567	19	60	79	0	249.234	41	39	0	6242.25	4866.04	0	97559.8	294.534	319.261	0	4140	546.568	623.13	0.959445
4320	2.42847e+06	18.7777	420	0	60	79	0	18.7777	42	173	0	6399	4898	0	288560	323.533	314.673	0	4320	552.778	622.009	0.95772
4500	1.46598e+06	153.398	490	0	60	79	0	153.398	41	39	0	6399	4777.41	0	103250	301.067	292.356	0	4500	558.856	620.89	0.955997
4680	2.31873e+06	242.628	330	0	60	79	0	242.628	41	39	0	6399	4896.03	0	175888	322.284	333.377	0	4680	568.686	619.774	0.954278
4860	460592	48.1956	172	22	60	79	0	48.1956	41	39	0	6245.44	4809.78	0	118048	303.225	273.23	0	4860	550.267	618.659	0.952562
5040	2.02743e+06	212.147	444	136	60	79	0	212.147	41	39	0	6344.01	4761.5	0	131261	365.94	338.01	0	5040	552.401	617.547	0.950849
5220	1.16231e+06	121.622	356	0	60	79	0	121.622	41	39	0	6398.37	4888.42	0	159822	332.653	327.524	0	5220	554.48	616.436	0.949139
5400	943993	98.7778	311	84	60	79	0	98.7778	41	39	0	6270.78	4846.45	0	109092	285.004	318.65	0	5400	547.225	615.328	0.947432
5580	119381	5.78605	223	0	60	79	0	5.78605	41	57.3064	0	6241	4897.54	0	118842	314.686	334.929	0	5580	557.331	614.221	0.945728
5760	1.58769e+06	166.133	213	0	60	79	0	166.133	41	39	0	6399	4898	0	164308	289.935	343.214	0	5760	558.124	613.116	0.944027
5940	1.27117e+06	133.013	415	154	60	79	0	133.013	41	39	0	6331.51	4827.28	0	193283	327.092	423.895	0	5940	545.345	612.014	0.94233
6120	859732	89.9609	303	54	60	79	0	89.9609	41	39	0	6388.13	4898	0	142363	358.648	329.035	0	6120	552.72	610.913	0.940635
6300	1.38336e+07	111.264	282	0	60	79	0	111.264	42	166.298	0	6399	4898	0	820249	380.314	394.857	0	6300	547.287	609.814	0.938943
6480	2.67984e+06	280.414	333	0	60	79	0	280.414	41	39	0	6241.02	4819.03	0	383345	267.818	384.983	0	6480	550.878	608.718	0.937255
6660	2.23878e+06	88.2903	266	0	60	79	0	88.2903	41	63.5393	0	6241	4898	0	223508	287.63	369.014	0	6660	558.177	607.623	0.935569
6840	2.17514e+06	227.603	409	131	60	79	0	227.603	41	39	0	6319.35	4761.73	0	159366	352.185	314.498	0	6840	570.683	606.53	0.933887
7020	6.24047e+07	891.898	5458	968	73	64	0	891.898	42	108.705	0	5111.79	5816.71	0	807957	291.686	311.96	0	7020	561.139	605.44	0.932207
7200	7.98817e+07	1301.31	7516	1257	76	70	0	1301.31	41.9998	100.718	0	5600.74	6047.45	0	1.12724e+06	304.468	299.653	0	7200	560.459	604.351	0.930531
7380	1.83159e-09	1.91654e-13	0	0	76	70	0	1.91654e-13	42	39	0	5530	6162	0	1.1241e+06	233.999	400.751	0	7380	556.954	603.264	0.928857
7560	5.85597e+07	753.26	5146	918	78	67	0	753.26	42	115.993	0	5391.7	6274.46	0	1.40763e+06	330.53	351.674	0	7560	554.709	602.179	0.927187
7740	2.15428e+06	225.421	275	0	78	67	0	225.421	41	39	0	5293	6320	0	209204	270.884	295.123	0	7740	570.065	601.096	0.925519
7920	9.07763e+07	845.841	6587	942	71	75	0	845.841	42	145.916	0	6027.57	5652.24	0	1.49958e+06	328.677	289.54	0	7920	556.27	600.015	0.923855
8100	3.41625e+07	353.783	1636	164	71	75	0	353.783	42	134.449	0	6024.03	5767	0	1.21239e+06	325.704	420.429	0	8100	546.848	598.936	0.922194
8280	3.25934e+07	337.775	2633	261	71	75	0	337.775	42	134.378	0	6083	5706.49	0	720603	334.76	337.792	0	8280	559.266	597.859	0.920535
8460	2.42893e+07	341.467	1765	232	71	75	0	341.467	41.0001	109.79	0	5925	5758.21	0	790494	252.174	371.436	0	8460	552.757	596.784	0.91888
8640	559611	58.5567	359	27	71	75	0	58.5567	41	39	0	6083	5690	0	101238	328.084	296.274	0	8640	553.795	595.71	0.917227
8820	553836	57.9525	303	0	71	75	0	57.9525	41	39	0	6083	5609.86	0	144033	318.608	359.191	0	8820	553.246	594.639	0.915578
9000	1.90606e+06	199.447	511	155	71	75	0	199.447	42	39	0	6050	5688.34	0	185686	351.651	282.873	0	9000	566.577	593.57	0.913931
9180	2.70796e+06	226.878	855	0	71	75	0	226.878	41	43.5848	0	5978.46	5756.87	0	244491	367.747	322.359	0	9180	562.66	592.502	0.912287
9360	1.87534e+06	196.232	473	78	71	75	0	196.232	42	39	0	6051.31	5609	0	141859	324.085	282.296	0	9360	549.762	591.437	0.910647
9540	2.64505e+06	276.773	673	0	71	75	0	276.773	42	39	0	6083	5681.88	0	330683	279.388	363.287	0	9540	571.882	590.373	0.909009
9720	400069	9.13686	354	0	71	75	0	9.13686	41	83.8751	0	6026.78	5766.93	0	162636	321.472	340.095	0	9720	587.672	589.311	0.907374
9900	2.12202e-10	2.22045e-14	80	31	71	75	0	2.22045e-14	41	39	0	6082.95	5767	0	102514	343.04	365.783	0	9900	566.753	588.252	0.905743
10080	2.31917e+07	423.43	1510	96	71	75	0	423.43	42	94.5143	0	6083	5609	0	418320	356.913	259.309	0	10080	557.471	587.194	0.904114
10260	2.4015e+06	251.289	582	139	71	75	0	251.289	41.7053	39.0001	0	5956.33	5687.12	0	275553	322.963	267.325	0	10260	562.728	586.138	0.902488
10440	2.32385e+06	111.45	209	0	71	75	0	111.45	41	57.609	0	6083	5720.76	0	209872	353.369	356.09	0	10440	575.026	585.084	0.900865
10620	2.40021e-07	1.85592e-12	168	0	71	75	0	1.85592e-12	42	173	0	6083	5767	0	496791	397.962	296.889	0	10620	571.174	584.031	0.899245
10800	3.11938e+06	273.209	413	0	71	75	0	273.209	41	42.6282	0	5980.15	5767	0	221363	379.243	326.024	0	10800	553.256	582.981	0.897627
10980	6.35355e+07	854.243	5887	970	73	78	0	854.243	41.9999	112.825	0	6221.1	5860.42	0	1.03119e+06	296.615	331.983	0	10980	563.421	581.933	0.896013
11160	1.17851e+08	1331.53	9347	1341	70	75	0	1331.53	42	126.357	0	6023.42	5602.11	0	1.89677e+06	325.848	316.586	0	11160	568.099	580.886	0.894402
11340	7.87449e+07	942.188	6556	986	66	78	0	942.188	42	121.558	0	6276.77	5307.3	0	1.15782e+06	341.597	327.622	0	11340	579.104	579.841	0.892793
11520	5.39984e+07	472.617	2857	749	66	78	0	472.617	42	153.832	0	6317.88	5214	0	2.0255e+06	332.583	280.654	0	11520	577.652	578.799	0.891188
11700	8.31735e+07	1453.72	8421	1241	68	82	0	1453.72	42	96.8161	0	6531.39	5456.33	0	1.10317e+06	315.754	319.512	0	11700	574.093	577.758	0.889585
11880	1.21303e+08	1824.15	10890	2212	65	80	0	1824.15	42	105.476	0	6378.36	5240.93	0	1.97646e+06	302.409	327.232	0	11880	579.881	576.719	0.887985
12060	6.65505e+07	1379.5	6557	1597	67	82	0	1379.5	42	88.2643	0	6593	5394.49	0	1.32186e+06	351.279	335.734	0	12060	580.046	575.682	0.886388
12240	1.58619e+08	1658	11924	1653	71	78	0	1658	41.0001	133.533	0	6242.08	5689.89	0	2.20713e+06	317.153	310.347	0	12240	587.248	574.646	0.884794
12420	1.07705e+08	1614.62	10719	1327	71	77	0	1614.62	42	105.669	0	6163.75	5662.57	0	1.81691e+06	319.495	294.644	0	12420	581.702	573.613	0.883203
12600	1.55196e+08	1730.15	11964	1537	72	77	0	1730.15	41.0002	127.534	0	6178.49	5753.1	0	2.9727e+06	330.781	305.072	0	12600	617.052	572.581	0.881615
12780	8.51319e+07	928.628	6143	1064	77	74	0	928.628	41.0001	129.497	0	5886.11	6139.43	0	1.4656e+06	281.007	308.172	0	12780	594.798	571.552	0.880029
12960	6.01694e+07	874.831	5729	899	82	73	0	874.831	42	107.597	0	5880.84	6580.1	0	1.03224e+06	355.773	328.004	0	12960	596.21	570.524	0.878447
13140	3.55967e+07	355.337	1381	76	82	73	0	355.337	41	138.206	0	5909.82	6636	0	1.5419e+06	357.861	423.153	0	13140	580.683	569.498	0.876867
13320	885414	34.1404	222	60	82	73	0	34.1404	41	64.2609	0	5767	6478	0	158036	249.444	242.333	0	13320	589.244	568.473	0.87529
13500	1.16812e+08	1246.92	9063	1077	105	73	0	1246.92	42	131.512	0	5824.28	8371.72	0	2.63117e+06	290.159	303.959	0	13500	582.08	567.451	0.873716
13680	1.04153e+08	1057.13	7734	1105	111	75	0	1057.13	41	136.477	0	5973.79	8878.07	0	1.28051e+06	284.673	336.167	0	13680	580.802	566.431	0.872144
13860	2.04799e+08	1726.42	13407	1984	115	73	0	1726.42	42	159.086	0	5839.08	9136.41	0	2.54592e+06	314.998	296.018	0	13860	572.629	565.412	0.870576
14040	1.2465e+08	963.83	7683	1166	113	68	0	963.83	42	173	0	5501.43	9025.77	0	4.34676e+06	344.714	330.127	0	14040	593.972	564.395	0.86901
14220	1.52566e+08	1316.48	10461	1270	112	68	0	1316.48	42	155.771	0	5397.33	8909.09	0	3.00176e+06	277.329	303.167	0	14220	589.896	563.38	0.867448
14400	1.62671e+08	1612.51	11433	1970	106	65	0	1612.51	41.9998	138.948	0	5210.62	8464.36	0	3.25749e+06	307.423	320.228	0	14400	594.044	562.367	0.865888
14580	1.06377e+08	889.268	7044	1594	105	67	0	889.268	42	160.315	0	5367.79	8361.78	0	3.52678e+06	311.228	312.172	0	14580	604.589	561.356	0.86433
14760	7.5562e+07	751.858	5721	735	104	67	0	751.858	42	138.546	0	5392.07	8264.73	0	1.18419e+06	325.013	299.857	0	14760	594.925	560.346	0.862776
14940	1.72861e+08	2048.42	13677	2058	101	66	0	2048.42	41.9998	122.341	0	5284.57	8056.84	0	2.69246e+06	312.526	318.666	0	14940	599.985	559.338	0.861224
15120	1.12358e+08	1163.2	9194	904	100	66	0	1163.2	42	134.48	0	5281.97	8008.66	0	2.39546e+06	310.696	329.224	0	15120	596.898	558.333	0.859676
15300	9.2434e+07	1137.97	8082	774	103	68	0	1137.97	41.9999	119.305	0	5404.19	8209.04	0	2.78654e+06	267.462	303.596	0	15300	602.006	557.328	0.85813
15480	1.18119e+08	1363.91	10123	923	109	67	0	1363.91	42	124.491	0	5405.17	8677.47	0	2.84725e+06	339.863	319.864	0	15480	606.081	556.326	0.856586
15660	8.48854e+07	974.939	7457	627	113	64	0	974.939	41.9996	124.945	0	5130.18	9008.81	0	2.37685e+06	311.861	315.857	0	15660	607.963	555.326	0.855046
15840	9.5597e+07	810.79	6017	988	115	66	0	810.79	41	158.205	0	5359.49	9172.33	0	2.35057e+06	357.479	323.35	0	15840	600.027	554.327	0.853508
16020	1.35745e+08	1748.51	12041	1982	113	67	0	1748.51	42	115.892	0	5369.65	8986.43	0	3.02902e+06	306.319	298.599	0	16020	601.292	553.33	0.851973
16200	6.10446e+07	902.957	5538	982	109	69	0	902.957	42	106.505	0	5514.98	8650.98	0	1.03843e+06	298.49	284.037	0	16200	601.893	552.335	0.850441
16380	3.41984e+07	313.319	2000	495	109	69	0	313.319	42	147.958	0	5609	8611	0	875478	355.999	271.577	0	16380	604.814	551.342	0.848912
16560	2.41606e+08	3080.86	20225	2036	104	64	0	3080.86	41	116.636	0	5120.98	8317.01	0	6.99285e+06	311.199	341.392	0	16560	608.914	550.35	0.847385
16740	1.19369e+08	1210.95	9011	1225	105	66	0	1210.95	42	136.53	0	5292.54	8435.49	0	1.56685e+06	316.469	363.698	0	16740	610.87	549.36	0.845861
16920	8.39315e+07	648.985	5017	1150	105	65	0	648.985	41.0003	173	0	5293	8364.91	0	1.87314e+06	366.667	313.585	0	16920	607.016	548.372	0.84434
17100	4.79726e+08	4009.1	30238	3899	103	68	0	4009.1	41.0023	160.36	0	5425.46	8184.87	0	1.01744e+07	297.449	296.469	0	17100	604.064	547.386	0.842821
17280	3.80787e+08	3040.89	22900	2416	102	66	0	3040.89	41.0001	167.466	0	5288.63	8147.1	0	1.54885e+07	307.761	321.739	0	17280	614.965	546.402	0.841306
17460	8.45487e+07	1040.13	7398	926	106	66	0	1040.13	41.9997	119.361	0	5291.06	8434.22	0	1.59843e+06	306.486	292.396	0	17460	609.397	545.419	0.839793
17640	4.75001e+07	367.286	2154	495	106	66	0	367.286	42	173	0	5357.23	8374	0	1.84653e+06	352.251	276.581	0	17640	595.084	544.438	0.838282
17820	3.33314e+07	257.729	1821	589	106	66	0	257.729	42	173	0	5218.77	8471.31	0	1.01388e+06	281.923	320.215	0	17820	601.092	543.459	0.836775
18000	2.70537e+07	209.188	690	0	106	66	0	209.188	42	173	0	5372	8532	0	996010	394.495	364.749	0	18000	605.176	542.482	0.83527
18180	6.93145e+07	782.899	5290	1273	107	70	0	782.899	42	126.384	0	5562.17	8533.06	0	2.03222e+06	275.301	311.957	0	18180	603.837	541.506	0.833768
18360	1.41698e+07	225.401	1013	184	107	70	0	225.401	42	102.095	0	5595.87	8611	0	621288	354.626	399.273	0	18360	597.494	540.532	0.832269
18540	1.03895e+07	80.3347	286	137	107	70	0	80.3347	42	173	0	5530	8611	0	1.02543e+06	261.016	395	0	18540	592.638	539.56	0.830772
18720	1.55015e+07	119.862	841	15	107	70	0	119.862	42	173	0	5530	8480.13	0	617730	236.645	304.471	0	18720	600.812	538.59	0.829278
18900	1.46399e+07	113.201	703	0	107	70	0	113.201	42	173	0	5688	8453	0	590341	317.709	271.428	0	18900	602.541	537.621	0.827786
19080	2.74875e+06	148.772	580	0	107	70	0	148.772	42	54.2279	0	5688	8545.96	0	290978	352.082	334.48	0	19080	589.172	536.655	0.826298
19260	1.56838e+07	130.412	1552	0	107	70	0	130.412	41	161.112	0	5650.1	8580.75	0	597538	347.641	341.7	0	19260	589.518	535.689	0.824812
19440	1.84464e+07	157.639	942	57	107	70	0	157.639	41	157.126	0	5638.9	8611	0	519195	331.139	412.222	0	19440	585.565	534.726	0.823328
19620	6.01951e+06	100.923	440	0	107	70	0	100.923	41	99.0922	0	5688	8611	0	310408	391.462	397.219	0	19620	588.427	533.764	0.821848
19800	9.83008e+06	133.519	897	0	107	70	0	133.519	42	112.119	0	5688	8611	0	256159	336.998	396.853	0	19800	594.068	532.805	0.82037
19980	4.52514e+06	473.503	856	0	107	70	0	473.503	42	39	0	5530	8611	0	436874	292.13	405.582	0	19980	587.746	531.846	0.818894
20160	3.71083e+06	388.295	747	66	107	70	0	388.295	41	39	0	5603.97	8606.82	0	188916	239.548	337.588	0	20160	581.761	530.89	0.817422
20340	1.44613e+07	111.819	893	112	107	70	0	111.819	42	173	0	5563.12	8611	0	494793	284.222	376.545	0	20340	568.04	529.935	0.815952
20520	1.19158e+07	119.058	567	0	107	70	0	119.058	41	138.107	0	5530	8611	0	533469	224.848	375.573	0	20520	572.29	528.982	0.814484
20700	1.4399e+08	1362.17	10544	898	111	69	0	1362.17	41.0001	144.138	0	5537.65	8856.1	0	2.89066e+06	316.704	324.634	0	20700	574.14	528.031	0.81302
20880	1.00535e+08	1118.5	7908	841	113	67	0	1118.5	41.0001	127.715	0	5411.47	8975.3	0	1.40514e+06	349.142	296.151	0	20880	583.657	527.081	0.811557
21060	2.5774e+08	2527.07	18500	2347	112	66	0	2527.07	41.9999	140.126	0	5304.39	8895.66	0	2.46033e+06	321.376	295.335	0	21060	573.427	526.133	0.810098
21240	2.40575e+08	1916.75	15069	2312	109	67	0	1916.75	42	167.848	0	5339.89	8649.11	0	5.61368e+06	302.39	292.73	0	21240	567.778	525.187	0.808641
21420	2.27792e+08	2348.42	16367	2625	111	68	0	2348.42	42	134.896	0	5484.17	8868.52	0	7.42824e+06	341.645	333.722	0	21420	573.605	524.243	0.807187
21600	2.47114e+08	2257.17	16983	2035	109	65	0	2257.17	41.9969	148.331	0	5204.25	8715.02	0	4.32617e+06	307.047	328.7	0	21600	583.574	523.3	0.805735
21780	3.2429e+08	3631.47	24436	3581	112	66	0	3631.47	41	127.138	0	5323.58	8882.08	0	4.70202e+06	340.272	275.679	0	21780	595.854	522.359	0.804286
21960	2.96275e+08	2658.94	19799	2596	111	66	0	2658.94	42	150.546	0	5280.91	8818.9	0	6.12886e+06	302.596	297.047	0	21960	573.116	521.419	0.80284
22140	2.58385e+08	2457.96	17848	2687	112	69	0	2457.96	42	143.499	0	5496.45	8891.42	0	2.47308e+06	291.28	289.782	0	22140	570.793	520.482	0.801396
22320	9.64577e+07	1306.28	8429	1255	113	72	0	1306.28	42	112.324	0	5738.14	9037.68	0	2.5295e+06	289.713	340.002	0	22320	563.48	519.546	0.799955
22500	1.42625e+08	1840.7	12322	1330	115	69	0	1840.7	42	115.749	0	5564.09	9199.5	0	2.54739e+06	343.806	345.039	0	22500	566.75	518.611	0.798516
22680	3.52118e+06	43.9741	332	154	115	69	0	43.9741	41	118.205	0	5451	9085	0	246813	276.453	259.706	0	22680	537.199	517.679	0.79708
22860	2.3864e+06	19.3521	286	0	115	69	0	19.3521	41	164.982	0	5451	9243	0	228149	286.746	346.771	0	22860	540.622	516.748	0.795647
23040	1.98806e+06	208.027	698	198	115	69	0	208.027	41.6224	39	0	5466.59	9095.87	0	277646	251.038	330.674	0	23040	545.565	515.818	0.794216
23220	739578	77.3882	203	0	115	69	0	77.3882	41	39	0	5451	9243	0	234671	335.843	370.424	0	23220	530.492	514.891	0.792787
23400	3.42222e+06	33.4137	352	85	115	69	0	33.4137	41	140.583	0	5451	9243	0	283808	254.688	333.914	0	23400	535.444	513.965	0.791362
23580	2.03236e+06	212.663	844	102	115	69	0	212.663	41	39	0	5471.04	9192.16	0	133808	297.977	285.365	0	23580	528.379	513.04	0.789939
23760	1.54466e+06	161.629	346	123	115	69	0	161.629	42	39.0003	0	5476.08	9159.97	0	398518	288.153	321.652	0	23760	557.9	512.118	0.788518
23940	754791	78.9801	267	77	115	69	0	78.9801	42	39	0	5483.62	9175.01	0	206182	345.085	296.021	0	23940	542.873	511.197	0.7871
24120	1.62026e+08	1666.47	12039	1738	103	73	0	1666.47	41	135.133	0	5842.99	8256.69	0	3.05244e+06	309.989	346.739	0	24120	535.339	510.277	0.785684
24300	1.75155e+08	1855.46	13341	2179	107	70	0	1855.46	42	132.241	0	5577.8	8554.54	0	3.35851e+06	287.629	334.108	0	24300	543.503	509.36	0.784271
24480	2.01031e+08	1554.44	12054	2032	113	69	0	1554.44	42	173	0	5558.35	8977.26	0	4.65438e+06	333.563	294.027	0	24480	547.082	508.444	0.782861
24660	1.30192e+08	1232.89	10178	900	103	70	0	1232.89	42	144.02	0	5589.56	8228.72	0	2.58291e+06	293.728	325.719	0	24660	536.179	507.529	0.781453
24840	1.68122e+08	1797.18	12645	2107	106	71	0	1797.18	41.9999	131.378	0	5701.21	8460.52	0	1.9191e+06	318.149	323.616	0	24840	540.344	506.617	0.780048
25020	1.43616e+08	1511.81	10411	1265	106	70	0	1511.81	41.0001	132.846	0	5589.5	8478.39	0	1.62949e+06	304.056	338.64	0	25020	535.954	505.706	0.778645
25200	1.07464e+08	841.35	6817	917	108	70	0	841.35	41	170.812	0	5590.88	8532.11	0	2.01214e+06	300.409	265.571	0	25200	542.139	504.796	0.777245
25380	1.21774e+08	1112.68	8537	1089	106	69	0	1112.68	41.0001	148.288	0	5495.04	8457.23	0	2.80256e+06	285.678	315.645	0	25380	546.29	503.888	0.775847
25560	3.21817e+07	324.676	689	0	106	69	0	324.676	41	137.097	0	5609	8532	0	2.04383e+06	400.007	410.468	0	25560	550.507	502.982	0.774452
25740	1.66765e+07	128.948	1014	0	106	69	0	128.948	42	173	0	5609	8532	0	781193	364.056	380.033	0	25740	548.686	502.078	0.773059
25920	2.38875e+07	269.772	1413	208	106	69	0	269.772	41.0001	126.395	0	5609	8532	0	514280	371.252	374.946	0	25920	542.503	501.175	0.771669
26100	1.08517e+06	113.55	386	0	106	69	0	113.55	41.0001	39	0	5451.01	8457.5	0	230652	264.97	295.703	0	26100	545.388	500.273	0.770281
26280	1.26144e+06	131.995	414	0	106	69	0	131.995	42	39	0	5451	8382.33	0	208264	337.228	311.989	0	26280	542.687	499.374	0.768896
26460	3.28333e+06	53.1611	282	0	106	69	0	53.1611	41	101.068	0	5575.83	8532	0	299531	365.961	412.297	0	26460	543.493	498.476	0.767513
26640	1.10227e+06	115.34	181	0	106	69	0	115.34	41	39	0	5451	8374	0	165676	315.278	350.83	0	26640	539.318	497.579	0.766132
26820	4.87511e+06	510.123	993	325	106	69	0	510.123	42	39	0	5561.57	8442.29	0	276588	356.224	355.671	0	26820	538.406	496.684	0.764755
27000	2.73622e+06	286.314	648	38	106	69	0	286.314	41	39	0	5555.28	8374.87	0	102217	333.29	241.892	0	27000	540.276	495.791	0.763379
27180	1.85184e+06	193.774	523	80	106	69	0	193.774	41	39	0	5609	8383.4	0	98535.2	330.783	323.062	0	27180	540.493	494.899	0.762007
27360	1.26517e+06	132.386	290	0	106	69	0	132.386	41	39	0	5609	8374	0	207023	413.5	246	0	27360	529.735	494.009	0.760636
27540	1.23089e+06	128.798	597	0	106	69	0	128.798	42	39	0	5607.12	8532	0	277318	334.008	354.754	0	27540	544.203	493.121	0.759268
27720	1.17354e+08	1139.2	8977	1129	109	82	0	1139.2	41.0001	141.221	0	6551.93	8654.22	0	3.01546e+06	307.772	285.765	0	27720	541.692	492.234	0.757903
27900	9.0613e+07	902.477	6724	1079	109	81	0	902.477	41	138.446	0	6456.94	8664.24	0	2.03702e+06	293.081	300.374	0	27900	535.535	491.349	0.75654
28080	1.10407e+08	1660.86	10230	1559	110	86	0	1660.86	42	105.455	0	6878.82	8800.33	0	2.05351e+06	331.047	331.639	0	28080	541.768	490.465	0.755179
28260	8.51453e+07	881.823	6236	1229	109	92	0	881.823	42	134.442	0	7386.98	8667.25	0	1.21668e+06	349.483	309.957	0	28260	516.961	489.583	0.753821
28440	2.08643e+09	35618.1	49918	93	120	71	0	35618.1	41	98.0945	0	5609	9597.65	0	7.46521e+09	154.271	355.841	0	28440	552.154	488.703	0.752465
28620	1.67713e+06	26.9847	349	0	120	71	0	26.9847	41	101.431	0	5767	9577.3	0	225918	412.034	309.005	0	28620	527.631	487.824	0.751112
28800	7.06047e+07	606.404	5087	771	109	93	0	606.404	42	156.421	0	7438.62	8718.16	0	2.77408e+06	335.797	328.903	0	28800	535.809	486.947	0.749761
