MS2-QUANT	v0j
Region DEFINITION, 05-Apr-2021
COMMENT	Outline definition performed in MS2-QUANT (Main program)
FILE	MAX_20201217_RI516_C12MS2128TkTat_001_visit_28.tif
PATH	/Volumes/EBL/20201217/
PARAMETERS
Pix-XY	Pix-Z	RI	Ex	Em	NA	dT	Type
79	600	1.458	488	521	1.4	180	widefield
ANALYSIS-SETTINGS	
IMAGING-BACKGROUND	150
LIMIT-FIT-SIGMA-XY-MIN	-43
LIMIT-FIT-SIGMA-XY-MAX	127
LIMIT-FIT-SIGMA-Z-MIN	0
LIMIT-FIT-SIGMA-Z-MAX	0
LIMIT-FIT-BGD-MIN	36
LIMIT-FIT-BGD-MAX	37
DETECTION-THRESHOLD	500
REGION	TxSite
X_POS	361	360	359	359	358	358	357	356	355	354	353	352	351	351	350	349	349	348	347	347	346	345	345	344	344	344	344	344	344	344	344	344	344	344	344	345	345	345	346	347	347	348	349	349	350	351	351	352	352	353	354	354	355	356	356	357	357	357	358	359	359	359	360	360	361	362	362	362	363	364	365	365	366	366	367	367	368	368	369	370	371	371	372	372	373	374	375	376	377	378	379	380	381	382	383	384	384	385	385	386	386	387	387	387	387	388	389	389	390	391	392	393	394	395	396	397	398	399	399	400	401	403	404	405	406	407	408	409	410	411	412	413	413	413	413	413	413	413	413	413	412	411	410	409	408	408	407	406	405	404	403	402	401	400	399	398	397	397	396	395	394	394	393	392	392	391	391	391	391	391	391	392	392	393	394	394	394	395	395	395	395	395	394	394	393	393	392	391	391	390	389	389	388	387	386	385	384	383	382	381	381	381	380	380	380	379	379	378	378	377	376	375	374	373	372	371	370	END
Y_POS	261	261	261	260	260	259	259	259	259	259	259	259	259	260	260	260	261	261	261	262	262	263	264	264	265	266	267	268	269	270	271	272	273	274	275	275	276	277	277	278	279	279	280	281	281	281	282	282	283	283	284	285	285	285	286	286	287	288	288	288	289	290	290	291	291	291	292	293	293	294	294	295	295	296	296	297	297	298	298	299	299	300	300	301	301	301	301	302	302	302	302	302	302	302	302	302	301	301	300	299	298	298	297	296	295	294	294	293	293	293	293	293	293	293	293	293	293	293	294	294	295	295	295	295	296	296	296	296	296	296	296	296	295	294	293	292	291	290	289	288	288	287	287	286	286	285	285	285	285	285	285	285	285	284	284	284	284	283	283	283	283	282	282	282	281	281	280	279	278	277	276	276	275	275	275	274	273	273	272	271	270	269	269	268	268	267	267	267	266	266	266	265	265	265	265	265	265	265	265	265	266	267	267	268	269	269	270	270	271	271	271	271	271	271	271	271	271	END
QUANTIFICATION
Time[s]	Q_Integrate	Q_AMP	Q_Sum_pix	Q_MIP_int	Pix_Y	Pix_X	Pix_Z	AMP	BGD	SigmaXY	SigmaZ	MuY	MuX	MuZ	RES	Cent_Y	Cent_X	Cent_Z	OPB_time	OPB_INT	OPB_FIT	OPB_FIT_norm
0	30835.5	101.694	200	0	292	373	0	101.694	36	6.94684	0	29541.2	23215.1	0	127859	230.491	328.629	0	0	357.509	409.759	1
180	2.34495e+06	64.9225	260	0	292	373	0	64.9225	36	75.9564	0	29467	23226	0	178517	315.307	349.217	0	180	368.866	409.022	0.998202
360	560176	434.861	218	0	292	373	0	434.861	36	-14.3185	0	29467	23149.5	0	139800	361.748	330.724	0	360	364.425	408.287	0.996406
540	1.29812e+06	505.977	496	183	292	373	0	505.977	36.0402	20.207	0	29551.9	23174.1	0	121028	313.799	366.746	0	540	361.102	407.552	0.994614
720	1.12509e-07	26.1416	163	0	292	373	0	26.1416	36	-2.61721e-05	0	29474.3	23219.9	0	69400	274.126	380.377	0	720	361.287	406.819	0.992826
900	0.00067395	33.8755	212	7	292	373	0	33.8755	37	0.00177943	0	29473	23114	0	158614	298.753	301.96	0	900	364.006	406.088	0.99104
1080	692057	404.407	239	85	292	373	0	404.407	36	16.5033	0	29545.2	23189.5	0	118097	292.222	321.5	0	1080	362.191	405.357	0.989258
1260	510942	679.912	150	0	292	373	0	679.912	37	-10.9363	0	29467.2	23226	0	246587	322.036	349.615	0	1260	370.518	404.628	0.987479
1440	477574	357.577	229	0	292	373	0	357.577	36	14.5796	0	29468	23178.5	0	98139	263.222	398.466	0	1440	372.315	403.901	0.985703
1620	1.04568e+06	49.591	245	34	292	373	0	49.591	36	57.9331	0	29625	23226	0	152254	308.851	339.28	0	1620	366.572	403.174	0.98393
1800	5.68494e+06	63.7607	585	0	292	373	0	63.7607	37	127	0	29625	23226	0	406289	318.152	340.059	0	1800	358.378	402.449	0.982161
1980	945352	499.75	312	19	292	373	0	499.75	37	17.3512	0	29545.8	23226	0	180148	345.363	326.246	0	1980	353.319	401.726	0.980395
2160	167502	214.763	273	48	292	373	0	214.763	36	11.1414	0	29504.9	23147.7	0	114062	295.095	282.143	0	2160	361.888	401.003	0.978632
2340	2.65808e+06	43.4369	531	4	292	373	0	43.4369	36	100.539	0	29625	23226	0	144085	331.021	360.986	0	2340	361.729	400.282	0.976872
2520	1.0652e+06	36.5287	241	0	292	373	0	36.5287	36	68.16	0	29540.2	23226	0	118227	342.209	316.841	0	2520	358.706	399.562	0.975115
2700	476736	443.312	154	114	292	373	0	443.312	36.9998	13.0826	0	29546.3	23145.6	0	150011	306.713	301.108	0	2700	366.033	398.844	0.973361
2880	787815	277.838	255	0	292	373	0	277.838	36	21.2435	0	29546.1	23226	0	67493.1	325.837	366.582	0	2880	362.066	398.126	0.971611
3060	10.5005	65.8331	171	0	292	373	0	65.8331	36.9994	0.159328	0	29522	23166.6	0	144762	314.545	358.308	0	3060	365.58	397.41	0.969863
3240	2.18128e+06	456	569	0	292	373	0	456	36	27.592	0	29625	23112.1	0	104318	295.607	281.17	0	3240	363.234	396.696	0.968119
3420	404822	405.965	406	0	292	373	0	405.965	37	12.5979	0	29625	23068	0	162295	348.05	271.302	0	3420	360.851	395.982	0.966378
3600	1.2124e+06	449.982	450	0	292	373	0	449.982	36	20.7079	0	29546.4	23068	0	141344	317.042	348.583	0	3600	360.314	395.27	0.96464
3780	701274	671.409	549	0	292	373	0	671.409	37	12.8932	0	29625	23226	0	337047	386.346	337.41	0	3780	367.717	394.559	0.962905
3960	1.13033e+06	495.998	315	89	292	373	0	495.998	36	19.0446	0	29566.6	23195.6	0	133667	275.856	317.787	0	3960	381.883	393.85	0.961174
4140	1.07717e+06	22.3029	292	57	292	373	0	22.3029	36	88.3174	0	29467	23226	0	113265	298.42	351.071	0	4140	420.873	393.141	0.959445
4320	1.27774e+06	511.946	593	111	292	373	0	511.946	36	19.9305	0	29467	23225.7	0	163703	297.458	320.923	0	4320	421.178	392.434	0.95772
4500	3.67388e+06	71.9131	466	19	292	373	0	71.9131	36.5677	91.0097	0	29467	23226	0	197704	318.862	355.067	0	4500	408.652	391.729	0.955997
4680	6.34319e+06	71.1434	409	0	292	373	0	71.1434	37	127	0	29559.3	23068	0	381049	318.738	305.41	0	4680	410.033	391.024	0.954278
4860	1.47553e+06	320.63	495	0	292	373	0	320.63	37	27.0634	0	29625	23226	0	281152	325.775	329.422	0	4860	412.208	390.321	0.952562
5040	1.43366e+06	517.998	375	0	292	373	0	517.998	36	20.9879	0	29468	23225.6	0	112818	281.403	327.877	0	5040	405.026	389.619	0.950849
5220	1.11349e+06	337.888	404	0	292	373	0	337.888	36	22.9016	0	29625	23184.1	0	115154	303.153	264.272	0	5220	414.901	388.918	0.949139
5400	4.02769e+06	116.52	551	136	292	373	0	116.52	36	74.2771	0	29595.7	23068	0	145787	342.863	275.644	0	5400	398.484	388.219	0.947432
5580	3.46196e+06	167.04	534	0	292	373	0	167.04	37	57.435	0	29625	23220.9	0	291180	275.068	284.598	0	5580	409.095	387.521	0.945728
5760	3.7686e+06	42.2675	687	21	292	373	0	42.2675	36	127	0	29625	23181.9	0	215880	356.416	330.66	0	5760	397.996	386.824	0.944027
5940	1.15817e+06	395.974	573	103	292	373	0	395.974	36	21.5756	0	29513.8	23108.3	0	101831	313.143	310.185	0	5940	388.988	386.128	0.94233
6120	2.48932e+06	440	722	13	292	373	0	440	36	30.0071	0	29614.7	23111.1	0	143936	355.383	316.585	0	6120	397.934	385.434	0.940635
6300	1.87955e+06	641.877	391	321	292	373	0	641.877	37	21.5879	0	29544.7	23148.9	0	278679	297.758	262.574	0	6300	375.194	384.741	0.938943
6480	5.8053e+06	65.1106	252	3	292	373	0	65.1106	37	127	0	29584.9	23068	0	257424	317.964	269.716	0	6480	382.723	384.049	0.937255
6660	8.7042e+06	97.6238	494	120	292	373	0	97.6238	37	127	0	29467	23068	0	305837	268.278	248.286	0	6660	385.427	383.358	0.935569
6840	5.54934e+06	231.336	464	0	292	373	0	231.336	36	61.7964	0	29625	23068	0	205937	383.953	312.41	0	6840	391.287	382.669	0.933887
7020	248558	9.37517	177	0	292	373	0	9.37517	36	64.9755	0	29467	23120.8	0	80591.2	260.802	338.196	0	7020	391.083	381.98	0.932207
7200	6.3411e+06	71.1199	547	135	292	373	0	71.1199	37	127	0	29564.2	23226	0	301471	336.523	340.296	0	7200	381.046	381.293	0.930531
7380	787082	12.0179	124	0	292	373	0	12.0179	36	104.54	0	29467	23068	0	187479	266.647	306.885	0	7380	394.938	380.608	0.928857
7560	2.37615e+06	47.1658	290	42	292	373	0	47.1658	36	90.3289	0	29625	23226	0	175594	333.591	346.385	0	7560	380.724	379.923	0.927187
7740	6.18487e+06	69.3678	248	0	292	373	0	69.3678	37	127	0	29625	23068	0	289841	354.176	243.403	0	7740	383.775	379.24	0.92552
7920	3.16405e+07	354.871	1103	164	292	373	0	354.871	37	127	0	29511.5	23068	0	1.49265e+06	307.467	203.398	0	7920	390.323	378.558	0.923855
8100	6.86353e+07	769.794	4679	844	292	373	0	769.794	37	127	0	29505.9	23097.9	0	1.54979e+06	280.865	284.655	0	8100	391.949	377.877	0.922194
8280	682709	633.253	150	0	292	373	0	633.253	37	13.099	0	29624.4	23146.8	0	384391	348.506	301.715	0	8280	389.866	377.198	0.920535
8460	1.33162e+06	489.95	271	245	292	373	0	489.95	37	20.7982	0	29548.6	23147	0	153956	351.303	272.379	0	8460	384.109	376.519	0.91888
8640	3.96301e+07	444.48	2610	212	292	373	0	444.48	37	127	0	29625	23069.1	0	1.68412e+06	345.168	267.625	0	8640	388.43	375.842	0.917227
8820	6.65592e+06	74.6509	251	62	292	373	0	74.6509	36	127	0	29625	23068	0	542597	418.398	237.564	0	8820	389.25	375.166	0.915578
9000	1.01697e+06	560	304	0	292	373	0	560	36	17.0008	0	29542.7	23068	0	126055	351.023	227.251	0	9000	387.256	374.492	0.913931
9180	2.13173e+06	156.349	384	36	292	373	0	156.349	37	46.583	0	29579.5	23226	0	364932	310.912	335.056	0	9180	389.537	373.818	0.912288
9360	674503	396.208	408	43	292	373	0	396.208	36	16.4604	0	29467.5	23088.2	0	141508	331.773	380.302	0	9360	389.903	373.146	0.910647
9540	4.48009e+06	83.4756	451	73	292	373	0	83.4756	36	93.4711	0	29625	23068	0	253932	327.464	299.609	0	9540	395.19	372.475	0.909009
9720	300696	378.303	169	0	292	373	0	378.303	36.5902	-11.2474	0	29468.2	23146.2	0	187113	298.903	208.691	0	9720	397.813	371.805	0.907374
9900	3.53563e+06	334.003	521	0	292	373	0	334.003	36	41.0458	0	29467	23226	0	145897	256.036	340.183	0	9900	397.929	371.136	0.905743
10080	2.65572e+06	90.7154	508	74	292	373	0	90.7154	36	68.2946	0	29467	23226	0	150499	329.069	321.507	0	10080	376.52	370.469	0.904114
10260	2.54357e+06	697.997	545	129	292	373	0	697.997	37	24.0827	0	29546	23206.4	0	266925	317.374	339.007	0	10260	389.05	369.803	0.902488
10440	3.26679e+06	113.988	285	0	292	373	0	113.988	37	67.5674	0	29467	23068	0	242308	218.145	323.259	0	10440	379.745	369.138	0.900865
10620	4.13284e+06	46.3528	340	23	292	373	0	46.3528	37	127	0	29625	23226	0	338702	287.512	355.397	0	10620	379.566	368.474	0.899245
10800	2.36175e+06	664	672	132	292	373	0	664	36	23.7926	0	29622.7	23085.4	0	131116	348.136	295.497	0	10800	389.013	367.811	0.897628
10980	800241	64.9057	277	0	292	373	0	64.9057	36	44.2975	0	29625	23068	0	103821	319.804	299.712	0	10980	379.287	367.15	0.896013
11160	2.22787e+06	332.44	505	0	292	373	0	332.44	36	32.6586	0	29625	23090.6	0	94624.8	366.597	315.956	0	11160	390.82	366.489	0.894402
11340	0.203317	142.972	122	0	292	373	0	142.972	36.9998	-0.0150443	0	29545.4	23074.9	0	338628	312.699	252.031	0	11340	383.651	365.83	0.892793
11520	675840	328.894	235	126	292	373	0	328.894	36.0002	18.0844	0	29569.4	23147.1	0	113339	361.485	307.45	0	11520	378.185	365.172	0.891188
11700	2.48934e+06	64.0584	293	0	292	373	0	64.0584	37	78.8528	0	29467	23068	0	238314	348.028	271.229	0	11700	381.34	364.516	0.889585
11880	1.85653e+06	604	411	73	292	373	0	604	36	22.1178	0	29625	23068	0	111174	300.729	275.711	0	11880	385.603	363.86	0.887985
12060	4.74314e+06	54.2842	404	176	292	373	0	54.2842	36	125.246	0	29467	23221.4	0	255299	276.104	337.28	0	12060	383.981	363.206	0.886388
12240	354889	479.46	296	94	292	373	0	479.46	37	10.8538	0	29546.4	23146.6	0	229779	320.527	325.848	0	12240	374.831	362.553	0.884794
12420	1.571e+06	161.103	370	59	292	373	0	161.103	37	39.3954	0	29467	23222.9	0	279195	332.918	277.693	0	12420	371.545	361.901	0.883203
12600	2.24356e+06	736	969	26	292	373	0	736	37	22.0262	0	29622.6	23148.4	0	305121	325.958	292.867	0	12600	375.166	361.25	0.881615
12780	6.21294e+06	69.6825	573	0	292	373	0	69.6825	37	127	0	29625	23068	0	342561	355.525	275.467	0	12780	378.081	360.6	0.880029
12960	1.10151e+06	476	484	70	292	373	0	476	37	19.1911	0	29497.1	23079.3	0	205358	328.843	324.956	0	12960	382.484	359.952	0.878447
13140	4.12633e+06	128.281	564	0	292	373	0	128.281	36.9999	71.6172	0	29467	23226	0	239720	282.885	367.716	0	13140	375.37	359.304	0.876867
13320	5351.8	43.0567	72	0	292	373	0	43.0567	37	4.44774	0	29467	23121.3	0	164355	276.024	309.985	0	13320	387.89	358.658	0.87529
13500	4.02638e+06	286.955	441	15	292	373	0	286.955	37	47.2564	0	29625	23226	0	161804	358.839	339.813	0	13500	379.844	358.013	0.873716
13680	304546	379.461	150	0	292	373	0	379.461	36.9998	11.3019	0	29467.1	23146.6	0	201596	286.005	344.414	0	13680	378.536	357.369	0.872145
13860	6.38417e+06	106.07	517	126	292	373	0	106.07	37	99.6001	0	29467	23068	0	289003	289.749	272.849	0	13860	377.33	356.726	0.870576
14040	2.39345e+06	26.8443	170	78	292	373	0	26.8443	37	127	0	29467	23226	0	238366	274.814	352.179	0	14040	368	356.085	0.869011
14220	2.77806e+06	43.5017	310	41	292	373	0	43.5017	36	103.023	0	29545.7	23226	0	185110	340.391	363.579	0	14220	369.755	355.445	0.867448
14400	615797	512.695	230	93	292	373	0	512.695	37	13.8261	0	29508.6	23147.3	0	205933	277.238	291.235	0	14400	376.529	354.805	0.865888
14580	3.70591e+06	76.6443	146	0	292	373	0	76.6443	37	88.3707	0	29625	23164.8	0	409271	332.208	294.997	0	14580	369.993	354.167	0.86433
14760	501044	261.243	358	60	292	373	0	261.243	37	-17.4713	0	29512.9	23195.7	0	174331	364.37	298.148	0	14760	369.991	353.53	0.862776
14940	3.11971e+06	34.9898	343	0	292	373	0	34.9898	37	127	0	29625	23226	0	238648	359.166	308.964	0	14940	366.072	352.895	0.861225
15120	1.53848e+06	518	422	0	292	373	0	518	36	21.7416	0	29625	23152	0	107560	366.411	294.844	0	15120	363.52	352.26	0.859676
15300	562228	496.445	358	0	292	373	0	496.445	37	13.4255	0	29549.9	23068	0	154807	324.603	278.094	0	15300	365.895	351.626	0.85813
15480	1.41815e+06	508	333	13	292	373	0	508	37	21.0785	0	29467	23068	0	151812	327.942	302.972	0	15480	368.934	350.994	0.856586
15660	111377	176.636	241	1	292	373	0	176.636	36	10.0177	0	29625	23068	0	190762	372.396	251.36	0	15660	372.932	350.363	0.855046
15840	143085	182.239	268	0	292	373	0	182.239	36.0001	11.1786	0	29547.4	23068.6	0	141919	267.735	276.286	0	15840	362.794	349.733	0.853508
16020	4.28974e+06	77.031	451	135	292	373	0	77.031	36	95.3804	0	29501.3	23226	0	157739	310.784	331.924	0	16020	360.077	349.104	0.851973
16200	1.05029e+06	118.802	423	0	292	373	0	118.802	37	37.5106	0	29467	23068	0	202323	271.419	328.072	0	16200	356.788	348.476	0.850441
16380	9.33756e+07	1047.27	6822	785	274	387	0	1047.27	36.0033	127	0	30674.5	21716.3	0	2.69167e+06	343.668	311.513	0	16380	363.753	347.849	0.848912
16560	6.75938e+07	952.019	6194	742	277	386	0	952.019	37	109.667	0	30568.7	21941.4	0	1.36951e+06	315.762	295.193	0	16560	359.869	347.224	0.847385
16740	2.09731e+07	235.229	1073	193	277	386	0	235.229	37	127	0	30640	21883	0	700516	333.634	275.279	0	16740	353.398	346.599	0.845861
16920	7.33771e+07	951.206	6341	910	274	387	0	951.206	36.9999	115.426	0	30688.3	21748.7	0	1.53538e+06	339.707	334.899	0	16920	359.653	345.976	0.84434
17100	3.19223e+08	7735.48	5665	69	278	391	0	7735.48	36	81.3329	0	31047	22036.9	0	6.05352e+08	482.44	310.055	0	17100	348.878	345.354	0.842822
17280	2.47682e+06	659.999	668	158	278	391	0	659.999	37	24.4391	0	30917	22038.3	0	253722	229.503	306.226	0	17280	357.889	344.733	0.841306
17460	3.57215e+06	74.5961	254	0	278	391	0	74.5961	37	87.9181	0	30889	21962	0	311238	265.739	296.557	0	17460	342.536	344.113	0.839793
17640	1.86535e+06	1120.66	543	94	278	391	0	1120.66	37	16.2762	0	30939.7	22093.4	0	791234	313.341	300.329	0	17640	353.119	343.494	0.838283
17820	1.93346e+07	216.852	750	92	278	391	0	216.852	37	127	0	30889	22120	0	776588	255.806	353.997	0	17820	354.168	342.876	0.836775
18000	1.82123e+07	206.654	1348	229	278	391	0	206.654	36	125.985	0	30889	22052.4	0	497825	242.181	337.822	0	18000	359.813	342.26	0.83527
18180	7.07466e+06	79.3474	631	53	278	391	0	79.3474	37	127	0	30890.1	21962	0	341925	285.584	339.696	0	18180	345.773	341.644	0.833768
18360	6.61508e+06	74.1928	462	180	278	391	0	74.1928	37	127	0	30889	21962	0	442831	290.345	276.303	0	18360	353.045	341.03	0.832269
18540	2.97421e+07	612.065	2673	329	278	391	0	612.065	37	88.6047	0	30889	22077.6	0	469076	265.002	317.097	0	18540	345.704	340.416	0.830772
18720	1.83273e+07	267.799	1229	336	278	391	0	267.799	36.0001	107.279	0	31028.4	22120	0	520832	356.826	388.988	0	18720	345.939	339.804	0.829278
18900	4.76073e+06	53.3949	341	59	278	391	0	53.3949	37	127	0	30993.9	22120	0	351800	286.86	367.958	0	18900	343.207	339.193	0.827786
19080	7.0861e+06	79.4757	617	72	278	391	0	79.4757	37	127	0	30889	22092	0	327033	235.738	351.314	0	19080	342.181	338.583	0.826298
19260	3.05724e+07	342.891	1374	222	278	391	0	342.891	37	127	0	30889	22120	0	1.09928e+06	277.461	399.45	0	19260	340.313	337.974	0.824812
19440	1.21086e+07	135.806	692	250	278	391	0	135.806	37	127	0	30889	22120	0	696613	239.921	376.481	0	19440	334.274	337.366	0.823328
19620	1.13078e+07	126.825	903	35	278	391	0	126.825	37	127	0	30889	22120	0	597670	269.532	324.347	0	19620	337.679	336.76	0.821848
19800	2.34724e+07	263.26	1100	0	278	391	0	263.26	37	127	0	30889	22093.1	0	651235	269.993	352.992	0	19800	337.997	336.154	0.82037
19980	2.38198e+07	267.156	653	36	278	391	0	267.156	37	127	0	30889	21962	0	863366	220.043	267.611	0	19980	338.363	335.549	0.818894
20160	7.28187e+07	1248.32	7078	1189	280	386	0	1248.32	37	97.8658	0	30616.1	22166.7	0	1.10541e+06	362.113	287.939	0	20160	328.719	334.946	0.817422
20340	2.86097e+07	320.878	2637	334	280	386	0	320.878	37	127	0	30621.4	22237.4	0	858065	369.441	334.207	0	20340	341.995	334.344	0.815952
20520	2.19806e+07	246.528	1243	267	280	386	0	246.528	37	127	0	30494	22228.7	0	899503	273.54	343.486	0	20520	337.17	333.742	0.814484
20700	1.7477e+07	196.018	1137	256	280	386	0	196.018	37	127	0	30494	22131	0	395824	245.885	296.845	0	20700	338.182	333.142	0.81302
20880	3.93155e+06	112.335	336	0	280	386	0	112.335	37	74.7474	0	30539.9	22278	0	288340	270.234	315.018	0	20880	333.43	332.543	0.811557
21060	1.36191e+07	152.748	1025	0	280	386	0	152.748	37	127	0	30634.5	22169.7	0	568136	319.193	287.905	0	21060	334.756	331.945	0.810098
21240	1.48249e+07	166.272	1147	0	280	386	0	166.272	36	127	0	30652	22226.7	0	399219	386.528	325.715	0	21240	325.313	331.348	0.808641
21420	1.77475e+06	1066	382	2	280	386	0	1066	37	16.278	0	30494.2	22219.4	0	523231	425.154	324.83	0	21420	329.419	330.752	0.807187
21600	2.87658e+06	606	791	298	280	386	0	606	37	27.4861	0	30603.2	22201.3	0	224508	289.513	309.395	0	21600	328.024	330.157	0.805735
21780	1.55171e+07	174.035	855	0	280	386	0	174.035	37	127	0	30652	22278	0	735384	380.657	369.411	0	21780	340.4	329.564	0.804286
21960	1.02282e+07	114.716	584	43	280	386	0	114.716	37	127	0	30652	22245	0	530996	401.553	302.93	0	21960	329.484	328.971	0.80284
22140	1.11124e+07	124.634	277	0	280	386	0	124.634	37	127	0	30652	22278	0	635451	401.054	353.45	0	22140	329.109	328.379	0.801396
22320	1.3876e+06	553.968	386	0	280	386	0	553.968	36	19.9664	0	30622.6	22146	0	179780	314.393	320.08	0	22320	321.989	327.789	0.799955
22500	533778	204.271	242	0	280	386	0	204.271	36	20.3933	0	30572.5	22278	0	190437	338.88	318.417	0	22500	323.759	327.199	0.798516
22680	9.76612e-05	59.3187	23	12	280	386	0	59.3187	36.0023	-0.000511888	0	30624.9	22157.3	0	176426	375.526	287.018	0	22680	315.472	326.611	0.79708
22860	0.0702933	5.51134	263	0	280	386	0	5.51134	36.6805	0.0450546	0	30649.9	22123.2	0	134600	361.362	314.2	0	22860	313.811	326.023	0.795647
23040	1.55022e+06	111.195	459	0	280	386	0	111.195	37	47.1047	0	30494	22120	0	204210	307.172	342.712	0	23040	310.627	325.437	0.794216
23220	881811	423.999	422	152	280	386	0	423.999	37	18.1935	0	30554.3	22212.4	0	215322	318.753	320.739	0	23220	308.717	324.852	0.792787
23400	1.44833e+06	197.486	327	0	280	386	0	197.486	36	34.1646	0	30589.7	22278	0	134460	258.104	349.352	0	23400	295.507	324.268	0.791362
23580	1.11957e+06	389.941	348	0	280	386	0	389.941	37	21.3765	0	30652	22250.1	0	181595	320.64	302.787	0	23580	305.702	323.685	0.789939
23760	1.37072e-09	69.6029	22	0	280	386	0	69.6029	36	1.7704e-06	0	30508.6	22128.3	0	155274	295.046	340.888	0	23760	308.017	323.102	0.788518
23940	834655	574	388	0	280	386	0	574	37	15.2127	0	30604.7	22278	0	234082	305.374	317.007	0	23940	316.491	322.521	0.7871
24120	732413	341.926	289	0	280	386	0	341.926	36	18.4639	0	30494	22198.9	0	75866.6	315.677	327.032	0	24120	312.233	321.941	0.785684
24300	1.69344e+06	255.29	494	52	280	386	0	255.29	36	32.4921	0	30496.3	22217.4	0	125603	330.714	316.788	0	24300	308.928	321.362	0.784271
24480	4.75374e-06	17.343	200	41	280	386	0	17.343	37	0.000208865	0	30528	22278	0	232605	284.506	361.629	0	24480	308.37	320.784	0.782861
24660	728.54	15.0638	87	0	280	386	0	15.0638	37	-2.7744	0	30617.4	22248.2	0	195358	318.504	330.505	0	24660	306.481	320.208	0.781453
24840	725101	679.539	204	138	280	386	0	679.539	36.0007	13.0317	0	30573.2	22174.5	0	259229	318.099	296.327	0	24840	308.64	319.632	0.780048
25020	4.04489e+06	45.3663	284	0	280	386	0	45.3663	37	127	0	30652	22120	0	203449	358.19	267.427	0	25020	313.399	319.057	0.778645
25200	726311	441.95	342	0	280	386	0	441.95	36.6035	16.1728	0	30494	22120	0	177094	292.672	308.555	0	25200	317.512	318.483	0.777245
25380	4.1252e+06	277.449	600	0	280	386	0	277.449	36	48.6453	0	30629.4	22120	0	146000	283.697	276.808	0	25380	314.062	317.91	0.775847
25560	2.43262e+06	119.852	584	0	280	386	0	119.852	36	56.8378	0	30650.7	22148.7	0	117148	335.14	306.06	0	25560	305	317.339	0.774452
25740	38.9347	56.4923	117	23	280	386	0	56.4923	37	0.331195	0	30568.3	22218.7	0	272490	306.542	347.269	0	25740	309.416	316.768	0.773059
25920	1.99306e+06	214.161	333	0	280	386	0	214.161	37	38.4857	0	30494	22278	0	306590	333.906	353.527	0	25920	320.756	316.198	0.771669
26100	18.502	62.7223	22	0	280	386	0	62.7223	36.0001	0.216675	0	30551.2	22170.5	0	167224	208.997	301.234	0	26100	312.369	315.63	0.770281
26280	1.09947e+06	424	242	0	280	386	0	424	36	20.3151	0	30494.7	22278	0	148212	353.488	373.65	0	26280	310.914	315.062	0.768896
26460	4.4722e+06	305.708	781	214	280	386	0	305.708	37	48.2523	0	30652	22278	0	257334	329.109	363.053	0	26460	311.669	314.495	0.767513
26640	3.23758e+06	51.7594	337	59	280	386	0	51.7594	36	101.803	0	30494	22247.5	0	175980	292.849	334.88	0	26640	312.983	313.93	0.766133
26820	5.44387e+06	226.603	679	128	280	386	0	226.603	37	61.8424	0	30620.9	22120	0	314498	282.695	267.601	0	26820	314.761	313.365	0.764755
27000	8.00758e+06	89.8107	758	136	280	386	0	89.8107	36	127	0	30652	22120	0	306306	390.034	268.028	0	27000	304.181	312.802	0.763379
27180	1.14088e+06	363.999	374	145	280	386	0	363.999	36	22.3347	0	30550.3	22175.8	0	99324.4	318.119	270.954	0	27180	310.763	312.239	0.762007
27360	2.74879e+06	96.1347	637	150	280	386	0	96.1347	36	67.4892	0	30606.6	22256.2	0	155558	321.012	350.251	0	27360	307.214	311.678	0.760636
27540	4.28031e+06	54.5805	250	0	280	386	0	54.5805	37	116.637	0	30494	22278	0	267170	268.277	323.717	0	27540	310.486	311.117	0.759268
27720	3.63889e+06	69.365	296	39	280	386	0	69.365	37	92.321	0	30652	22120	0	225944	340.305	266.749	0	27720	311.046	310.558	0.757903
27900	3.39443e+06	80.3412	208	9	280	386	0	80.3412	36	82.3308	0	30494	22278	0	191166	226.811	305.847	0	27900	310.333	309.999	0.75654
28080	1.75643e+06	127.38	176	0	280	386	0	127.38	36	46.8463	0	30494	22120	0	126938	290.052	278.69	0	28080	308.528	309.442	0.755179
28260	884618	512.178	365	141	280	386	0	512.178	37	16.5797	0	30575.8	22228.1	0	213388	356.831	310.452	0	28260	306.411	308.885	0.753821
28440	2.50859e+06	686	529	0	280	386	0	686	37	24.1247	0	30555.2	22278	0	129328	325.775	314.539	0	28440	309.129	308.33	0.752466
28620	1.21854e+06	754.73	552	0	280	386	0	754.73	37	16.03	0	30520.1	22142.8	0	361905	296.266	297.18	0	28620	311.609	307.775	0.751112
28800	0.324057	80.1812	187	0	280	386	0	80.1812	37	0.0253621	0	30553.9	22241.7	0	278454	294.723	330.968	0	28800	309.705	307.222	0.749762
