MS2-QUANT	v0j
Region DEFINITION, 05-Apr-2021
COMMENT	Outline definition performed in MS2-QUANT (Main program)
FILE	MAX_20201217_RI516_C12MS2128TkTat_001_visit_20.tif
PATH	/Volumes/EBL/20201217/
PARAMETERS
Pix-XY	Pix-Z	RI	Ex	Em	NA	dT	Type
79	600	1.458	488	521	1.4	180	widefield
ANALYSIS-SETTINGS	
IMAGING-BACKGROUND	150
LIMIT-FIT-SIGMA-XY-MIN	66
LIMIT-FIT-SIGMA-XY-MAX	192
LIMIT-FIT-SIGMA-Z-MIN	0
LIMIT-FIT-SIGMA-Z-MAX	0
LIMIT-FIT-BGD-MIN	51
LIMIT-FIT-BGD-MAX	52
DETECTION-THRESHOLD	500
REGION	TxSite
X_POS	301	301	301	301	300	300	299	299	298	298	297	297	297	297	296	296	295	295	295	295	294	294	294	293	293	293	292	292	292	292	292	291	291	291	291	291	291	291	291	291	290	290	290	290	290	290	290	290	290	290	290	290	290	290	290	290	290	290	290	290	290	290	290	290	290	290	290	290	290	290	290	290	290	290	290	290	290	290	290	290	290	290	290	290	290	290	290	290	290	290	290	290	290	290	290	290	289	289	289	289	288	288	288	287	287	287	286	286	285	285	284	284	283	283	283	282	282	282	281	281	281	281	280	280	280	279	279	279	278	277	277	276	276	276	276	275	275	274	274	273	273	272	271	271	271	270	269	268	268	267	266	266	265	264	264	263	263	262	262	262	261	261	260	260	260	260	259	259	258	258	258	257	257	257	256	256	255	255	255	254	254	254	253	253	253	252	252	252	252	251	251	251	251	251	251	251	250	250	250	250	250	250	250	250	250	250	250	250	250	250	250	250	250	250	250	250	250	250	250	250	250	250	250	250	250	250	250	250	250	250	250	251	251	251	251	251	252	252	252	252	252	253	253	253	253	253	253	253	253	253	254	254	254	255	255	255	255	256	256	256	256	257	257	257	257	257	257	258	258	259	260	261	261	262	262	263	263	264	264	265	265	266	266	267	268	270	271	271	272	272	273	273	274	274	275	275	276	276	277	277	278	278	278	279	279	280	281	281	282	282	282	283	283	284	285	285	286	286	286	286	287	287	287	288	288	289	289	289	290	290	290	291	292	292	292	293	293	293	294	294	295	296	297	297	298	299	300	301	301	302	302	303	303	303	304	304	304	305	306	306	306	306	307	307	307	307	307	307	308	308	308	308	308	308	308	308	308	308	308	308	308	308	308	308	308	308	308	309	309	309	309	309	310	310	310	310	311	311	311	311	312	312	312	313	313	314	315	316	316	317	318	318	319	319	320	320	321	321	322	323	324	325	326	327	327	328	328	329	329	330	331	331	332	333	334	335	335	336	337	337	337	338	338	338	339	339	339	339	340	340	340	341	341	341	342	342	343	343	344	344	344	344	344	344	345	345	345	345	346	346	346	346	346	346	346	346	346	347	347	347	347	347	347	347	347	347	347	347	347	347	347	347	347	347	347	347	347	347	346	346	346	346	346	346	345	345	345	345	344	344	344	343	343	343	342	342	342	342	341	341	341	341	340	340	340	339	339	338	338	337	337	337	336	335	335	335	334	334	333	332	332	331	331	331	330	330	330	329	328	327	326	326	325	325	324	324	324	323	323	323	322	322	322	321	321	320	320	320	319	319	319	318	318	318	318	317	317	317	317	317	317	317	317	317	317	317	317	317	317	317	317	317	317	317	316	316	316	316	315	315	315	314	314	314	314	314	313	313	313	313	312	312	312	311	311	311	310	310	310	309	309	308	308	308	END
Y_POS	301	302	302	303	303	304	304	305	305	306	306	306	306	307	307	308	308	308	309	309	310	310	310	311	311	312	312	313	314	315	316	316	317	317	318	318	319	319	320	320	321	321	322	322	323	323	324	324	325	325	326	327	327	328	328	329	329	330	331	331	332	332	333	333	334	334	335	335	336	336	337	337	338	338	339	339	340	340	341	342	342	343	343	344	344	345	345	346	346	347	347	348	348	349	349	350	350	350	351	351	351	352	352	352	352	352	352	352	353	353	353	353	352	352	352	352	351	351	351	350	350	350	349	349	349	348	348	347	347	346	346	346	346	345	345	345	344	344	344	343	343	342	342	342	342	342	341	341	341	341	341	341	341	341	341	342	342	342	342	342	343	343	343	343	343	344	344	344	345	345	346	346	346	346	347	347	347	348	348	349	349	350	350	350	351	352	352	352	353	353	353	354	354	355	355	356	356	356	357	358	358	359	359	360	360	361	362	363	364	365	365	366	366	367	367	368	368	369	369	370	370	371	371	372	372	373	374	374	375	375	376	376	377	378	378	379	380	380	381	382	382	383	383	384	385	386	386	387	387	388	388	388	388	388	389	389	389	390	390	391	391	391	392	392	392	393	393	393	393	394	394	394	395	395	395	395	395	395	395	395	395	395	395	395	395	395	395	395	395	395	395	395	395	395	395	395	395	394	394	394	394	394	394	394	394	393	393	393	393	393	392	392	392	392	392	391	391	391	390	390	390	389	389	390	391	391	391	392	392	392	393	393	393	394	394	394	394	395	395	395	396	396	396	396	396	396	396	396	396	396	396	396	396	396	396	395	395	395	394	394	394	393	393	393	392	392	391	391	391	390	390	390	389	389	388	388	387	387	386	386	385	385	384	384	383	383	382	382	381	381	380	380	380	379	379	379	379	378	378	378	378	377	377	377	377	377	377	376	376	376	376	376	376	376	376	376	376	376	376	376	376	376	376	376	376	376	376	376	376	376	377	377	377	377	377	377	377	376	376	376	376	376	375	375	375	375	375	374	374	374	373	373	373	373	372	372	372	371	371	371	370	370	370	369	369	368	368	367	367	366	365	365	364	364	363	363	362	362	362	361	361	360	360	359	359	358	358	357	357	356	356	355	354	354	353	353	352	352	352	351	351	351	350	349	349	349	348	348	347	347	346	346	345	345	345	344	344	343	343	343	343	342	342	342	342	341	341	340	340	340	340	339	339	339	338	338	338	338	337	337	337	336	336	336	336	335	335	335	334	334	333	333	333	333	332	332	332	332	332	331	331	331	331	330	330	329	329	328	328	328	327	326	326	326	325	325	324	324	323	323	322	322	321	320	320	319	319	318	318	317	317	317	316	315	314	314	313	313	312	311	311	310	310	309	309	308	308	308	307	307	306	306	305	305	305	304	304	304	303	303	303	303	302	302	END
QUANTIFICATION
Time[s]	Q_Integrate	Q_AMP	Q_Sum_pix	Q_MIP_int	Pix_Y	Pix_X	Pix_Z	AMP	BGD	SigmaXY	SigmaZ	MuY	MuX	MuZ	RES	Cent_Y	Cent_X	Cent_Z	OPB_time	OPB_INT	OPB_FIT	OPB_FIT_norm
0	1.59814e+08	1125.59	8419	1092	363	263	0	1125.59	52	192	0	20851.8	28821.4	0	3.17796e+06	312.214	346.87	0	0	562.902	606.384	1
180	2.06738e+08	1510.48	12467	2173	359	265	0	1510.48	52	183.928	0	20985.6	28468.2	0	4.00262e+06	295.981	337.129	0	180	563.573	605.294	0.998201
360	1.81569e+08	1278.81	10044	948	363	263	0	1278.81	52	192	0	20912.5	28762.9	0	4.44511e+06	344.697	315.454	0	360	552.818	604.205	0.996406
540	1.19945e+08	1016.53	7465	1224	364	264	0	1016.53	52	158.314	0	20935.9	28878.5	0	2.78933e+06	308.353	336.609	0	540	554.626	603.119	0.994614
720	1.03135e+08	726.393	6286	1168	362	261	0	726.393	52	192	0	20771.8	28728.4	0	2.69217e+06	348.928	333.685	0	720	559.179	602.034	0.992825
900	8.10505e+07	721.923	5687	783	364	264	0	721.923	51	151.518	0	20893.2	28802.4	0	1.01392e+06	288.296	282.188	0	900	542.91	600.951	0.99104
1080	1.17016e+08	1066.89	8130	1028	363	262	0	1066.89	52	148.556	0	20805.6	28763	0	2.05782e+06	331.449	323.241	0	1080	550.277	599.87	0.989258
1260	1.3019e+08	1159.32	9030	1400	368	265	0	1159.32	51.9999	151.551	0	21027.7	29134.2	0	2.22894e+06	326.303	309.654	0	1260	541.077	598.792	0.987479
1440	2.14809e+08	1744.86	13724	2281	368	265	0	1744.86	52	164.718	0	21016.1	29131.4	0	2.96055e+06	324.097	303.918	0	1440	555.99	597.715	0.985703
1620	1.52065e+08	1139.44	9714	1067	367	268	0	1139.44	52	178.85	0	21269.6	29067	0	2.73452e+06	326.219	314.639	0	1620	520.874	596.64	0.98393
1800	1.25036e+08	906.835	7792	1064	371	267	0	906.835	51	185.48	0	21152.7	29434.6	0	1.97372e+06	303.971	347.009	0	1800	525.846	595.567	0.982161
1980	1.15031e+08	978.468	7728	697	377	268	0	978.468	51	157.786	0	21242.8	29840.4	0	1.97684e+06	310.651	300.356	0	1980	526.869	594.496	0.980394
2160	1.1213e+08	789.742	6809	805	379	267	0	789.742	52	192	0	21169.3	29996.4	0	1.64573e+06	307.764	303.898	0	2160	519.066	593.427	0.978631
2340	4.07126e+07	286.744	2522	230	379	267	0	286.744	52	192	0	21093	30001.9	0	1.04641e+06	270.633	313.369	0	2340	518.629	592.36	0.976871
2520	5.00538e+07	352.534	3038	417	379	267	0	352.534	52	192	0	21093	30099	0	1.50271e+06	270.172	349.062	0	2520	522.676	591.294	0.975114
2700	5.40675e+07	558.734	3697	464	379	267	0	558.734	52	134.66	0	21221.6	29955.1	0	1.22511e+06	332.548	300.834	0	2700	528.764	590.231	0.973361
2880	5.81642e+07	409.656	3017	261	379	267	0	409.656	52	192	0	21174.4	29941	0	1.30339e+06	302.719	280.576	0	2880	514.062	589.169	0.97161
3060	2.44696e+07	172.342	966	131	379	267	0	172.342	52	192	0	21093	29941	0	1.17296e+06	277.698	272.636	0	3060	519.572	588.11	0.969863
3240	4.72945e+07	444.511	1517	261	379	267	0	444.511	51.002	144.895	0	21093	29941	0	1.80099e+06	200.386	283.198	0	3240	521.576	587.052	0.968119
3420	1.44854e+06	52.9601	305	0	379	267	0	52.9601	51	66	0	21251	29941	0	209418	321.472	281.875	0	3420	516.329	585.996	0.966378
3600	7.39575e-07	2.70396e-11	221	0	379	267	0	2.70396e-11	51	66	0	21093	29941	0	188308	280.859	273.911	0	3600	520.182	584.943	0.96464
3780	6.3447e+07	885.185	5917	805	375	258	0	885.185	51.9993	110.298	0	20463.3	29718.5	0	1.21442e+06	323.995	322.557	0	3780	512.889	583.891	0.962905
3960	6.33335e+07	680.893	4812	1007	381	262	0	680.893	52	130.841	0	20812.4	30197.4	0	1.28504e+06	330.876	332.559	0	3960	506.606	582.841	0.961173
4140	4.32404e+07	344.482	2447	112	381	262	0	344.482	52	167.863	0	20839.3	30099	0	1.2456e+06	346.623	287.396	0	4140	511.575	581.792	0.959445
4320	3.61889e+07	315.547	2321	432	381	262	0	315.547	51	154.342	0	20850.3	30203.7	0	830914	361.014	323.01	0	4320	514.327	580.746	0.957719
4500	3.2943e+07	730.751	3338	350	381	262	0	730.751	52	85.1635	0	20818.1	30099.6	0	355392	347.212	268.837	0	4500	525.619	579.702	0.955997
4680	1.07395e+08	901.163	7353	869	375	260	0	901.163	51	159.759	0	20658.4	29733.3	0	1.60827e+06	346.287	336.349	0	4680	511.643	578.659	0.954278
4860	1.5103e+08	1291.76	9743	1911	373	261	0	1291.76	52	157.006	0	20691.6	29517.7	0	2.4847e+06	311.024	303.505	0	4860	512.462	577.619	0.952562
5040	1.08882e+08	797.208	7257	1149	368	264	0	797.208	51	183.488	0	20864.8	29230	0	3.38085e+06	275.17	352.889	0	5040	514.932	576.58	0.950849
5220	2.15427e+08	1517.27	11691	1358	376	263	0	1517.27	52	192	0	20824.4	29780.5	0	3.34364e+06	299.616	311.241	0	5220	520.242	575.543	0.949139
5400	9.65804e+07	905.531	6576	1423	374	266	0	905.531	51	145.181	0	21036.3	29641.6	0	2.53343e+06	268.104	331.295	0	5400	508.719	574.508	0.947432
5580	1.04798e+08	921.209	7447	875	370	265	0	921.209	51.9987	153.253	0	21003.9	29309.5	0	1.79979e+06	309.748	311.541	0	5580	494.098	573.475	0.945728
5760	1.35497e+08	1091.85	8030	1497	372	266	0	1091.85	51	165.995	0	21096.4	29406.6	0	2.60327e+06	322.496	278.999	0	5760	507.146	572.443	0.944027
5940	1.46964e+08	1238.88	9853	1243	379	274	0	1238.88	51.0001	159.085	0	21705.1	30048.2	0	2.37146e+06	298.388	341.374	0	5940	501.497	571.414	0.942329
6120	8.52682e+07	704.042	5594	1177	381	275	0	704.042	51.0001	162.176	0	21805.9	30120.4	0	1.53778e+06	311.3	280.382	0	6120	495.371	570.386	0.940635
6300	1.3732e+08	1344.98	9702	1365	375	275	0	1344.98	51.9999	140.24	0	21782.8	29693.8	0	1.7096e+06	303.081	311.789	0	6300	497.341	569.36	0.938943
6480	1.05653e+08	936.579	7543	997	374	275	0	936.579	52	152.14	0	21806.2	29610.1	0	1.40083e+06	318.058	296.547	0	6480	480.583	568.337	0.937255
6660	1.22659e+08	1029.03	8244	1033	374	277	0	1029.03	52	159.79	0	21948.7	29644.8	0	2.20614e+06	315.657	322.148	0	6660	473.927	567.314	0.935569
6840	1.31697e+08	1142.08	8367	1334	363	278	0	1142.08	51	155.084	0	21987.5	28791.2	0	2.2098e+06	281.432	344.054	0	6840	494.958	566.294	0.933886
7020	7.81005e+07	678.656	5065	746	364	279	0	678.656	51	154.809	0	22150.8	28851.8	0	1.94917e+06	338.463	335.348	0	7020	474.948	565.276	0.932207
7200	5.94626e+07	690.234	5177	849	367	282	0	690.234	52	124.048	0	22387.7	29064.5	0	1.30198e+06	345.289	320.415	0	7200	485.408	564.259	0.930531
7380	8.00207e+07	853.061	6258	573	377	293	0	853.061	51.9999	131.637	0	23205	29844.2	0	1.31334e+06	306.151	302.578	0	7380	487.421	563.244	0.928857
7560	7.85554e+07	813.216	6515	529	372	293	0	813.216	51	134.485	0	23174.7	29478.7	0	1.68611e+06	264.194	324.366	0	7560	476.261	562.232	0.927187
7740	3.51983e+07	247.905	1566	181	372	293	0	247.905	51	192	0	23156.9	29388	0	977833	294.987	231.554	0	7740	488.819	561.22	0.925519
7920	3.57546e+07	290.667	2516	223	372	293	0	290.667	52	164.587	0	23281.5	29524.3	0	522199	334.485	331.063	0	7920	478.379	560.211	0.923855
8100	2.98336e+06	21.2426	223	90	372	293	0	21.2426	51	189.506	0	23305	29546	0	362975	406.948	330.131	0	8100	487.799	559.204	0.922193
8280	7.18976e+07	910.699	6627	492	387	298	0	910.699	51	117.135	0	23598.9	30663.2	0	1.53664e+06	312.748	315.179	0	8280	502.118	558.198	0.920535
8460	1.06103e+08	1071.88	7506	1032	384	294	0	1071.88	51	136.96	0	23253.3	30381.8	0	1.47546e+06	275.226	291.737	0	8460	521.942	557.194	0.918879
8640	1.59923e+06	58.4695	373	77	384	294	0	58.4695	51	66	0	23226	30336	0	227048	290.087	351.115	0	8640	511.43	556.192	0.917227
8820	653386	23.8885	98	6	384	294	0	23.8885	51	66	0	23384	30494	0	226644	320.615	336.264	0	8820	490.486	555.192	0.915577
9000	2.41752e+06	88.3871	470	0	384	294	0	88.3871	51	66	0	23312.6	30336	0	245789	327.996	346.058	0	9000	499.617	554.193	0.913931
9180	847616	30.9897	386	0	384	294	0	30.9897	51	66	0	23378.4	30494	0	199302	299.706	351.484	0	9180	518.971	553.197	0.912287
9360	774053	28.3	421	0	384	294	0	28.3	51	66.0002	0	23326.3	30336	0	181454	370.903	276.754	0	9360	508.921	552.202	0.910647
9540	2.09613e-07	7.66367e-12	145	61	384	294	0	7.66367e-12	51	66	0	23384	30494	0	120032	303.522	345.815	0	9540	501.495	551.209	0.909009
9720	6.07711e-10	2.22185e-14	181	0	384	294	0	2.22185e-14	51	66	0	23226	30494	0	109162	267.06	303.784	0	9720	499.528	550.218	0.907374
9900	2.1792e+06	79.6739	551	0	384	294	0	79.6739	51	66	0	23226	30441.7	0	264686	314.264	332.8	0	9900	494.452	549.228	0.905742
10080	2.47662e+06	86.6093	596	0	384	294	0	86.6093	51	67.4918	0	23384	30383.7	0	229839	322.815	278.614	0	10080	499.676	548.24	0.904113
10260	459088	16.7816	247	0	384	294	0	16.7816	51	66.0062	0	23276.5	30336	0	278671	225.162	333.614	0	10260	506.517	547.254	0.902488
10440	1.67942e+06	61.4012	553	174	384	294	0	61.4012	51	66	0	23264.1	30402.9	0	156123	328.005	278.756	0	10440	490.456	546.27	0.900865
10620	1.42851e+06	41.0217	175	0	384	294	0	41.0217	51	74.5568	0	23226	30494	0	286385	268.501	400.244	0	10620	507.036	545.288	0.899244
10800	872130	31.886	453	0	384	294	0	31.886	51	66	0	23226	30348.1	0	295296	322.32	254.611	0	10800	504.95	544.307	0.897627
10980	2.10998e+06	77.1431	758	110	384	294	0	77.1431	51	66	0	23272.1	30429.8	0	180523	360.286	301.641	0	10980	488.596	543.328	0.896013
11160	2.77107e+06	63.1083	441	0	384	294	0	63.1083	52	83.9985	0	23226	30494	0	610096	368.201	321.487	0	11160	515.083	542.351	0.894402
11340	1.20914e+08	1365.75	9157	1324	382	269	0	1365.75	51.0001	126.382	0	21344.9	30256.7	0	2.14941e+06	326.234	317.287	0	11340	513.671	541.376	0.892793
11520	8.03154e+07	628.61	5071	725	383	271	0	628.61	51.9928	170.865	0	21535.3	30319.9	0	1.57656e+06	340.898	310.204	0	11520	514.579	540.402	0.891188
11700	9.25421e+07	806.977	5847	1288	383	272	0	806.977	51	154.331	0	21624.8	30383.1	0	1.71726e+06	357.02	341.477	0	11700	527.328	539.43	0.889585
11880	7.10646e+07	662.092	5228	879	385	279	0	662.092	52	145.93	0	22068.1	30529.4	0	1.50346e+06	274.394	334.007	0	11880	533.281	538.46	0.887985
12060	3.55384e+07	333.86	1633	362	385	279	0	333.86	51	144.951	0	22041	30448	0	1.15261e+06	214.236	291.744	0	12060	525.812	537.492	0.886388
12240	404856	14.8019	431	7	385	279	0	14.8019	52	66	0	22080.3	30415	0	276363	316.109	330.964	0	12240	535.057	536.525	0.884794
12420	185.142	0.00186486	272	0	385	279	0	0.00186486	51	137.265	0	22041	30573	0	340621	262.905	344.844	0	12420	527.599	535.56	0.883203
12600	0.490772	1.79431e-05	242	0	385	279	0	1.79431e-05	51	66	0	22070.4	30573	0	247782	309.146	362.518	0	12600	530.231	534.597	0.881614
12780	2594.41	0.0948498	297	33	385	279	0	0.0948498	51	66.0015	0	22132.7	30415	0	221668	333.142	271.615	0	12780	533.756	533.636	0.880029
12960	985314	36.0241	256	0	385	279	0	36.0241	51	66	0	22041	30573	0	179949	364.087	307.536	0	12960	543.349	532.676	0.878446
13140	7.07328e+07	652.632	5154	709	373	287	0	652.632	51	147.097	0	22764.4	29606.6	0	1.60359e+06	319.856	359.104	0	13140	520.17	531.718	0.876867
13320	6.39305e+07	731.814	5527	434	376	291	0	731.814	51	125.23	0	23065.3	29763.3	0	1.18205e+06	305.36	300.779	0	13320	541.135	530.762	0.87529
13500	9.43208e+07	949.257	7287	1262	374	295	0	949.257	52	137.352	0	23405.2	29647.4	0	2.21953e+06	324.435	336.468	0	13500	530.079	529.807	0.873716
13680	4.49994e+07	436.62	2415	306	374	295	0	436.62	51	141.272	0	23316.9	29546	0	2.00377e+06	276.751	202.673	0	13680	530.185	528.855	0.872144
13860	3.05828e+07	457.152	2216	84	374	295	0	457.152	52	105.848	0	23435.5	29546	0	648108	350.806	239.391	0	13860	525.668	527.904	0.870576
14040	8.62029e+06	60.7136	311	59	374	295	0	60.7136	51	192	0	23305	29546	0	760617	257.098	225.2	0	14040	535.903	526.954	0.86901
14220	1.54412e+07	287.87	854	94	374	295	0	287.87	51	93.4428	0	23463	29546	0	610731	409.072	234.831	0	14220	529.615	526.007	0.867447
14400	0.00174105	6.36546e-08	162	0	374	295	0	6.36546e-08	51	66	0	23463	29546	0	516364	470.455	260.883	0	14400	519.513	525.061	0.865887
14580	5.9943e+07	656.133	5054	1092	367	300	0	656.133	51	129.18	0	23829	29094.4	0	1.76439e+06	369.418	353.271	0	14580	511.962	524.116	0.86433
14760	2.1915e+07	173.859	936	146	367	300	0	173.859	51	168.561	0	23858	28993	0	649547	401.61	274.598	0	14760	530.278	523.174	0.862776
14940	1.58464e+08	1577.26	11550	1382	362	307	0	1577.26	51	138.512	0	24330.2	28700.6	0	3.21347e+06	313.97	339.71	0	14940	527.862	522.233	0.861224
15120	1.33822e+08	1114.07	9265	670	362	306	0	1114.07	51.0001	160.933	0	24265.5	28684.9	0	3.19339e+06	324.529	329.204	0	15120	527.877	521.294	0.859675
15300	3.76662e+07	299.917	1485	0	362	306	0	299.917	51.9998	167.949	0	24332	28746.9	0	1.65135e+06	384.527	344.621	0	15300	527.458	520.356	0.858129
15480	2.89363e+07	232.064	1041	138	362	306	0	232.064	51	166.769	0	24332	28699.1	0	1.46369e+06	430.994	328.655	0	15480	525.148	519.42	0.856586
15660	8.61395e+07	617.006	5156	741	367	316	0	617.006	51	188.179	0	24964	29018.8	0	1.50199e+06	278.347	290.765	0	15660	515.939	518.486	0.855046
15840	6.2411e+07	1153.35	5957	1152	363	319	0	1153.35	52	93.8914	0	25244.9	28717	0	1.34547e+06	302.848	312.282	0	15840	508.734	517.554	0.853508
16020	1.12467e+08	1038.86	7118	897	365	324	0	1038.86	51	146.961	0	25667.7	28940.9	0	2.94801e+06	312.998	332.983	0	16020	516.826	516.623	0.851973
16200	1.39177e+08	1372.66	10200	1208	360	326	0	1372.66	52	139.489	0	25803.6	28554.3	0	2.57966e+06	300.362	340.363	0	16200	511.205	515.694	0.850441
16380	1.65275e+08	1300.01	10305	1663	357	325	0	1300.01	52	170.01	0	25796.4	28279.2	0	3.73898e+06	344.244	320.614	0	16380	523.23	514.767	0.848911
16560	1.28955e+08	1060.22	8704	752	359	324	0	1060.22	52	162.829	0	25698.7	28463.1	0	2.50492e+06	332.198	319.314	0	16560	523.766	513.841	0.847385
16740	1.1028e+08	888.248	6771	1414	361	332	0	888.248	51	166.068	0	26238.2	28545	0	2.01006e+06	270.942	280.439	0	16740	524.418	512.917	0.845861
16920	9.58327e+07	908.085	6793	1622	361	333	0	908.085	51.0013	143.948	0	26339.8	28586.1	0	2.90668e+06	272.418	306.845	0	16920	534.432	511.994	0.84434
17100	1.20516e+08	1324.59	9336	1053	361	336	0	1324.59	51	128.807	0	26599.5	28618.2	0	3.19213e+06	288.864	337.027	0	17100	539.671	511.074	0.842821
17280	1.79929e+08	1640.27	12196	2009	356	335	0	1640.27	51	148.574	0	26503.4	28224.3	0	3.76304e+06	289.174	330.335	0	17280	537.505	510.155	0.841306
17460	1.73479e+08	1467.84	11390	1617	356	335	0	1467.84	51.0012	158.547	0	26510.1	28209.6	0	4.96408e+06	291.017	330.624	0	17460	539.633	509.237	0.839793
17640	1.45601e+08	1180.77	9093	1638	351	329	0	1180.77	52	164.975	0	26093.5	27834.6	0	2.91665e+06	333.723	326.829	0	17640	515.073	508.321	0.838282
17820	1.43504e+08	1149.31	9350	896	353	329	0	1149.31	51.0012	166.991	0	26079.4	27988.8	0	4.23573e+06	326.111	330.187	0	17820	539.628	507.407	0.836775
18000	9.88019e+07	977.278	7494	1148	352	328	0	977.278	52	139.179	0	26040.2	27870.2	0	1.73708e+06	353.717	300.331	0	18000	532.479	506.495	0.83527
18180	1.12912e+08	925.941	7851	1143	350	331	0	925.941	51	163.225	0	26165.8	27726.3	0	2.94219e+06	271.524	312.022	0	18180	537.654	505.584	0.833768
18360	1.80572e+08	1926.52	13647	1668	349	330	0	1926.52	52	131.562	0	26184.1	27652.1	0	4.61138e+06	330.987	326.841	0	18360	528.553	504.675	0.832268
18540	1.32948e+08	1060.58	8658	698	351	332	0	1060.58	51	167.639	0	26249	27868.4	0	3.52476e+06	272.59	346.781	0	18540	519.713	503.767	0.830772
18720	1.03835e+08	942.512	7061	1067	349	322	0	942.512	51	149.11	0	25526.9	27689.9	0	1.82065e+06	324.854	344.963	0	18720	519.379	502.861	0.829278
18900	1.10453e+08	973.855	7579	1191	348	323	0	973.855	51.0009	152.852	0	25587.6	27620.4	0	3.00629e+06	315.971	349.083	0	18900	516.668	501.957	0.827786
19080	1.27041e+08	1108.55	8050	1682	345	323	0	1108.55	51.9999	154.242	0	25590.3	27389.5	0	2.02757e+06	311.773	352.998	0	19080	517.561	501.054	0.826297
19260	1.23434e+08	923.056	7414	1094	345	322	0	923.056	52	179.24	0	25546.4	27367.1	0	3.22437e+06	331.119	329.641	0	19260	530.177	500.153	0.824811
19440	1.91896e+08	1560.52	11550	1690	345	321	0	1560.52	51	164.537	0	25477.5	27322.7	0	5.51824e+06	345.547	313.793	0	19440	525.84	499.253	0.823328
19620	1.85732e+08	1877.54	14288	2248	346	318	0	1877.54	52	136.892	0	25182.9	27413.6	0	3.2075e+06	309.808	315.29	0	19620	532.86	498.356	0.821848
19800	1.7701e+08	2138.93	15117	2481	354	318	0	2138.93	52	120.769	0	25220.8	28030.6	0	3.53312e+06	343.924	294.172	0	19800	533.575	497.459	0.82037
19980	1.96452e+08	1818.68	12724	2257	344	314	0	1818.68	51.0001	146.692	0	24936.1	27290.5	0	4.65132e+06	357.927	342.508	0	19980	542.53	496.565	0.818894
20160	1.69127e+08	1446.56	11330	1461	348	315	0	1446.56	52	157.004	0	24967.4	27578.2	0	5.76555e+06	317.128	322.251	0	20160	545.22	495.672	0.817421
20340	1.7571e+08	1449.05	11052	1992	352	317	0	1449.05	52	162.36	0	25133.3	27875.5	0	4.20034e+06	319.789	305.717	0	20340	536.387	494.78	0.815951
20520	2.53624e+08	2376.05	18500	2829	348	314	0	2376.05	52	145.276	0	24899.1	27605.7	0	1.35621e+07	324.11	347.404	0	20520	543.99	493.89	0.814484
20700	2.78258e+08	1959.8	16272	2502	351	316	0	1959.8	52	192	0	25026.6	27820.1	0	9.38792e+06	298.371	315.23	0	20700	566.839	493.002	0.813019
20880	1.91965e+08	1901.75	13884	2079	347	312	0	1901.75	52	139.011	0	24721.2	27455.1	0	3.63511e+06	327.519	296.142	0	20880	555.092	492.116	0.811557
21060	9.15969e+07	821.667	6276	1493	348	312	0	821.667	52	150.604	0	24725.1	27558.3	0	2.41646e+06	315.292	317.666	0	21060	561.814	491.231	0.810098
21240	1.00483e+08	827.188	6651	1103	347	312	0	827.188	52	162.634	0	24691.1	27461.6	0	2.59913e+06	303.386	305.621	0	21240	567.306	490.347	0.808641
21420	9.64513e+07	909.038	7549	859	347	310	0	909.038	52	144.572	0	24557.4	27520.1	0	1.62435e+06	312.699	331.348	0	21420	578.588	489.465	0.807187
21600	4.13263e+08	4716.94	32087	3840	342	310	0	4716.94	52	125.478	0	24550.1	27135.8	0	7.39758e+06	306.746	349.658	0	21600	576.068	488.585	0.805735
21780	2.06575e+08	1693	13326	1498	345	309	0	1693	51.0021	163.321	0	24488.6	27318.6	0	6.12861e+06	316.446	304.951	0	21780	588.131	487.706	0.804286
21960	1.56072e+08	1909.8	12745	2069	346	308	0	1909.8	52	119.777	0	24387.4	27451.2	0	2.4293e+06	299.184	344.134	0	21960	572.585	486.829	0.80284
22140	2.09081e+08	2311.09	16113	2521	348	306	0	2311.09	52	128.295	0	24279.8	27594.3	0	4.07847e+06	341.406	337.54	0	22140	565.245	485.954	0.801396
22320	1.5405e+08	1367.05	10645	973	352	304	0	1367.05	51.0001	152.001	0	24063.6	27858.2	0	3.95564e+06	292.157	296.639	0	22320	554.275	485.08	0.799955
22500	7.55865e+07	1256.79	7785	1402	351	305	0	1256.79	52	99.5574	0	24166.2	27823.3	0	2.19381e+06	333.599	304.322	0	22500	565.477	484.208	0.798516
22680	8.21085e+07	733.096	5834	496	351	304	0	733.096	51	151.209	0	24096.5	27755.2	0	1.96983e+06	311.923	276.88	0	22680	572.631	483.337	0.79708
22860	6.63567e+07	1272.58	7052	1506	356	310	0	1272.58	52	92.019	0	24577	28184.7	0	1.67572e+06	310.157	277.706	0	22860	549.406	482.468	0.795646
23040	3.13561e+08	2803.9	20140	2802	353	314	0	2803.9	51	151.01	0	24876.3	27944	0	8.37574e+06	304.71	295.806	0	23040	579.421	481.6	0.794216
23220	2.36618e+08	1891.06	15041	1520	358	320	0	1891.06	51.9998	167.337	0	25383.1	28342	0	3.86926e+06	331.523	303.303	0	23220	545.091	480.734	0.792787
23400	2.34275e+08	3211.33	20414	3931	357	320	0	3211.33	52	111.491	0	25358.6	28243.1	0	5.58846e+06	310.697	276.405	0	23400	558.214	479.869	0.791361
23580	1.4751e+08	1267.71	9659	1352	352	320	0	1267.71	51.0019	156.334	0	25371.3	27909.8	0	1.75216e+06	324.658	332.511	0	23580	560.423	479.006	0.789938
23760	8.74359e+07	725.174	6031	774	346	318	0	725.174	51.0003	161.498	0	25207.7	27424.7	0	2.02699e+06	322.528	328.416	0	23760	558.113	478.145	0.788518
23940	3.01414e+07	212.289	1621	339	346	318	0	212.289	52	192	0	25194.3	27338.5	0	1.08211e+06	310.911	303.548	0	23940	560.247	477.285	0.7871
24120	3.60094e+07	253.618	1665	303	346	318	0	253.618	52	192	0	25247.2	27492	0	1.94899e+06	310.647	369.579	0	24120	557.903	476.427	0.785684
24300	4.56092e+07	799.446	4858	901	350	314	0	799.446	52	96.6627	0	24905	27704.7	0	1.66251e+06	357.791	309.93	0	24300	557.858	475.57	0.784271
24480	7.38719e+07	721.523	5444	909	350	317	0	721.523	51.9924	140.544	0	25091.1	27779	0	1.73999e+06	294.075	356.209	0	24480	549.594	474.715	0.782861
24660	4.30511e+07	303.213	2233	336	350	317	0	303.213	52	192	0	25043	27808	0	1.26503e+06	262.069	350.934	0	24660	551.375	473.861	0.781453
24840	1.23801e+07	87.1944	861	135	350	317	0	87.1944	52	192	0	25043	27650	0	677987	286.075	312.771	0	24840	553.538	473.009	0.780048
25020	3.24564e+06	22.8594	163	0	350	317	0	22.8594	52	192	0	25107.6	27808	0	659987	326.242	305.536	0	25020	558.208	472.158	0.778645
25200	3.55331e+07	1074.2	4728	1214	357	318	0	1074.2	52	72.638	0	25230.3	28272.3	0	821985	353.955	313.842	0	25200	553.906	471.309	0.777244
25380	6.09488e+07	1396.69	7219	1120	352	305	0	1396.69	52	83.7268	0	24196.8	27846.7	0	1.32227e+06	323.338	274.575	0	25380	549.09	470.461	0.775847
25560	3.48754e+07	358.335	1809	146	352	305	0	358.335	51	135.235	0	24253	27860.8	0	1.04139e+06	374.803	294.549	0	25560	551.937	469.615	0.774451
25740	1.39075e+06	50.8471	394	181	352	305	0	50.8471	51	66	0	24095	27877.2	0	382485	337.069	315.03	0	25740	572.138	468.771	0.773059
25920	965199	6.798	247	55	352	305	0	6.798	51	192	0	24095	27808	0	361464	238.855	262.406	0	25920	565.252	467.928	0.771668
26100	1.12197e+06	7.90215	273	52	352	305	0	7.90215	52	192	0	24095	27808	0	347176	253.592	326.443	0	26100	574.318	467.086	0.770281
26280	1.63071e+07	596.205	2397	745	352	305	0	596.205	51	66	0	24177.5	27837.4	0	535741	347.742	321.269	0	26280	569.549	466.246	0.768895
26460	0.0104272	3.8123e-07	206	70	352	305	0	3.8123e-07	51	66	0	24222.3	27935.2	0	139029	329.459	273.647	0	26460	566.645	465.408	0.767513
26640	1.13941e+06	41.6579	379	0	352	305	0	41.6579	51	66	0	24253	27877.9	0	217293	303.36	280.638	0	26640	567.837	464.571	0.766132
26820	4.64183e+07	897.284	5582	958	334	308	0	897.284	51.0001	91.6262	0	24396.4	26453.8	0	954691	304.94	317.453	0	26820	569.746	463.735	0.764754
27000	1.35119e+08	1596.43	10562	1770	339	307	0	1596.43	52	122.583	0	24296.2	26868.9	0	2.51622e+06	292.497	314.425	0	27000	571.202	462.901	0.763379
27180	1.81924e+08	1444.6	12092	802	337	307	0	1444.6	51	168.406	0	24303.7	26706.1	0	6.48818e+06	289.427	313.507	0	27180	570.377	462.069	0.762006
27360	9.5411e+07	1451.45	9183	1582	336	308	0	1451.45	52	104.765	0	24382	26609.8	0	2.9886e+06	292.752	324.695	0	27360	558.652	461.238	0.760636
27540	1.32793e+08	1347.64	9333	1631	333	306	0	1347.64	51.0001	136.491	0	24204.6	26413.6	0	1.71174e+06	280.792	332.636	0	27540	559.165	460.408	0.759268
27720	1.13155e+08	1179.07	9439	830	329	305	0	1179.07	51	133.84	0	24145.2	26078.7	0	3.4722e+06	281.704	324.854	0	27720	567.338	459.58	0.757903
27900	1.62534e+08	1199.65	10211	1517	326	303	0	1199.65	52	181.839	0	24005.5	25844.2	0	5.57085e+06	307.6	325.19	0	27900	558.656	458.754	0.75654
28080	1.84679e+08	1677.88	12541	1628	325	306	0	1677.88	52	148.995	0	24227.9	25773.7	0	4.43951e+06	299.518	324.851	0	28080	560.547	457.929	0.755179
28260	1.75294e+08	1610.46	12701	1183	323	305	0	1610.46	51.9998	147.619	0	24178.3	25562	0	7.45256e+06	321.323	295.749	0	28260	562.818	457.105	0.753821
28440	2.28669e+08	1763.21	14996	977	321	307	0	1763.21	51.0453	173.501	0	24303.6	25447.5	0	1.01626e+07	301.621	319.078	0	28440	567.586	456.283	0.752465
28620	2.39438e+08	2793.27	19071	2192	320	309	0	2793.27	52	123.631	0	24508.2	25389.4	0	6.65664e+06	309.612	334.548	0	28620	570.76	455.463	0.751112
28800	4.5522e+08	5199.31	35360	5992	314	308	0	5199.31	52	125.421	0	24386.4	24909.3	0	1.44587e+07	280.958	339.679	0	28800	570.734	454.644	0.749761
