MS2-QUANT	v0j
Region DEFINITION, 05-Apr-2021
COMMENT	Outline definition performed in MS2-QUANT (Main program)
FILE	MAX_20201217_RI516_C12MS2128TkTat_001_visit_7.tif
PATH	/Volumes/EBL/20201217/
PARAMETERS
Pix-XY	Pix-Z	RI	Ex	Em	NA	dT	Type
79	600	1.458	488	521	1.4	180	widefield
ANALYSIS-SETTINGS	
IMAGING-BACKGROUND	150
LIMIT-FIT-SIGMA-XY-MIN	-10
LIMIT-FIT-SIGMA-XY-MAX	138
LIMIT-FIT-SIGMA-Z-MIN	0
LIMIT-FIT-SIGMA-Z-MAX	0
LIMIT-FIT-BGD-MIN	49
LIMIT-FIT-BGD-MAX	50
DETECTION-THRESHOLD	500
REGION	TxSite
X_POS	159	158	158	158	158	157	157	156	156	156	155	155	155	155	154	154	153	153	153	152	152	151	151	150	150	149	149	148	147	147	146	146	146	145	145	144	144	143	143	142	142	141	141	140	140	139	139	138	138	137	137	136	135	135	134	134	133	133	132	132	131	131	130	129	129	128	128	127	127	126	126	125	125	124	124	123	123	122	122	121	121	120	120	120	119	119	119	118	118	118	117	117	117	116	116	116	115	115	115	114	114	114	114	114	113	113	113	112	112	112	112	111	111	111	111	110	110	110	110	110	109	109	109	108	108	108	108	108	107	107	107	107	106	106	106	106	106	106	105	105	105	105	104	104	104	103	103	103	103	102	102	102	101	101	100	100	100	99	99	98	98	98	97	96	96	95	95	94	93	93	92	92	91	90	90	89	89	88	88	88	87	87	86	86	85	85	84	84	84	83	83	82	82	82	81	81	80	80	79	79	79	78	78	77	77	77	76	76	75	75	75	74	74	74	73	73	72	72	71	71	71	71	71	70	70	70	70	69	69	69	69	69	69	68	68	68	68	68	68	68	68	67	67	67	67	67	67	67	67	67	67	66	66	66	66	66	66	66	66	67	67	67	67	67	68	68	68	69	69	69	69	69	70	70	70	71	71	72	72	72	73	73	74	74	75	75	76	76	77	77	78	78	78	79	79	80	80	81	81	82	82	83	83	84	84	84	85	85	86	86	86	86	87	87	88	88	88	88	89	89	89	89	90	90	90	90	91	91	92	92	92	92	93	93	94	94	94	95	95	95	96	96	96	97	97	97	98	98	98	99	100	100	101	101	102	102	103	103	104	104	105	105	106	106	107	107	108	108	109	110	110	111	111	112	113	113	114	114	115	115	116	116	117	117	118	118	119	119	120	120	121	121	122	122	122	123	123	123	124	125	125	126	126	127	127	128	128	128	129	129	130	131	131	132	132	133	133	134	134	135	135	136	136	137	138	138	139	140	140	141	141	142	142	143	144	144	145	145	146	146	147	147	148	148	149	149	150	150	151	151	152	152	153	154	154	155	156	156	156	156	157	157	157	157	157	158	158	158	158	158	159	159	159	160	160	160	160	160	160	161	161	161	161	161	161	161	161	161	161	162	162	162	162	162	162	162	162	162	162	162	162	162	162	162	162	162	162	162	162	162	162	162	162	162	162	162	162	END
Y_POS	196	195	195	195	194	194	194	194	194	194	194	193	193	193	193	193	193	192	192	192	192	192	192	192	192	191	191	191	191	191	191	190	190	190	190	190	190	190	190	190	190	190	190	190	190	189	189	189	189	189	189	189	189	189	189	189	189	189	189	189	189	189	190	190	190	190	190	190	190	190	191	191	191	191	191	191	191	192	192	192	192	192	193	193	193	193	194	194	194	194	194	195	195	195	195	196	196	196	196	196	197	197	197	198	198	198	198	198	199	199	200	200	200	200	201	201	201	202	202	203	203	203	204	204	205	205	205	206	206	206	207	207	207	208	208	209	209	210	210	210	210	211	211	211	212	212	212	212	213	213	213	213	214	214	214	214	214	214	215	215	215	215	215	215	215	215	215	215	216	216	216	216	216	216	216	216	216	216	216	216	216	216	216	216	216	216	216	216	217	217	217	217	217	217	217	217	217	217	217	217	218	218	218	218	218	218	218	218	218	218	219	219	219	219	219	220	220	220	220	221	221	221	222	222	222	222	223	223	224	224	224	225	225	226	226	226	227	227	228	228	229	229	230	230	231	231	232	232	233	233	234	234	235	235	236	236	237	237	238	238	238	239	239	239	240	240	240	240	241	241	241	242	242	242	242	242	243	243	243	243	243	243	243	243	243	243	243	243	243	243	243	243	243	243	242	242	242	241	241	241	241	241	240	240	240	239	239	239	239	238	238	238	238	237	237	237	237	236	236	236	236	235	235	235	235	234	234	234	234	233	233	233	233	233	232	232	232	232	232	231	231	231	231	231	230	230	230	230	230	230	230	230	230	230	230	230	230	230	230	230	230	230	230	230	230	230	230	230	230	230	230	230	230	230	230	230	230	230	230	230	230	230	230	230	230	230	230	230	230	230	230	230	230	229	229	229	229	229	229	229	229	229	229	229	229	229	228	228	228	228	228	228	228	228	228	228	228	228	228	228	228	228	228	228	228	228	228	228	228	229	229	229	229	229	229	229	229	229	229	229	229	229	229	229	229	229	229	229	229	229	229	229	229	229	229	229	229	229	228	228	228	227	227	227	226	226	226	225	225	224	224	224	223	223	222	222	222	221	221	221	220	220	219	219	219	218	218	217	217	217	216	216	215	215	214	214	213	213	212	212	211	211	210	210	209	209	208	208	207	207	206	206	205	205	204	204	203	END
QUANTIFICATION
Time[s]	Q_Integrate	Q_AMP	Q_Sum_pix	Q_MIP_int	Pix_Y	Pix_X	Pix_Z	AMP	BGD	SigmaXY	SigmaZ	MuY	MuX	MuZ	RES	Cent_Y	Cent_X	Cent_Z	OPB_time	OPB_INT	OPB_FIT	OPB_FIT_norm
0	1.94829e+06	790	489	0	236	74	0	790	49	19.8117	0	5846	18676.4	0	228134	339.119	258.956	0	0	746.163	931.618	1
180	3.74105	28.313	176	0	236	74	0	28.313	49	0.145015	0	5857.1	18655.9	0	244800	296.099	344.146	0	180	755.037	929.942	0.998202
360	9.9137e+07	1537.6	9867	1308	236	74	0	1537.6	50	103.594	0	5946.57	18739.4	0	1.40822e+06	345.634	335.876	0	360	750.283	928.27	0.996406
540	1.7815e+08	2041.05	14061	1783	233	77	0	2041.05	49.9999	125.156	0	6172.44	18515.5	0	2.23238e+06	327.964	339.185	0	540	772.215	926.6	0.994615
720	1.313e+06	1075.68	362	136	233	77	0	1075.68	50	13.938	0	6162.11	18528.9	0	828736	258.543	208.752	0	720	760.214	924.934	0.992826
900	1.09992e+06	457.999	480	0	233	77	0	457.999	49	19.5505	0	6161.86	18565	0	158109	334.432	323.795	0	900	786.95	923.271	0.99104
1080	472653	360.75	336	77	233	77	0	360.75	49	14.4404	0	6206.57	18485.4	0	167584	294.567	298.847	0	1080	777.279	921.61	0.989258
1260	592334	560.976	243	0	233	77	0	560.976	49	12.9635	0	6128.76	18565	0	171967	330.259	396.009	0	1260	781.344	919.953	0.987479
1440	1.90002e+06	191.608	567	73	233	77	0	191.608	49	39.7266	0	6165.09	18565	0	199250	301.915	350.397	0	1440	782.812	918.298	0.985703
1620	727179	566.762	449	78	233	77	0	566.762	50	14.2899	0	6112.21	18483	0	415740	314.076	372.968	0	1620	785.94	916.647	0.983931
1800	1.76775e+06	100.47	306	0	233	77	0	100.47	49	52.9181	0	6083	18413	0	171554	317.1	295.33	0	1800	776.767	914.998	0.982161
1980	649203	458.57	398	0	233	77	0	458.57	49	15.0106	0	6083	18482.4	0	157505	286.107	316.901	0	1980	780.17	913.353	0.980395
2160	48473	57.6912	99	59	233	77	0	57.6912	50	11.5639	0	6169.77	18498.9	0	318529	277.098	336.22	0	2160	771.466	911.71	0.978632
2340	3.71696e-06	6.10715	415	35	233	77	0	6.10715	50	-0.000311232	0	6103.03	18407.1	0	273063	290.874	267.339	0	2340	780.082	910.071	0.976872
2520	1.28992e+06	529.727	394	104	233	77	0	529.727	49	19.6864	0	6162.05	18432.1	0	166141	316.421	302.517	0	2520	780.073	908.434	0.975115
2700	2.34856e+06	48.869	273	0	233	77	0	48.869	49	88.0853	0	6083.01	18565	0	310828	280.604	347.478	0	2700	803.656	906.8	0.973361
2880	856088	393.312	288	0	233	77	0	393.312	49	18.6123	0	6241	18407	0	216581	344.026	318.674	0	2880	805.486	905.17	0.971611
3060	8.78451e+06	87.8616	490	0	233	77	0	87.8616	50	138	0	6241	18565	0	709098	365.571	369.383	0	3060	808.677	903.542	0.969863
3240	2.05341e+06	492.885	690	50	233	77	0	492.885	49	25.7499	0	6083	18407	0	200689	283.799	321.17	0	3240	782.229	901.917	0.968119
3420	235502	20.6384	357	0	233	77	0	20.6384	49	42.6157	0	6083	18449.6	0	150755	284.583	333.523	0	3420	788.81	900.295	0.966378
3600	316505	394.702	208	0	233	77	0	394.702	50	11.2971	0	6083.12	18408.3	0	245667	302.637	299.655	0	3600	785.05	898.676	0.96464
3780	796047	63.4201	435	0	233	77	0	63.4201	49	44.6957	0	6137.9	18407	0	228127	301.804	322.432	0	3780	798.188	897.06	0.962906
3960	0.000985653	53.7214	86	0	233	77	0	53.7214	50	0.00170883	0	6108.19	18407	0	236076	305.605	259.459	0	3960	788.524	895.446	0.961174
4140	2.13755e+06	28.8701	390	115	233	77	0	28.8701	49	112.51	0	6126.3	18407	0	247628	340.907	248.634	0	4140	797.086	893.836	0.959445
4320	1.11871e+06	502	438	140	233	77	0	502	49	18.8329	0	6181.6	18524.5	0	212229	342.856	299.56	0	4320	782.568	892.229	0.95772
4500	2.5088e+06	456.482	686	38	233	77	0	456.482	50	29.5754	0	6083	18502	0	312715	292.536	299.186	0	4500	784.519	890.624	0.955997
4680	904968	642.318	345	0	233	77	0	642.318	50	14.9745	0	6240.64	18485.7	0	398389	418.576	308.969	0	4680	807.838	889.022	0.954278
4860	839313	585.96	398	66	233	77	0	585.96	49.6428	15.0987	0	6185.79	18423.7	0	287616	343.821	250.326	0	4860	809.531	887.424	0.952562
5040	1.14503e+08	1814.9	10824	1971	220	114	0	1814.9	50	102.306	0	9121.84	17469.1	0	1.48498e+06	356.989	326.179	0	5040	802.416	885.828	0.950849
5220	6.69736e+07	1138.28	6843	869	212	114	0	1138.28	49.9998	98.3378	0	9044.34	16853.4	0	1.55789e+06	285.413	341.523	0	5220	797.813	884.235	0.949139
5400	999173	610.84	475	134	212	114	0	610.84	49	16.1349	0	9059.21	16792.3	0	345058	350.087	250.822	0	5400	803.37	882.644	0.947432
5580	3.9271e+06	39.2784	180	0	212	114	0	39.2784	50	138	0	9006	16748	0	574054	288.821	248.989	0	5580	801.498	881.057	0.945728
5760	5.57634e+07	981.169	4956	1367	208	113	0	981.169	49	96.4584	0	8962.65	16545.1	0	1.41821e+06	284.825	348.848	0	5760	796.377	879.473	0.944027
5940	4.20659e+06	44.6772	459	79	208	113	0	44.6772	49	131.992	0	8927	16590	0	430241	291.193	342.875	0	5940	813.573	877.891	0.94233
6120	311730	511.407	280	0	208	113	0	511.407	49	9.84955	0	8927.37	16590	0	193075	353.627	375.67	0	6120	817.073	876.312	0.940635
6300	7.81944e+07	942.126	6242	1466	216	128	0	942.126	49	121.001	0	10208.3	17069.8	0	2.7187e+06	327.024	253.221	0	6300	805.176	874.736	0.938943
6480	6.04678e+07	678.486	4913	639	209	126	0	678.486	49	126.962	0	10035.1	16562.1	0	1.06828e+06	308.137	302.071	0	6480	808.826	873.163	0.937255
6660	8.84605e+07	1472.24	8588	1472	208	119	0	1472.24	50	99.5043	0	9492.45	16483.4	0	1.78266e+06	324.136	317.059	0	6660	811.656	871.593	0.935569
6840	1.2352e+06	815.751	499	36	208	119	0	815.751	50	15.5239	0	9557.32	16481.6	0	614279	349.889	296.592	0	6840	815.226	870.025	0.933887
7020	8.90246e+07	1415.31	8660	1314	210	130	0	1415.31	50	102.129	0	10320.4	16667.3	0	1.62661e+06	281.386	327.535	0	7020	814.087	868.461	0.932207
7200	1.35208e+08	1761.32	11617	1794	208	132	0	1761.32	49.0001	115.071	0	10501.7	16541.5	0	1.84225e+06	312.505	342.614	0	7200	822.666	866.899	0.930531
7380	2.55451e+08	2554.99	17267	2563	204	129	0	2554.99	50	138	0	10274.8	16236.9	0	6.50953e+06	325.94	359.19	0	7380	820.703	865.34	0.928857
7560	1.95611e+08	1956.48	12213	1411	206	135	0	1956.48	50	138	0	10756.8	16393.2	0	7.43434e+06	322.142	347.576	0	7560	814.668	863.784	0.927187
7740	1.1558e+08	1319.84	9261	1574	208	138	0	1319.84	49.9998	125.438	0	11018.6	16477	0	2.74685e+06	354.553	297.804	0	7740	843.964	862.23	0.92552
7920	527788	840	362	0	208	138	0	840	49	-10	0	11060	16590	0	292444	336.902	296.311	0	7920	815.86	860.68	0.923855
8100	3.35383e+06	810	702	0	208	138	0	810	49	25.6707	0	11006	16432	0	275427	361.155	290.397	0	8100	833.402	859.132	0.922194
8280	4.28041e+06	42.8122	97	0	208	138	0	42.8122	50	138	0	11060	16432	0	573216	381.049	269.923	0	8280	825.13	857.587	0.920535
8460	1.20069e+08	1461.9	10465	1288	201	146	0	1461.9	50	120.17	0	11620.3	15964.3	0	3.00239e+06	319.155	329.528	0	8460	816.872	856.045	0.91888
8640	9.19451e+07	1143.82	7838	1367	206	143	0	1143.82	49	118.501	0	11370.2	16309.6	0	2.42203e+06	311.272	276.689	0	8640	837.143	854.505	0.917227
8820	7.6514e+06	76.5285	569	0	206	143	0	76.5285	50	138	0	11297	16432	0	661361	245.379	323.584	0	8820	825.746	852.968	0.915578
9000	771506	596.247	224	83	206	143	0	596.247	49	14.3505	0	11375.9	16304.5	0	304069	310.722	276.479	0	9000	833.015	851.434	0.913931
9180	1.75494e+08	1755.27	13217	1471	206	129	0	1755.27	49.9999	138	0	10239.5	16309.3	0	5.85507e+06	287.739	288.349	0	9180	828.916	849.903	0.912288
9360	2.30354e+08	2967.23	20108	2373	206	135	0	2967.23	49.0001	115.89	0	10757.4	16370.5	0	5.62828e+06	324.517	323.569	0	9360	817.66	848.375	0.910647
9540	1.86836e+08	1969.47	14183	1963	207	136	0	1969.47	49.9995	132.714	0	10814.5	16407.8	0	3.4126e+06	302.027	299.875	0	9540	832.183	846.849	0.909009
9720	1.11136e+08	1336.37	9891	1204	207	134	0	1336.37	49.0001	121.16	0	10652.6	16425.6	0	3.77818e+06	302.068	315.027	0	9720	834.299	845.326	0.907375
9900	9.78577e+07	1254.48	8544	843	209	138	0	1254.48	49	116.243	0	10983.2	16576.2	0	3.38508e+06	334.312	308.5	0	9900	859.672	843.806	0.905743
10080	2.26023e+07	240.038	1237	213	209	138	0	240.038	49	131.999	0	10902	16602.9	0	827664	221.585	319.666	0	10080	843.031	842.288	0.904114
10260	7.22714e+07	1358.82	7368	1257	210	142	0	1358.82	50	93.0128	0	11264.5	16632.3	0	1.60308e+06	286.763	284.809	0	10260	853.967	840.774	0.902488
10440	1.2348e+08	1561.17	10750	1512	205	139	0	1561.17	50	117.275	0	11077.2	16301.6	0	3.035e+06	315.529	332.77	0	10440	852.338	839.262	0.900865
10620	1.03169e+08	1227.86	8113	1695	204	138	0	1227.86	50	121.989	0	10975.6	16233	0	2.60312e+06	299.37	341.236	0	10620	831.942	837.752	0.899245
10800	1.11493e+08	1115.14	7338	655	205	137	0	1115.14	50	138	0	10959.3	16304.4	0	3.45034e+06	363.14	346.085	0	10800	834.564	836.246	0.897628
10980	4.65957e+07	498.83	3089	398	205	137	0	498.83	49.9996	131.239	0	10931.8	16195	0	1.14691e+06	337.466	273.859	0	10980	849.036	834.742	0.896013
11160	7.9747e+06	373.777	866	0	205	137	0	373.777	50	58.2749	0	10981	16214.1	0	989260	376.703	308.169	0	11160	828.938	833.241	0.894402
11340	1.75356e+06	928.378	445	299	205	137	0	928.378	50	17.3384	0	10920.5	16274	0	516044	317.971	335.311	0	11340	816.968	831.742	0.892793
11520	5.27074e+07	918.725	5771	685	209	139	0	918.725	50	96.9624	0	11067.3	16569.5	0	1.41526e+06	336.971	294.385	0	11520	844.112	830.246	0.891188
11700	7.38094e+07	834.623	6237	478	208	140	0	834.623	49	126.285	0	11097	16521	0	1.66938e+06	285.682	324.347	0	11700	848.695	828.753	0.889585
11880	4.7229e+07	1341.92	5622	1514	210	137	0	1341.92	50	74.9605	0	10937.5	16665.8	0	1.88394e+06	338.366	326.559	0	11880	833.759	827.263	0.887985
12060	5.62789e+07	998.388	5768	1351	207	141	0	998.388	49	96.0222	0	11239.1	16424.3	0	1.80971e+06	346.027	316.231	0	12060	836.072	825.775	0.886388
12240	7.11155e+07	781.548	5596	1143	213	143	0	781.548	49	128.817	0	11362.6	16979.1	0	2.06595e+06	300.335	377.872	0	12240	844.329	824.29	0.884794
12420	9.33611e+07	2254.04	11022	2155	210	139	0	2254.04	50	81.4879	0	11061	16642.5	0	1.72528e+06	334.725	304.492	0	12420	861.449	822.808	0.883203
12600	6.16208e+07	1972.37	7801	1378	211	143	0	1972.37	50	70.5701	0	11345.5	16779.6	0	2.41229e+06	318.756	340.608	0	12600	844.862	821.328	0.881615
12780	317623	408.75	177	37	211	143	0	408.75	49	11.1208	0	11452.6	16746.7	0	231291	361.204	340.958	0	12780	840.608	819.851	0.880029
12960	2.68131e-06	14.5793	17	9	211	143	0	14.5793	49	-0.000171086	0	11396.7	16699.7	0	279141	323.089	238.061	0	12960	859.517	818.376	0.878447
13140	3.43042e+06	124.082	910	0	211	143	0	124.082	49	66.3566	0	11336.2	16763.2	0	230012	292.127	328.125	0	13140	844.765	816.905	0.876867
13320	1.45908e+06	671.956	639	69	211	143	0	671.956	50	18.59	0	11436	16768.8	0	316335	232.372	297.627	0	13320	847.934	815.436	0.87529
13500	2.18531e+06	770	602	0	211	143	0	770	49	21.2531	0	11455	16669	0	197564	294.654	277.175	0	13500	865.278	813.969	0.873716
13680	1.78534e+06	546	429	0	211	143	0	546	49	22.8126	0	11455	16801.2	0	201297	363.111	373.077	0	13680	837.243	812.505	0.872145
13860	3.81244e+06	91.6692	916	0	211	143	0	91.6692	49	81.6605	0	11380.6	16669	0	408145	290.928	297.377	0	13860	856.635	811.044	0.870576
14040	1.83583e+06	1113.87	407	325	211	143	0	1113.87	50	16.196	0	11376.8	16762.7	0	778030	354.397	395	0	14040	859.217	809.585	0.869011
14220	2.31947e+06	1242	804	75	211	143	0	1242	50	17.2402	0	11424.2	16669	0	710419	376.342	384.262	0	14220	855.216	808.13	0.867448
14400	1.39085e+06	673.841	460	272	211	143	0	673.841	49	18.1247	0	11376.7	16748.2	0	295292	355.039	331.273	0	14400	854.443	806.676	0.865888
14580	4.30931e+06	1276	989	638	211	143	0	1276	49	23.184	0	11375.8	16758	0	216076	309.249	292.746	0	14580	841.943	805.226	0.864331
14760	967755	37.5937	91	38	211	143	0	37.5937	50	64.0219	0	11297	16827	0	642578	268.562	332.867	0	14760	838.834	803.777	0.862776
14940	886668	492.609	333	0	211	143	0	492.609	49	16.9254	0	11455	16723.5	0	185112	348.593	320.144	0	14940	848.718	802.332	0.861225
15120	2.53411e+06	25.3459	439	0	211	143	0	25.3459	49	138	0	11455	16784.5	0	360294	351.772	315.13	0	15120	840.566	800.889	0.859676
15300	691922	102.588	223	113	211	143	0	102.588	49	32.7634	0	11376	16669	0	223577	338.55	252.9	0	15300	854.94	799.449	0.85813
15480	2.79562e+06	340.653	555	0	211	143	0	340.653	49	36.1404	0	11450.1	16827	0	266653	315.917	310.5	0	15480	832.081	798.011	0.856586
15660	2.97141e+06	51.7276	101	0	211	143	0	51.7276	49	97.0311	0	11297	16827	0	610852	223.211	320.834	0	15660	842.45	796.576	0.855046
15840	0.121674	4.9669	67	19	211	143	0	4.9669	49	0.0624405	0	11381.8	16742.2	0	186703	322.563	326.331	0	15840	854.931	795.143	0.853508
16020	0.000586153	57.0128	125	24	211	143	0	57.0128	50	0.00127917	0	11349.9	16819.7	0	468316	347.923	350.75	0	16020	843.327	793.713	0.851973
16200	2.82598e+06	745.983	678	0	211	143	0	745.983	49	24.5545	0	11300.4	16770.9	0	219328	276.63	279.742	0	16200	825.309	792.286	0.850441
16380	6.90844e+07	1079.53	6405	1398	211	131	0	1079.53	50	103.147	0	10441.4	16771.7	0	2.49143e+06	318.007	329.906	0	16380	810.237	790.861	0.848912
16560	4.16656e+07	572.864	1939	239	211	131	0	572.864	49	111.285	0	10349	16827	0	2.05962e+06	229.471	432.454	0	16560	839.77	789.439	0.847385
16740	1.55466e+08	2337.53	14137	2210	218	129	0	2337.53	49.9999	105.485	0	10237.2	17271.8	0	1.95942e+06	293.3	295.186	0	16740	849.737	788.019	0.845861
16920	1.35428e+08	1585.45	11295	1234	214	128	0	1585.45	50	123.34	0	10186.4	16999.2	0	5.4206e+06	313.376	317.629	0	16920	850.319	786.602	0.84434
17100	6.79927e+07	702.948	5352	557	212	130	0	702.948	49	134.616	0	10330.8	16865.9	0	1.50063e+06	309.834	350.892	0	17100	844.864	785.187	0.842822
17280	1.26066e+08	1955.27	12016	1386	214	126	0	1955.27	50	103.594	0	10052.1	16957	0	2.65927e+06	326.469	302.599	0	17280	847.34	783.775	0.841306
17460	7.60855e+07	1436.6	8010	1432	207	128	0	1436.6	50	92.7993	0	10198.9	16449.5	0	2.18923e+06	324.547	335.256	0	17460	834.245	782.366	0.839793
17640	6.21043e+07	948.335	6443	536	207	128	0	948.335	50	104.536	0	10168.6	16409.4	0	2.53114e+06	281.592	313.866	0	17640	820.656	780.959	0.838283
17820	640230	733.248	317	0	207	128	0	733.248	49.9935	11.7883	0	10113.3	16431.5	0	464316	294.095	280.412	0	17820	825.606	779.554	0.836775
18000	6.35301e+06	1646	1236	41	207	128	0	1646	50	24.7848	0	10112	16418.3	0	509132	312.304	279.881	0	18000	835.389	778.152	0.83527
18180	2.28855e+07	228.899	1728	158	207	128	0	228.899	50	138	0	10270	16378.9	0	874247	327.167	290.956	0	18180	837.29	776.753	0.833768
18360	2.82802e+07	282.855	2159	24	207	128	0	282.855	50	138	0	10260.1	16511	0	1.34308e+06	352.273	342.883	0	18360	837.259	775.356	0.832269
18540	3.92653e+07	392.727	1930	233	207	128	0	392.727	50	138	0	10270	16389.3	0	2.10641e+06	350.768	322.586	0	18540	831.701	773.962	0.830772
18720	3.8221e+07	382.282	1993	595	207	128	0	382.282	50	138	0	10270	16378	0	2.02571e+06	384.791	315.221	0	18720	817.383	772.57	0.829278
18900	3.50111e+07	350.177	2527	77	207	128	0	350.177	50	138	0	10176.7	16499.2	0	1.81226e+06	329.037	342.255	0	18900	805.936	771.18	0.827787
19080	4.60014e+07	460.1	3310	179	207	128	0	460.1	50	138	0	10199	16451.7	0	2.58181e+06	304.136	316.117	0	19080	811.75	769.794	0.826298
19260	2.35298e+07	235.345	1683	605	207	128	0	235.345	50	137.999	0	10174.9	16511	0	922135	308.946	352.847	0	19260	809.239	768.409	0.824812
19440	5.06788e+06	179.38	1011	0	207	128	0	179.38	50	67.0833	0	10270	16494.7	0	455323	305.313	285.196	0	19440	832.072	767.027	0.823329
19620	499012	543.297	273	0	207	128	0	543.297	49	12.0906	0	10229	16353	0	229262	276.5	348.644	0	19620	827.573	765.648	0.821848
19800	2.82017e+06	588.843	476	0	207	128	0	588.843	49.2848	27.6088	0	10176.5	16353	0	306493	270.149	294.865	0	19800	819.035	764.271	0.82037
19980	215317	4.86191	209	24	207	128	0	4.86191	49	84.3743	0	10112	16509.4	0	158600	250.555	342.981	0	19980	820.134	762.896	0.818895
20160	2.34512e+06	835.995	457	0	207	128	0	835.995	49	21.1296	0	10112.5	16353	0	361764	309.808	339.184	0	20160	824.766	761.525	0.817422
20340	2.16052e+06	718	804	345	207	128	0	718	50	21.884	0	10193.6	16417.8	0	608603	308.768	319.321	0	20340	824.985	760.155	0.815952
20520	4.42344e+06	82.1383	294	0	207	128	0	82.1383	49	93.6457	0	10150.6	16353	0	525909	286.869	292.31	0	20520	834.347	758.788	0.814484
20700	821899	8.22122	279	0	207	128	0	8.22122	49	137.991	0	10264.5	16353	0	338909	351.568	280.564	0	20700	833.109	757.423	0.81302
20880	2.16119e+06	225.811	562	90	207	128	0	225.811	50	39.0287	0	10270	16390.4	0	349159	360.837	344.196	0	20880	820.429	756.061	0.811558
21060	5.36166	13.0263	82	0	207	128	0	13.0263	49	0.255946	0	10177.1	16457.5	0	230228	309.959	273.542	0	21060	824.969	754.702	0.810098
21240	1.88257e+06	722	592	321	207	128	0	722	50	20.3712	0	10199.9	16437.8	0	303637	320.835	292.808	0	21240	834.322	753.344	0.808641
21420	964617	632.211	331	0	207	128	0	632.211	50	15.5832	0	10191.5	16353	0	434342	307.157	289.229	0	21420	825.201	751.99	0.807187
21600	6.06663e+06	922	1412	340	207	128	0	922	49	32.3607	0	10143.7	16479	0	414761	292.52	267.566	0	21600	826.739	750.637	0.805735
21780	1.64652e+06	562	613	59	207	128	0	562	49	21.5936	0	10115.8	16353	0	126081	313.894	301.185	0	21780	831.152	749.287	0.804286
21960	1.15345e+06	929.07	325	235	207	128	0	929.07	49.742	14.0567	0	10189	16431.9	0	444267	256.019	258.671	0	21960	837.251	747.94	0.80284
22140	3.50162e+06	781.999	902	353	207	128	0	781.999	50	26.6957	0	10155.9	16432.4	0	469054	321.367	342.684	0	22140	814.529	746.595	0.801396
22320	4.29459e+06	77.9797	503	0	207	128	0	77.9797	49	94.7999	0	10270	16387.4	0	650319	294.908	319.382	0	22320	809.856	745.252	0.799955
22500	3.17712e+06	798	1002	0	207	128	0	798	50	25.1725	0	10135.4	16511	0	471248	281.467	342.788	0	22500	807.53	743.912	0.798516
22680	2.22866e+06	664	691	0	207	128	0	664	50	23.1126	0	10112	16497.2	0	279306	312.345	341.124	0	22680	791.575	742.574	0.79708
22860	1.17036e+06	776	324	0	207	128	0	776	49	15.4931	0	10112	16468	0	275623	299.838	280.976	0	22860	787.306	741.238	0.795647
23040	815122	513.999	534	0	207	128	0	513.999	49	15.8869	0	10129	16353	0	197715	264.939	314.699	0	23040	792.8	739.905	0.794216
23220	3773.49	27.8963	166	0	207	128	0	27.8963	50	4.63989	0	10211.7	16371	0	590320	294.657	284.024	0	23220	754.724	738.575	0.792788
23400	5.76082e+06	155.551	524	0	207	128	0	155.551	50	76.9332	0	10270	16484.8	0	568248	317.305	343.231	0	23400	779.585	737.247	0.791362
23580	1.67544e+06	72.9514	273	161	207	128	0	72.9514	49	60.4638	0	10179.7	16353	0	286406	301.867	293.997	0	23580	788.968	735.921	0.789939
23760	715927	635.415	246	127	207	128	0	635.415	50	13.3911	0	10224.8	16431.7	0	566127	303.971	425.618	0	23760	764.927	734.597	0.788518
23940	1.90643e+06	667.985	930	266	207	128	0	667.985	49	21.3126	0	10269.7	16353	0	209432	314.526	312.315	0	23940	794.937	733.276	0.7871
24120	83928.6	99.6315	679	65	207	128	0	99.6315	50	11.5789	0	10198.7	16439.8	0	542929	355.1	270.668	0	24120	754.644	731.957	0.785684
24300	2.62412e+06	842	631	0	207	128	0	842	50	22.2713	0	10270	16397.6	0	592859	384.572	340.912	0	24300	781.116	730.641	0.784272
24480	2.61373e+06	668.409	1288	0	207	128	0	668.409	50	24.9471	0	10220.5	16511	0	530339	312.501	361.552	0	24480	798.749	729.327	0.782861
24660	891535	708.696	381	0	207	128	0	708.696	50	14.1498	0	10269.9	16430.8	0	368675	308.673	299.863	0	24660	776.353	728.016	0.781453
24840	8.02071e+06	85.161	679	12	207	128	0	85.161	49	132.02	0	10270	16511	0	661606	337.98	409.057	0	24840	784.877	726.706	0.780048
25020	992488	28.1571	89	0	207	128	0	28.1571	49.0121	75.0181	0	10145.4	16353	0	462725	265.77	287.385	0	25020	793.943	725.399	0.778645
25200	8.42387e+07	1179.22	7609	1188	216	117	0	1179.22	50	110.074	0	9295.41	17167.8	0	2.53338e+06	286.798	332.28	0	25200	788.334	724.095	0.777245
25380	2.36551e+08	3155.23	20304	2556	215	120	0	3155.23	49.9648	113.383	0	9517.47	17037.9	0	4.56652e+06	279.35	286.708	0	25380	802.778	722.793	0.775847
25560	9.43933e+07	1199.72	8323	1378	211	126	0	1199.72	50	116.881	0	10043.6	16743.6	0	1.91806e+06	313.427	315.102	0	25560	784.396	721.493	0.774452
25740	4.90323e+07	906.307	5736	594	212	129	0	906.307	50	93.8804	0	10284.4	16820.1	0	1.48867e+06	352.217	331.753	0	25740	779.045	720.195	0.773059
25920	9.72269e+06	97.2452	994	0	212	129	0	97.2452	50	138	0	10191	16748	0	780062	263.178	274.942	0	25920	778.071	718.9	0.771669
26100	3.1274e-06	6.06373	219	16	212	129	0	6.06373	50	-0.000286505	0	10200.3	16906	0	583867	320.712	375.562	0	26100	797.761	717.607	0.770281
26280	8.43608e+06	170.859	677	38	212	129	0	170.859	50	89.3611	0	10191	16751.2	0	514536	282.223	311.062	0	26280	788.828	716.317	0.768896
26460	4.24546e+06	280.652	720	144	212	129	0	280.652	49.0001	49.0669	0	10266	16748	0	437894	326.914	280.248	0	26460	779.825	715.028	0.767513
26640	802807	919.998	410	5	212	129	0	919.998	50	11.7848	0	10349	16748	0	653941	340.637	247.833	0	26640	818.375	713.743	0.766133
26820	3.7449e+06	1017.99	896	509	212	129	0	1017.99	50	24.1968	0	10289	16827.1	0	399720	280.384	323.128	0	26820	820.871	712.459	0.764755
27000	4.24336e+06	730	973	344	212	129	0	730	49	30.4161	0	10219.8	16867	0	336273	288.011	348.984	0	27000	817.163	711.178	0.763379
27180	933166	282.93	520	50	212	129	0	282.93	50	22.9113	0	10191	16906	0	593536	271.648	336.63	0	27180	800.816	709.899	0.762007
27360	2.41038e+06	731.932	626	131	212	129	0	731.932	50	22.8938	0	10313.8	16855.7	0	394450	327.008	264.849	0	27360	794.713	708.622	0.760636
27540	6.32473e+06	63.2592	833	0	212	129	0	63.2592	49	138	0	10349	16845.3	0	682306	349.345	316.305	0	27540	793.448	707.348	0.759268
27720	1.79694e+06	80.0514	102	0	212	129	0	80.0514	49	59.7757	0	10255.6	16906	0	481606	287.36	347.388	0	27720	831.271	706.076	0.757903
27900	1.61165e+06	885.141	649	0	212	129	0	885.141	50	17.0231	0	10270	16906	0	498058	308.419	343.679	0	27900	825.529	704.806	0.75654
28080	2.66537e+06	337.741	855	0	212	129	0	337.741	50	35.4402	0	10268.9	16906	0	970984	327.491	377.283	0	28080	820.118	703.538	0.755179
28260	4.91987e+06	155.316	861	0	212	129	0	155.316	50	71.064	0	10349	16779.3	0	550416	295.237	310.344	0	28260	834.363	702.273	0.753821
28440	3.40798e+06	940	983	128	212	129	0	940	50	24.0212	0	10207	16902.2	0	372183	278.212	333.17	0	28440	828.372	701.01	0.752466
28620	3.8163e+06	1182	702	0	212	129	0	1182	49	22.6685	0	10349	16771	0	690800	312.494	350.318	0	28620	835.283	699.749	0.751112
28800	4.13768e+06	1036	968	25	212	129	0	1036	50	25.2121	0	10209.5	16780.8	0	668746	316.15	284.002	0	28800	837.422	698.491	0.749762
