MS2-QUANT	v0j
Region DEFINITION, 05-Apr-2021
COMMENT	Outline definition performed in MS2-QUANT (Main program)
FILE	MAX_20201217_RI516_C12MS2128TkTat_001_visit_23.tif
PATH	/Volumes/EBL/20201217/
PARAMETERS
Pix-XY	Pix-Z	RI	Ex	Em	NA	dT	Type
79	600	1.458	488	521	1.4	180	widefield
ANALYSIS-SETTINGS	
IMAGING-BACKGROUND	150
LIMIT-FIT-SIGMA-XY-MIN	-29
LIMIT-FIT-SIGMA-XY-MAX	121
LIMIT-FIT-SIGMA-Z-MIN	0
LIMIT-FIT-SIGMA-Z-MAX	0
LIMIT-FIT-BGD-MIN	50
LIMIT-FIT-BGD-MAX	51
DETECTION-THRESHOLD	500
REGION	TxSite
X_POS	216	215	215	215	214	214	214	213	213	213	212	212	211	211	210	210	210	209	209	208	208	208	207	207	206	205	205	204	203	203	202	202	201	201	200	200	199	199	199	198	198	197	197	197	196	196	195	195	195	194	194	194	193	193	193	192	192	192	191	191	190	190	189	189	188	188	187	186	186	186	185	185	184	184	183	183	182	182	181	181	181	180	180	180	179	179	178	178	177	177	176	176	176	175	175	174	174	173	173	173	172	172	171	171	171	170	170	169	169	169	168	168	167	167	166	166	165	165	165	164	164	164	164	163	163	162	162	162	161	161	160	160	159	159	158	158	157	157	156	156	156	155	155	154	154	153	153	152	152	152	151	151	150	150	149	148	148	147	147	146	146	145	144	144	144	143	143	143	142	142	142	142	141	141	141	141	140	140	139	139	138	138	137	137	136	136	136	135	135	134	133	133	132	131	131	130	130	129	128	128	127	127	126	126	125	125	124	124	123	123	123	122	121	121	120	120	119	118	118	118	117	117	116	116	115	115	115	114	114	113	113	113	112	112	111	111	110	110	109	108	108	107	107	107	106	106	105	105	104	104	103	103	102	102	102	101	101	100	100	99	99	98	98	97	97	96	96	95	95	94	94	93	93	93	92	92	91	91	91	91	90	90	89	89	89	88	88	88	87	87	87	87	86	86	86	86	85	85	85	85	85	84	84	84	84	84	84	83	83	83	83	83	83	83	83	83	83	83	83	83	83	83	83	83	83	83	83	83	83	83	83	83	83	83	83	83	83	83	83	83	83	83	83	83	83	83	83	84	84	84	84	84	85	85	85	85	85	85	86	86	86	87	87	87	87	87	87	88	88	88	88	88	89	89	89	89	89	89	90	90	90	90	90	91	91	91	91	92	92	92	92	93	93	93	94	94	94	95	95	95	96	96	96	97	97	97	98	98	99	99	100	100	101	101	102	102	103	103	104	104	105	105	106	106	107	107	107	108	108	109	109	110	110	111	111	111	112	112	112	113	113	113	114	114	115	115	115	116	116	116	117	117	118	118	119	120	120	121	121	122	122	123	123	124	124	125	125	126	126	127	127	128	128	130	131	132	133	134	134	135	135	136	136	137	137	138	138	139	139	140	141	141	142	142	143	145	145	147	147	148	148	149	149	150	150	151	151	152	152	153	153	154	154	155	156	156	157	157	158	158	159	160	161	161	162	162	162	163	163	163	164	164	164	164	164	165	165	165	165	166	166	166	167	167	167	167	168	168	168	169	169	169	169	169	170	170	171	171	171	172	172	173	173	173	174	174	174	175	175	175	176	176	176	177	177	178	178	179	179	180	180	181	181	182	182	183	183	184	184	185	185	186	187	187	188	188	189	189	190	190	191	191	191	191	192	192	193	193	194	194	195	195	195	195	196	196	196	197	197	197	198	198	199	199	199	200	200	200	201	201	202	203	203	203	204	204	205	205	205	206	206	206	207	207	207	208	208	208	208	209	209	209	210	210	210	211	211	211	212	212	212	213	213	213	214	214	214	214	215	215	215	216	216	216	216	217	217	217	218	218	218	218	218	218	219	219	219	219	219	219	220	220	220	220	220	220	221	221	221	221	221	221	221	220	220	220	220	220	219	219	219	219	218	218	218	218	217	END
Y_POS	293	293	293	293	293	293	292	292	292	292	291	291	291	291	291	290	290	290	290	290	290	290	289	289	289	289	289	289	289	289	289	289	289	289	289	289	289	289	290	290	290	290	290	290	290	290	290	291	291	291	291	291	291	292	292	292	292	292	292	292	292	293	293	293	293	293	293	293	293	294	294	294	294	294	294	294	294	294	294	294	295	295	295	295	295	295	295	296	296	296	296	296	296	296	297	297	297	297	298	298	298	298	298	298	299	299	299	299	300	300	300	300	301	301	301	302	302	302	302	302	303	303	303	303	304	304	304	304	304	304	305	305	305	305	306	306	306	306	306	306	306	306	306	307	307	307	307	307	308	308	308	308	308	308	308	308	308	308	308	308	308	308	308	308	307	307	307	307	307	306	306	306	306	305	305	305	305	305	304	304	304	304	304	304	304	303	303	303	303	303	303	303	303	303	303	303	302	302	302	302	302	302	302	302	302	301	301	301	301	301	301	301	301	301	301	301	300	300	300	300	300	300	300	300	300	299	299	299	299	299	299	299	299	299	299	298	298	298	298	298	298	298	297	297	297	297	297	297	297	297	297	297	297	297	297	297	297	297	297	297	297	297	297	297	297	297	297	297	297	297	297	297	297	297	297	297	298	298	298	299	299	299	299	300	300	300	301	301	301	302	302	302	303	303	304	304	304	305	305	306	306	306	307	307	307	308	308	308	309	309	310	310	311	311	312	312	313	313	314	314	315	315	316	316	317	317	318	318	319	319	320	320	321	321	322	322	323	323	324	324	325	325	326	326	327	327	328	328	328	329	329	330	330	331	331	331	332	332	333	333	334	334	335	335	335	336	336	336	337	337	337	338	338	338	339	339	339	340	340	340	340	341	341	341	342	342	342	343	343	343	344	344	344	345	345	345	346	346	346	346	346	347	347	347	347	347	347	347	347	347	347	347	347	347	347	347	347	347	347	347	347	347	347	347	347	347	346	346	346	346	345	345	345	345	344	344	344	344	343	343	343	343	342	342	342	342	341	341	341	341	341	341	341	341	341	341	340	340	340	340	340	340	340	340	340	340	340	340	340	340	340	340	340	340	340	340	340	340	340	340	341	341	341	341	341	341	341	341	341	342	342	342	342	342	343	343	343	343	344	344	344	344	344	344	345	345	345	345	345	345	345	345	345	346	346	346	346	346	346	346	346	346	345	345	345	345	344	344	344	344	344	343	343	343	342	342	342	342	341	341	341	340	340	339	339	338	338	338	337	337	336	336	336	335	335	334	334	334	334	333	333	333	332	332	332	332	332	332	332	331	331	331	331	331	331	331	331	331	331	331	331	331	331	331	331	331	330	330	330	330	330	330	330	329	329	329	329	329	328	328	328	328	328	327	327	327	327	327	326	326	326	326	326	325	325	325	325	325	325	324	324	324	324	324	324	324	323	323	323	323	323	323	322	322	322	322	322	321	321	321	321	321	321	320	320	320	320	319	319	319	319	319	319	318	318	318	318	317	317	317	317	317	316	316	316	316	315	315	315	315	315	315	314	314	314	313	313	313	312	312	311	311	310	310	310	309	309	309	308	308	307	306	306	305	305	304	304	303	303	302	302	301	301	301	300	300	300	299	299	298	298	298	298	297	297	297	296	END
QUANTIFICATION
Time[s]	Q_Integrate	Q_AMP	Q_Sum_pix	Q_MIP_int	Pix_Y	Pix_X	Pix_Z	AMP	BGD	SigmaXY	SigmaZ	MuY	MuX	MuZ	RES	Cent_Y	Cent_X	Cent_Z	OPB_time	OPB_INT	OPB_FIT	OPB_FIT_norm
0	2.99544e+06	971.943	1106	72	310	108	0	971.943	51	22.1473	0	8610.84	24496	0	386518	339.533	292.012	0	0	598.135	772.318	1
180	868358	721.999	425	0	310	108	0	721.999	51	13.8354	0	8532	24514.1	0	311397	295.752	320.05	0	180	601.911	770.929	0.998202
360	3.81805e+06	528.687	1149	150	310	108	0	528.687	50	33.9025	0	8532	24506.7	0	249469	323.799	274.55	0	360	607.372	769.542	0.996406
540	872735	502.616	353	125	310	108	0	502.616	50	16.6239	0	8602.79	24531	0	179664	372.496	234.574	0	540	596.937	768.158	0.994615
720	3.83515e+06	193.886	756	0	310	108	0	193.886	50	56.1098	0	8532	24648	0	207994	292.3	326.228	0	720	590.707	766.777	0.992826
900	2.35443e+06	693.929	837	141	310	108	0	693.929	50.9999	23.2379	0	8606.56	24512.7	0	262562	361.908	273.103	0	900	597.342	765.398	0.99104
1080	1.07446e+06	447.993	305	53	310	108	0	447.993	50	19.5375	0	8532	24647.1	0	115341	327.975	343.803	0	1080	592.3	764.021	0.989258
1260	74721.1	132.701	203	62	310	108	0	132.701	50	9.4666	0	8611.52	24569.7	0	295184	327.144	340.531	0	1260	596.564	762.647	0.987479
1440	2.33041e+06	50.4191	366	67	310	108	0	50.4191	50	86.2882	0	8532	24648	0	234834	290.153	379.819	0	1440	583.857	761.276	0.985703
1620	4.91513	3.16585	191	0	310	108	0	3.16585	50	0.497087	0	8533.69	24648	0	247433	322.686	417.807	0	1620	581.385	759.907	0.983931
1800	690843	528.282	469	56	310	108	0	528.282	51	14.4267	0	8549.78	24637.1	0	229744	244.224	333.164	0	1800	580.706	758.54	0.982161
1980	60.5383	47.7605	69	8	310	108	0	47.7605	50	0.449149	0	8633.21	24525.8	0	230213	286.037	294.481	0	1980	559.332	757.176	0.980395
2160	157.565	37.5414	69	0	310	108	0	37.5414	50	0.817306	0	8532.82	24500	0	265860	287.778	289.386	0	2160	565.924	755.814	0.978632
2340	605834	410.835	462	72	310	108	0	410.835	50	15.3198	0	8611.08	24621.2	0	175563	327.389	354.678	0	2340	579.431	754.455	0.976872
2520	0.0428245	92.033	25	0	310	108	0	92.033	50	0.00860566	0	8547.24	24612	0	403661	292.495	356.62	0	2520	577.662	753.098	0.975115
2700	1.72475e+06	596	414	298	310	108	0	596	50	21.461	0	8614.59	24578.8	0	190201	321.174	298.655	0	2700	586.048	751.744	0.973361
2880	1.06107e+06	571.221	459	42	310	108	0	571.221	50	-17.1942	0	8532.28	24634	0	186980	340.221	310.93	0	2880	582.196	750.392	0.971611
3060	168511	318.735	443	48	310	108	0	318.735	51	-9.17295	0	8532	24524.6	0	935037	430.345	399.493	0	3060	592.154	749.043	0.969863
3240	1.34948e+07	162.595	1489	0	310	108	0	162.595	51	121	0	8532	24648	0	568240	255.701	349.732	0	3240	594.407	747.696	0.968119
3420	1.51589e+07	196.825	599	64	310	108	0	196.825	50	115.309	0	8532	24648	0	688460	244.343	370.138	0	3420	579.977	746.351	0.966378
3600	9.80533e+06	118.141	414	53	310	108	0	118.141	50	121	0	8532	24648	0	586198	228.655	407.054	0	3600	583.506	745.009	0.96464
3780	2.1003e+06	25.3059	223	0	310	108	0	25.3059	50	121	0	8532	24648	0	374983	253.653	357.66	0	3780	567.774	743.669	0.962906
3960	6.05231e-05	20.4299	167	0	310	108	0	20.4299	50	-0.000686654	0	8581.72	24490.2	0	233978	294.151	266.831	0	3960	588.843	742.331	0.961174
4140	714184	523.731	420	31	310	108	0	523.731	50	14.732	0	8563	24607.2	0	279166	271.847	396.54	0	4140	587.964	740.996	0.959445
4320	1.54651e+07	186.334	1118	0	310	108	0	186.334	50	121	0	8532	24521.8	0	555721	236.425	281.031	0	4320	594.519	739.664	0.95772
4500	7.12731e+07	858.748	6052	726	310	108	0	858.748	51	121	0	8591.43	24533	0	1.28177e+06	318.932	289.645	0	4500	607.285	738.334	0.955997
4680	495621	520.196	320	56	310	108	0	520.196	51	12.3141	0	8595.73	24629.4	0	566301	210.854	383.272	0	4680	604.804	737.006	0.954278
4860	757586	381.184	351	172	310	108	0	381.184	50	17.7852	0	8611.17	24565.3	0	139731	360.26	311.863	0	4860	593.148	735.68	0.952562
5040	1.1184e+06	569.195	605	231	310	108	0	569.195	50	17.6839	0	8612.28	24568.8	0	239821	331.929	339.555	0	5040	584.107	734.357	0.950849
5220	6.83741e+07	823.818	5725	967	322	98	0	823.818	51	121	0	7785.02	25558.9	0	1.21919e+06	289.355	341.657	0	5220	602.32	733.037	0.949139
5400	4.80542e+07	578.99	2487	250	322	98	0	578.99	51	121	0	7900	25576.4	0	1.96404e+06	389.173	331.323	0	5400	596.977	731.718	0.947432
5580	6.63054e+07	798.893	5274	868	329	104	0	798.893	51	121	0	8263.32	26065.2	0	1.71181e+06	305.851	301.449	0	5580	594.85	730.403	0.945728
5760	2.50384e+07	301.68	1452	8	329	104	0	301.68	50	121	0	8260.1	26149	0	1.46147e+06	324.247	423.549	0	5760	586.713	729.089	0.944027
5940	1.13853e+06	721.055	390	0	329	104	0	721.055	50.0009	15.8525	0	8217.55	25993.9	0	314780	283.398	306.771	0	5940	616.605	727.778	0.94233
6120	5.69897e+07	686.651	4850	614	330	101	0	686.651	51	121	0	8015.19	26110	0	1.08053e+06	276.085	300.889	0	6120	608.634	726.469	0.940635
6300	1.24539e+07	150.053	828	346	330	101	0	150.053	51	121	0	7979	26228	0	963429	277.34	387.231	0	6300	593.394	725.163	0.938943
6480	1.93895e+06	641.993	674	14	330	101	0	641.993	50.0001	21.9244	0	7991.57	26226.9	0	227200	254.945	375.418	0	6480	612.583	723.858	0.937255
6660	1.18387e+06	913.965	506	55	330	101	0	913.965	51	14.3581	0	8136.97	26070	0	380334	371.736	293.762	0	6660	610.661	722.557	0.935569
6840	2.39258e+06	587.992	869	4	330	101	0	587.992	50	25.4482	0	8136.75	26178.8	0	162852	360.797	314.487	0	6840	640.223	721.257	0.933887
7020	911610	569.324	290	199	330	101	0	569.324	50	15.9637	0	8057.9	26148.9	0	253461	361.263	401.572	0	7020	629.933	719.96	0.932207
7200	330491	509.971	220	67	330	101	0	509.971	50	10.1559	0	8008.02	26227.4	0	262051	337.994	340.757	0	7200	645.177	718.665	0.930531
7380	5.19683e-09	23.1668	100	40	330	101	0	23.1668	51	5.97511e-06	0	8058.92	26166.3	0	442511	367.889	299.071	0	7380	620.873	717.373	0.928857
7560	8.22478e+07	990.978	6040	909	312	117	0	990.978	51	121	0	9307.32	24740.2	0	1.98926e+06	298.212	330.148	0	7560	660.945	716.083	0.927187
7740	4.89743e+07	590.077	3400	306	312	117	0	590.077	51	121	0	9401	24791.3	0	1.21661e+06	389.529	348.227	0	7740	672.49	714.795	0.92552
7920	0.0635512	0.0132773	196	0	312	117	0	0.0132773	51	0.872803	0	9296.89	24757.4	0	418313	289.963	237.473	0	7920	609.037	713.51	0.923855
8100	623001	293.991	311	0	312	117	0	293.991	50	18.3649	0	9401	24654	0	111032	370.876	305.995	0	8100	618.207	712.226	0.922194
8280	130577	202.199	199	48	312	117	0	202.199	50	10.138	0	9400.99	24689.3	0	113557	315.527	327.691	0	8280	622.437	710.946	0.920535
8460	3.38991e+06	718	898	46	312	117	0	718	50.0006	27.4121	0	9400.49	24758.9	0	297726	321.236	284.662	0	8460	626.721	709.667	0.91888
8640	8.92525e+07	1075.38	7314	1002	322	124	0	1075.38	51	121	0	9885.09	25540	0	1.84632e+06	329.539	346.837	0	8640	625.733	708.391	0.917227
8820	1.34627e+08	1622.08	10533	1800	323	133	0	1622.08	51	121	0	10573	25576.7	0	3.34505e+06	307.685	305.288	0	8820	625.292	707.117	0.915578
9000	4.3721e+07	526.781	2529	297	323	133	0	526.781	50	121	0	10507	25675	0	1.18269e+06	245.486	404.732	0	9000	625.28	705.845	0.913931
9180	2.55865e+06	78.4447	242	0	323	133	0	78.4447	50.8704	72.1233	0	10665	25608.3	0	505309	316.326	304.718	0	9180	641.982	704.576	0.912288
9360	5.81845e+07	701.047	5020	828	326	125	0	701.047	51	121	0	9947.47	25833.1	0	1.61787e+06	329.99	330.377	0	9360	642.965	703.309	0.910647
9540	4.94133e+07	736.047	4985	678	323	126	0	736.047	51	106.066	0	10056.6	25601.5	0	978154	342.727	329.644	0	9540	651.473	702.044	0.909009
9720	0.133953	56.1061	376	0	323	126	0	56.1061	51	-0.0194931	0	9954.06	25615.2	0	442713	258.592	334.078	0	9720	667.497	700.781	0.907375
9900	807210	575.834	385	173	323	126	0	575.834	51	14.9367	0	10032.7	25579	0	390785	313.688	291.845	0	9900	655.507	699.521	0.905743
10080	1.98386e+06	790	523	0	323	126	0	790	51	19.9918	0	10112	25596.8	0	379751	332.776	305.858	0	10080	622.25	698.263	0.904114
10260	572758	743.279	394	143	323	126	0	743.279	51	11.0744	0	10032.5	25596.4	0	1.03211e+06	401.961	284.829	0	10260	647.571	697.007	0.902488
10440	1.37131e+06	662	494	0	323	126	0	662	50	18.1572	0	10112	25675	0	271837	324.924	350.412	0	10440	634.052	695.754	0.900865
10620	8.54493e+06	102.955	439	0	323	126	0	102.955	51	121	0	9954	25675	0	669789	324.202	373.096	0	10620	644.534	694.503	0.899245
10800	324104	482.66	350	0	323	126	0	482.66	50	10.3379	0	10112	25675	0	168655	339.573	360.172	0	10800	641.182	693.254	0.897628
10980	1.609e+06	682	587	0	323	126	0	682	51	19.3774	0	9954	25605.6	0	364325	309.158	336.526	0	10980	637.505	692.007	0.896013
11160	2.26769e+06	800	489	400	323	126	0	800	50	21.2401	0	10032.9	25597.4	0	235765	320.385	321.363	0	11160	634.938	690.762	0.894402
11340	363341	14.6014	208	0	323	126	0	14.6014	50	62.9422	0	9954	25675	0	259623	265.735	356.22	0	11340	635.567	689.52	0.892793
11520	360758	380.94	286	0	323	126	0	380.94	51	-12.2769	0	10086.1	25521.6	0	286463	346.486	355.41	0	11520	640.117	688.28	0.891188
11700	16.7974	2.99963	320	0	323	126	0	2.99963	50.9999	0.944054	0	9999.39	25517	0	431196	308.486	251.192	0	11700	641.027	687.042	0.889585
11880	2.04447e+06	312.382	785	24	323	126	0	312.382	50	32.2743	0	9957.02	25538.4	0	293698	335.485	326.773	0	11880	635.129	685.807	0.887985
12060	2.73509e+06	254.543	587	0	323	126	0	254.543	50	41.3538	0	10112	25675	0	414249	328.044	383.652	0	12060	651.262	684.573	0.886388
12240	1.55898e+06	384.602	496	96	323	126	0	384.602	51	25.3994	0	9954	25675	0	247362	301.969	281.209	0	12240	671.693	683.342	0.884794
12420	1.07316e+06	296.793	818	0	323	126	0	296.793	51	23.9891	0	10112	25675	0	803223	374.843	393.412	0	12420	644.348	682.113	0.883203
12600	1.17736e+06	595.994	748	0	323	126	0	595.994	50	17.7314	0	9954	25517	0	357358	256.849	397.557	0	12600	648.46	680.887	0.881615
12780	311384	484.938	211	0	323	126	0	484.938	51	-10.1092	0	10051.7	25517	0	563601	290.679	305.534	0	12780	655.116	679.662	0.880029
12960	1.07158e+06	744.642	522	195	323	126	0	744.642	51	15.1338	0	10008.4	25593.5	0	379420	352.253	259.971	0	12960	654.195	678.44	0.878447
13140	5.43173e+06	640.235	1246	168	323	126	0	640.235	51	36.746	0	10049.1	25657.2	0	484613	360.866	344.201	0	13140	667.441	677.22	0.876867
13320	340598	401.946	208	105	323	126	0	401.946	50	11.6131	0	10033.4	25595.6	0	220878	286.433	328.278	0	13320	665.459	676.002	0.87529
13500	516882	575.283	444	46	323	126	0	575.283	51	11.9582	0	10033.6	25669.2	0	307085	275.981	328.875	0	13500	663.142	674.786	0.873716
13680	1.95222e+06	708	499	354	323	126	0	708	50	20.9487	0	10034.4	25596.3	0	195982	322.055	372.564	0	13680	668.661	673.573	0.872145
13860	4.07553e+06	652	995	170	323	126	0	652	50	31.5412	0	9997.15	25524	0	239728	315.869	292.982	0	13860	676.48	672.361	0.870576
14040	1.45455e+06	170.516	183	0	323	126	0	170.516	50	36.8461	0	9954	25517	0	370541	259.407	326.038	0	14040	678.777	671.152	0.869011
14220	3.66309e+06	79.9735	456	112	323	126	0	79.9735	50	85.8777	0	10112	25517	0	249682	334.777	266.684	0	14220	677.471	669.945	0.867448
14400	8.12576e+06	196.343	1106	108	323	126	0	196.343	50	81.4532	0	9984.8	25528.8	0	411354	320.02	291.646	0	14400	683.476	668.74	0.865888
14580	2.499e+06	783.969	729	0	323	126	0	783.969	51	22.5239	0	10066.3	25517	0	375198	273.771	276.424	0	14580	683.267	667.538	0.864331
14760	1.29635e+06	188.867	284	0	323	126	0	188.867	50	33.0516	0	9954	25517	0	177266	304.264	352.535	0	14760	681.757	666.337	0.862776
14940	980896	75.8673	474	17	323	126	0	75.8673	50	45.3622	0	10110.6	25675	0	270502	290.236	380.61	0	14940	697.408	665.139	0.861225
15120	966344	11.6432	394	0	323	126	0	11.6432	50	121	0	9954	25517	0	250092	271.026	254.821	0	15120	677.303	663.943	0.859676
15300	2.50793e+06	305.513	510	165	323	126	0	305.513	50	36.1454	0	9954	25519.5	0	260130	373.966	301.28	0	15300	687.612	662.749	0.85813
15480	1.28155e+06	908.375	870	0	323	126	0	908.375	51	14.9846	0	10002.9	25671.9	0	461325	265.043	356.048	0	15480	682.901	661.557	0.856586
15660	1.98854e+06	63.0032	317	26	323	126	0	63.0032	50	70.9347	0	9954	25517.5	0	284756	299.543	304.471	0	15660	689.051	660.367	0.855046
15840	1.28698e+06	543.875	520	185	323	126	0	543.875	50	19.4065	0	10056.8	25615.9	0	178678	355.82	314.95	0	15840	698.314	659.179	0.853508
16020	1.7965e+06	1308	751	110	323	126	0	1308	51	14.7849	0	10008.5	25641	0	576998	347.03	359.043	0	16020	672.794	657.994	0.851973
16200	2.9693e+06	80.7937	195	98	323	126	0	80.7937	51	76.632	0	9954	25533.3	0	445021	301.196	301.328	0	16200	706.086	656.811	0.850441
16380	1.49912e+06	112.988	303	91	323	126	0	112.988	51	45.9527	0	9954	25520.8	0	608345	261.699	346.391	0	16380	707.285	655.63	0.848912
16560	993893	603.978	299	0	323	126	0	603.978	50	16.1834	0	9977.17	25517	0	241202	293.429	270.163	0	16560	685.878	654.45	0.847385
16740	4.40402e+06	74.242	403	6	323	126	0	74.242	50.9991	98.7888	0	9954	25675	0	420385	275.425	327.342	0	16740	698.948	653.273	0.845861
16920	1.97793e+06	212.8	324	0	323	126	0	212.8	51	38.4619	0	9954	25668.4	0	633008	271.591	333.239	0	16920	697.523	652.099	0.84434
17100	1.27167e+06	664.569	619	174	323	126	0	664.569	51	17.4513	0	10004.3	25574.6	0	349096	276.268	301.993	0	17100	696.646	650.926	0.842822
17280	3.49146e+06	533.224	1145	39	323	126	0	533.224	51	32.2819	0	10112	25675	0	542230	356.511	322.064	0	17280	705.527	649.755	0.841306
17460	1.57594e+06	726	492	0	323	126	0	726	50	18.5871	0	10112	25652.9	0	412504	317.436	332.767	0	17460	708.917	648.587	0.839793
17640	20.4539	97.3034	279	0	323	126	0	97.3034	50.9997	0.182909	0	10094.2	25517	0	577603	365.009	244.867	0	17640	699.679	647.42	0.838283
17820	3.4003e+06	83.3815	125	0	323	126	0	83.3815	50	80.835	0	10112	25517	0	457981	349.602	272.153	0	17820	707.994	646.256	0.836775
18000	3.84254e+07	1053.95	4936	1159	321	145	0	1053.95	51	76.3195	0	11539.1	25440.8	0	1.29951e+06	324.753	327.611	0	18000	712.36	645.094	0.83527
18180	5.22854e+07	1141.46	5915	865	320	144	0	1141.46	51	85.8798	0	11466.5	25394	0	1.01863e+06	304.323	335.593	0	18180	712.659	643.934	0.833768
18360	1.44655e+08	1763	11884	1922	320	149	0	1763	50	120.092	0	11821.7	25352.1	0	2.51067e+06	292.232	306.486	0	18360	703.956	642.776	0.832269
18540	1.88619e+08	2272.61	14326	1843	325	148	0	2272.61	51	121	0	11806.9	25754.4	0	4.5523e+06	340.268	316.709	0	18540	715.171	641.62	0.830772
18720	1.65652e+08	1995.88	12218	1948	328	152	0	1995.88	51	121	0	12045.5	25982.6	0	6.06651e+06	281.715	305.746	0	18720	705.416	640.466	0.829278
18900	2.10779e+08	2539.61	15964	2604	332	155	0	2539.61	51	121	0	12318.8	26277.7	0	7.01966e+06	314.841	294.734	0	18900	712.018	639.314	0.827787
19080	1.95226e+08	2352.22	14422	2368	332	154	0	2352.22	51	121	0	12218.5	26338.1	0	4.33618e+06	298.437	330.632	0	19080	718.589	638.164	0.826298
19260	1.52954e+08	1845.79	13020	2105	331	152	0	1845.79	51	120.875	0	12137.6	26211.6	0	5.17464e+06	380.254	295.426	0	19260	712.693	637.017	0.824812
19440	8.07366e+07	972.77	5694	1037	333	153	0	972.77	51	121	0	12129.8	26374.5	0	3.86091e+06	285.702	304.363	0	19440	719.196	635.871	0.823329
19620	1.37672e+08	1851.47	12015	2171	333	154	0	1851.47	51	112.807	0	12273	26388.9	0	3.58921e+06	331.493	331.586	0	19620	722.928	634.728	0.821848
19800	9.80214e+07	1596.38	9246	1800	333	152	0	1596.38	51	100.733	0	12081.6	26426.7	0	2.91934e+06	302.653	358.022	0	19800	715.768	633.586	0.82037
19980	1.90092e+08	2290.36	14692	2366	331	151	0	2290.36	51	121	0	11968.7	26239.6	0	6.62772e+06	275.111	328.898	0	19980	736.873	632.447	0.818895
20160	1.53194e+08	1845.79	12301	1893	328	146	0	1845.79	51	121	0	11607.5	26007.6	0	4.82588e+06	288.375	321.768	0	20160	732.88	631.309	0.817422
20340	3.15906e+07	380.625	1705	234	328	146	0	380.625	51	121	0	11534	25917	0	1.06212e+06	254.179	287.859	0	20340	746.753	630.174	0.815952
20520	6.3535e+06	76.5514	472	159	328	146	0	76.5514	51	121	0	11692	25912	0	843288	355.406	251.85	0	20520	734.232	629.041	0.814484
20700	5.74351e+07	941.041	5466	981	322	145	0	941.041	51	100.389	0	11521.8	25470.4	0	1.79793e+06	310.394	278.399	0	20700	756.385	627.909	0.81302
20880	8.00065e+07	1473.37	8612	2125	325	144	0	1473.37	51	94.0702	0	11464.8	25738.9	0	3.41217e+06	334.229	285.828	0	20880	770.227	626.78	0.811558
21060	5.98639e+07	721.281	5203	424	321	146	0	721.281	51	121	0	11643.1	25439.7	0	2.08603e+06	347.524	313.74	0	21060	763.684	625.653	0.810098
21240	5.33993e+07	784.493	5160	1031	324	154	0	784.493	51	106.936	0	12274.9	25710.4	0	1.53034e+06	329.149	344.526	0	21240	750.111	624.528	0.808641
21420	3.89199e+07	1211.04	4610	1465	323	154	0	1211.04	51	71.5849	0	12210	25615.8	0	2.09758e+06	309.735	326.857	0	21420	775.622	623.405	0.807187
21600	2.60167e+07	313.467	451	0	323	154	0	313.467	51	121	0	12166	25517	0	2.91518e+06	267.726	186.558	0	21600	764.599	622.284	0.805735
21780	2.36689e+06	959.856	698	175	323	154	0	959.856	51	19.8105	0	12200.7	25635.2	0	559555	290.524	319.064	0	21780	758.304	621.164	0.804286
21960	1.32182e+06	458.833	506	0	323	154	0	458.833	51	21.4126	0	12166	25606.8	0	475841	304.233	365.18	0	21960	783.178	620.047	0.80284
22140	2.06992e+06	910.18	529	177	323	154	0	910.18	51	19.0249	0	12199.1	25596	0	553657	311.665	359.225	0	22140	770.389	618.932	0.801396
22320	4.01863e+06	744	737	74	323	154	0	744	51	29.3199	0	12281.8	25675	0	421173	312.112	341.763	0	22320	772.512	617.819	0.799955
22500	1.90969e+06	768	509	0	323	154	0	768	51	19.8935	0	12324	25563.4	0	481473	384.938	328.964	0	22500	749.932	616.708	0.798516
22680	2.75223e+06	918	700	0	323	154	0	918	51	21.844	0	12166	25517	0	297665	332.019	277.315	0	22680	748.191	615.599	0.79708
22860	0.118799	35.5022	15	0	323	154	0	35.5022	51	0.0230775	0	12186.2	25526	0	595400	298.487	281.433	0	22860	754.01	614.492	0.795647
23040	1.04234e+06	767.338	243	218	323	154	0	767.338	50.0546	14.7035	0	12245	25594.3	0	416012	300.497	338.723	0	23040	759.004	613.387	0.794216
23220	236373	345.727	145	0	323	154	0	345.727	50	-10.4314	0	12166	25597.2	0	280202	299.491	359.025	0	23220	754.501	612.284	0.792788
23400	6.07857e+07	924.452	4994	1351	317	187	0	924.452	51	104.783	0	14837.7	25167	0	2.95869e+06	331.982	338.769	0	23400	756.125	611.183	0.791362
23580	1.57957e+08	1903.17	12857	1859	315	185	0	1903.17	51	121	0	14710.6	24944.2	0	4.87934e+06	327.584	292.403	0	23580	751.94	610.084	0.789939
23760	1.08714e+08	1309.87	8528	888	318	182	0	1309.87	51	121	0	14449.7	25201	0	3.08911e+06	325.826	326.85	0	23760	741.551	608.986	0.788518
23940	1.64928e+08	1987.16	11366	1663	318	181	0	1987.16	51	121	0	14367.8	25208.2	0	6.36222e+06	317.435	330.859	0	23940	768.264	607.891	0.7871
24120	1.03857e+08	1251.35	8269	776	317	184	0	1251.35	51	121	0	14571.9	25128	0	5.12143e+06	267.588	336.161	0	24120	754.561	606.798	0.785684
24300	1.25292e+08	1850.21	11341	2172	315	186	0	1850.21	51	106.61	0	14756	24960.3	0	3.56529e+06	298.442	328.594	0	24300	739.412	605.707	0.784272
24480	1.16714e+08	1406.25	9328	1333	309	186	0	1406.25	51	121	0	14794	24473.2	0	2.75194e+06	326.809	298.227	0	24480	753.696	604.617	0.782861
24660	9.95587e+07	1199.55	7401	1515	308	193	0	1199.55	51	121	0	15272.2	24437.4	0	3.35347e+06	279.402	339.017	0	24660	754.197	603.53	0.781453
24840	1.6139e+07	194.454	129	0	308	193	0	194.454	51	121	0	15405	24490	0	2.09556e+06	349.356	353.373	0	24840	763.196	602.445	0.780048
25020	6.61568e+06	79.7103	348	101	308	193	0	79.7103	50	121	0	15247.2	24490	0	475843	283.632	378.889	0	25020	761.821	601.361	0.778645
25200	7.56803e+07	1174.09	7039	1441	315	189	0	1174.09	51	103.579	0	15009.6	24987.7	0	3.50783e+06	315.344	332.901	0	25200	755.523	600.28	0.777245
25380	7.20004e+07	867.511	5912	899	315	192	0	867.511	51	121	0	15228.1	24980.6	0	1.77856e+06	308.153	328.499	0	25380	773.839	599.2	0.775847
25560	6.15105e+07	741.121	4626	886	309	194	0	741.121	51	121	0	15421.1	24494.3	0	2.08974e+06	337.132	319.88	0	25560	777.209	598.123	0.774452
25740	1.30022e+08	1566.6	10284	2163	309	195	0	1566.6	51	121	0	15487.3	24534.4	0	5.80165e+06	331.488	364.228	0	25740	756.998	597.047	0.773059
25920	8.34134e+07	1084.14	7591	1015	315	195	0	1084.14	50.0001	115.236	0	15464.1	24948.2	0	1.77694e+06	297.815	304.429	0	25920	778.568	595.973	0.771669
26100	5.92612e+07	1066.48	5746	1602	313	199	0	1066.48	51	95.2658	0	15781.3	24828.9	0	2.54575e+06	303.909	322.416	0	26100	764.704	594.902	0.770281
26280	4.07069e+06	129.524	487	0	313	199	0	129.524	51	70.782	0	15761.5	24885	0	877460	342.871	301.109	0	26280	794.193	593.832	0.768896
26460	3.2817e+06	1036	628	0	313	199	0	1036	51	22.4533	0	15879	24805.7	0	555232	360.073	323.085	0	26460	763.312	592.764	0.767513
26640	3.37269e+06	316.278	650	76	313	199	0	316.278	51	41.1968	0	15721	24808	0	809499	260.42	323.752	0	26640	785.157	591.698	0.766133
26820	6.49322e+06	1920	1284	36	313	199	0	1920	51	23.2001	0	15721	24727	0	651631	284.357	318.622	0	26820	808.085	590.634	0.764755
27000	1.19915e+07	144.482	1340	16	313	199	0	144.482	51	121	0	15840.3	24727	0	1.16452e+06	316.256	248.588	0	27000	783.898	589.571	0.763379
27180	6.46156e+07	1034.07	6465	940	309	199	0	1034.07	50	101.744	0	15841.3	24460.5	0	2.41436e+06	361.92	279.294	0	27180	776.838	588.511	0.762007
27360	1.65469e+08	1993.68	12757	2363	309	200	0	1993.68	51	121	0	15861.7	24470.7	0	5.14962e+06	292.244	313.218	0	27360	798.372	587.453	0.760636
27540	1.60509e+08	2013.72	14144	1641	308	199	0	2013.72	50.0001	117.856	0	15810.5	24437.2	0	5.65199e+06	320.658	340.758	0	27540	808.408	586.396	0.759268
27720	1.26816e+08	1836.35	11203	1593	312	199	0	1836.35	50.0001	107.858	0	15836.6	24765	0	2.76948e+06	340.982	337.301	0	27720	792.275	585.342	0.757903
27900	1.4164e+08	1706.57	10967	1965	308	199	0	1706.57	51	121	0	15820.3	24383.4	0	4.26218e+06	326.547	281.272	0	27900	775.246	584.289	0.75654
28080	1.19406e+08	1438.69	9277	1076	310	198	0	1438.69	51	121	0	15755.7	24589	0	2.53717e+06	342.831	320.59	0	28080	789.598	583.238	0.755179
28260	9.10451e+07	1096.97	7081	1115	306	204	0	1096.97	51	121	0	16242.2	24226.7	0	3.97694e+06	340.776	300.496	0	28260	787.384	582.189	0.753821
28440	1.46815e+08	1768.93	11873	1823	306	199	0	1768.93	51	121	0	15803.2	24234.8	0	3.1535e+06	315.621	296.595	0	28440	799.452	581.142	0.752466
28620	1.30717e+08	1802.04	12020	1601	306	204	0	1802.04	51	111.104	0	16176.8	24254.6	0	3.21233e+06	311.596	319.101	0	28620	812.534	580.097	0.751112
28800	8.25905e+07	995.108	5801	1403	308	206	0	995.108	51	121	0	16384.6	24441.6	0	4.4852e+06	340.237	332.074	0	28800	794.825	579.054	0.749762
