MS2-QUANT	v0j
Region DEFINITION, 05-Apr-2021
COMMENT	Outline definition performed in MS2-QUANT (Main program)
FILE	MAX_20201217_RI516_C12MS2128TkTat_001_visit_28.tif
PATH	/Volumes/EBL/20201217/
PARAMETERS
Pix-XY	Pix-Z	RI	Ex	Em	NA	dT	Type
79	600	1.458	488	521	1.4	180	widefield
ANALYSIS-SETTINGS	
IMAGING-BACKGROUND	150
LIMIT-FIT-SIGMA-XY-MIN	-57
LIMIT-FIT-SIGMA-XY-MAX	107
LIMIT-FIT-SIGMA-Z-MIN	0
LIMIT-FIT-SIGMA-Z-MAX	0
LIMIT-FIT-BGD-MIN	32
LIMIT-FIT-BGD-MAX	33
DETECTION-THRESHOLD	500
REGION	TxSite
X_POS	148	147	147	147	146	146	145	145	144	144	143	143	142	141	140	139	139	137	136	135	134	132	131	130	129	127	126	125	124	123	122	121	120	119	118	117	117	116	115	114	114	113	113	112	111	111	110	109	109	109	108	107	107	106	106	106	105	105	105	104	104	104	104	104	104	104	104	104	104	105	106	107	107	108	109	110	111	112	113	114	115	116	117	118	119	120	121	122	123	123	124	125	125	125	126	126	127	127	128	128	129	130	131	133	134	135	136	137	138	139	139	139	140	140	141	141	142	142	143	143	144	144	145	145	146	147	147	147	148	149	150	151	152	153	154	154	155	155	156	157	158	159	160	161	162	163	163	164	165	166	167	168	169	170	170	170	171	172	172	172	173	173	173	173	173	173	173	173	173	173	173	173	173	172	171	171	171	170	170	169	169	169	168	168	167	167	166	166	165	165	164	163	163	162	161	161	159	158	157	156	155	154	153	152	END
Y_POS	105	105	104	103	103	102	102	101	101	100	100	99	98	97	97	96	95	95	95	95	95	95	95	95	95	95	95	95	95	95	95	95	95	95	95	95	96	96	97	97	98	98	99	99	100	101	101	101	102	103	103	104	105	105	106	107	107	108	109	109	110	111	112	113	114	115	116	117	118	119	119	120	121	121	121	121	122	122	122	122	122	121	121	120	120	119	119	119	119	118	118	118	117	116	116	115	115	114	114	113	113	113	113	113	113	113	113	115	115	115	116	117	117	118	118	119	119	120	120	121	121	122	122	123	123	123	124	125	125	125	126	127	127	127	127	128	128	129	129	129	129	129	130	130	130	130	131	131	131	131	131	131	131	131	130	129	129	129	128	127	127	126	125	124	123	122	121	120	119	118	117	116	115	115	114	113	112	112	111	111	110	109	109	108	108	107	107	106	106	105	105	105	104	104	104	103	103	103	103	103	103	103	103	103	END
QUANTIFICATION
Time[s]	Q_Integrate	Q_AMP	Q_Sum_pix	Q_MIP_int	Pix_Y	Pix_X	Pix_Z	AMP	BGD	SigmaXY	SigmaZ	MuY	MuX	MuZ	RES	Cent_Y	Cent_X	Cent_Z	OPB_time	OPB_INT	OPB_FIT	OPB_FIT_norm
0	1.01358e+06	556	406	0	110	116	0	556	33	17.0334	0	9164	8813.58	0	124439	282.843	299.159	0	0	321.635	341.561	1
180	4.51041e+06	66.196	601	26	110	116	0	66.196	33	107	0	9322	8690	0	246353	347.016	295.634	0	180	330.02	340.947	0.998202
360	1.97615e+06	634	576	47	110	116	0	634	32	22.2728	0	9242.05	8842.42	0	156650	334.307	351.346	0	360	324.886	340.334	0.996406
540	2.55899e+06	37.5564	380	0	110	116	0	37.5564	33	107	0	9164	8690	0	163594	290.176	311.621	0	540	316.316	339.722	0.994615
720	5.89987e+06	539.014	1176	279	110	116	0	539.014	33	41.738	0	9172.1	8810.86	0	288965	296.773	328.69	0	720	321.167	339.111	0.992826
900	318434	4.67343	267	0	110	116	0	4.67343	32	107	0	9322	8690	0	74868.5	363.045	271.562	0	900	321.154	338.501	0.99104
1080	2.9464e+06	210.26	517	56	110	116	0	210.26	33	47.2257	0	9164	8734.39	0	204159	272.912	260.429	0	1080	318.424	337.892	0.989258
1260	3.57679e+06	76.7232	450	0	110	116	0	76.7232	33	86.6798	0	9311.09	8690	0	126309	290.613	300.946	0	1260	328.735	337.285	0.987479
1440	7.16688e+06	105.183	521	0	110	116	0	105.183	33	107	0	9282.77	8848	0	304952	338.774	353.575	0	1440	329.2	336.678	0.985703
1620	455274	597.686	159	0	110	116	0	597.686	33	11.0106	0	9164	8690	0	345843	209.987	290.573	0	1620	321.704	336.073	0.983931
1800	7.40576e+06	108.689	553	139	110	116	0	108.689	33	107	0	9164	8690	0	312740	297.658	336.241	0	1800	315.412	335.468	0.982161
1980	1.7132e+06	426	365	15	110	116	0	426	32.3978	25.2994	0	9269.22	8690	0	88946.7	280.446	314.473	0	1980	311.592	334.865	0.980395
2160	2.78885	45.0657	52	0	110	116	0	45.0657	32	0.0992429	0	9226.28	8765.91	0	86976	300.019	313.166	0	2160	319.591	334.263	0.978632
2340	422078	367.129	191	13	110	116	0	367.129	32	13.5269	0	9165.01	8796.6	0	112352	291.268	317.416	0	2340	316.812	333.661	0.976872
2520	1.8653e+06	700.922	634	101	110	116	0	700.922	33	20.5802	0	9304.63	8709.87	0	235752	328.905	214.658	0	2520	313.617	333.061	0.975115
2700	598577	95.9598	269	39	110	116	0	95.9598	32	31.5083	0	9322	8846.11	0	84551.8	382.436	324.642	0	2700	317.755	332.462	0.973361
2880	5.46045e+06	80.1391	428	120	110	116	0	80.1391	33	107	0	9205.38	8848	0	287641	319.847	379.287	0	2880	315.687	331.865	0.971611
3060	1.01327e+06	521.782	345	135	110	116	0	521.782	32.8906	17.5803	0	9220.71	8795.57	0	155732	293.868	386.539	0	3060	318.227	331.268	0.969863
3240	439199	391.975	120	104	110	116	0	391.975	33	13.354	0	9244.16	8769.25	0	175337	236.308	334.519	0	3240	318.76	330.672	0.968119
3420	1.21769e+06	443.996	382	22	110	116	0	443.996	33	20.8924	0	9242.9	8845.7	0	187598	303.46	350.893	0	3420	318.366	330.077	0.966378
3600	1.6882e+06	453.998	617	92	110	116	0	453.998	32.0003	24.3274	0	9185.67	8768.11	0	147274	301.395	339.324	0	3600	316.187	329.484	0.96464
3780	4.20766e+06	61.7527	404	0	110	116	0	61.7527	32	107	0	9322	8690	0	246635	341.919	257.942	0	3780	375.767	328.891	0.962906
3960	1.33336e+06	544	350	14	110	116	0	544	32	19.7508	0	9172.38	8809.05	0	190871	253.045	299.091	0	3960	370.981	328.3	0.961174
4140	1.19968	74.9611	0	0	110	116	0	74.9611	32	-0.0504691	0	9256.34	8816.25	0	112433	439.205	357.565	0	4140	342.329	327.709	0.959445
4320	806956	508.901	392	163	110	116	0	508.901	33	15.8861	0	9243.1	8768.16	0	231304	299.255	291.487	0	4320	337.82	327.12	0.95772
4500	780435	77.8187	82	0	110	116	0	77.8187	32	39.9518	0	9322	8690	0	101420	394.546	266.228	0	4500	348.094	326.532	0.955997
4680	2.8112e+06	84.1991	694	109	110	116	0	84.1991	33	72.9807	0	9267.34	8754.75	0	103501	302.486	320.169	0	4680	328.361	325.944	0.954278
4860	991339	59.7988	109	0	110	116	0	59.7988	32	51.3661	0	9164	8765.68	0	147035	261.743	312.162	0	4860	339.102	325.358	0.952562
5040	4.44741e+06	105.285	446	101	110	116	0	105.285	33	82.322	0	9322	8848	0	210314	362.032	339.921	0	5040	342.258	324.773	0.950849
5220	3.75642e+06	111.528	505	0	110	116	0	111.528	33	73.3058	0	9168.01	8690	0	168629	317.818	319.451	0	5220	347.912	324.189	0.949139
5400	576726	551.996	234	0	110	116	0	551.996	32	-12.8952	0	9292.78	8690	0	140495	336.681	304.728	0	5400	327.257	323.606	0.947432
5580	2.91949e+06	470	672	0	110	116	0	470	32	31.4423	0	9164	8730.19	0	75775.4	237.641	299.376	0	5580	340.127	323.024	0.945728
5760	2.22548e+06	95.4863	442	105	110	116	0	95.4863	32	60.9109	0	9164	8765.5	0	101625	311.205	298.822	0	5760	335.392	322.443	0.944027
5940	1.3199e+06	733.999	275	0	110	116	0	733.999	33	16.9173	0	9164	8748.39	0	392908	346.616	230.871	0	5940	323.606	321.863	0.94233
6120	1.14266e+06	396	469	34	110	116	0	396	32	21.43	0	9322	8840.26	0	74656.1	300.64	343.617	0	6120	327.634	321.284	0.940635
6300	3.13895e+06	46.0681	263	0	110	116	0	46.0681	33	107	0	9322	8695.21	0	248328	329.925	333.406	0	6300	311.904	320.707	0.938943
6480	1.28338e+06	322	364	113	110	116	0	322	32	25.186	0	9287.89	8782.71	0	91028.4	337.402	329.573	0	6480	320.696	320.13	0.937255
6660	6.06854e+06	115.893	798	152	110	116	0	115.893	33	92.2289	0	9210.77	8848	0	245559	302.231	341.496	0	6660	318.95	319.554	0.935569
6840	2.97786e+06	854	952	0	110	116	0	854	33	23.5577	0	9312.88	8690	0	227285	291.66	249.794	0	6840	328.915	318.98	0.933887
7020	5.14224e+06	75.4689	487	25	110	116	0	75.4689	33	107	0	9273.69	8848	0	285200	332.538	376.23	0	7020	325.452	318.406	0.932207
7200	93685.2	144.153	132	5	110	116	0	144.153	33	-10.1703	0	9322	8693.53	0	126300	330.403	301.553	0	7200	319.129	317.833	0.930531
7380	1.81046e+06	26.5708	194	87	110	116	0	26.5708	33	107	0	9164	8737.81	0	178836	276.076	289.155	0	7380	327.772	317.262	0.928857
7560	1.84544e+06	396	485	186	110	116	0	396	32	27.2341	0	9218.12	8788.25	0	81119.3	343.418	332.269	0	7560	312.926	316.691	0.927187
7740	1.6142e+06	461.242	808	33	110	116	0	461.242	33	23.6006	0	9322	8848	0	184009	263.221	328.201	0	7740	316.083	316.122	0.92552
7920	2.40897e+06	180.521	458	0	110	116	0	180.521	32	46.0853	0	9164	8848	0	116069	286.649	333.036	0	7920	319.005	315.553	0.923855
8100	4.08188e+06	59.9068	290	0	110	116	0	59.9068	33	107	0	9164	8797.97	0	263044	329.446	315.738	0	8100	322.031	314.986	0.922194
8280	247683	284.296	106	1	110	116	0	284.296	32.0001	11.7753	0	9165.74	8769.55	0	132900	284.9	325.729	0	8280	321.306	314.419	0.920535
8460	6240.93	111.326	36	0	110	116	0	111.326	33	-2.98701	0	9230.77	8829.56	0	140631	291.14	353.825	0	8460	313.941	313.854	0.91888
8640	879455	415.879	462	17	110	116	0	415.879	33	18.3457	0	9319.94	8768.47	0	87010.5	324.923	282.659	0	8640	319.135	313.289	0.917227
8820	0.22308	50.8564	165	19	110	116	0	50.8564	32.0002	0.0264221	0	9303.9	8811.36	0	111166	202.763	286.799	0	8820	316.833	312.726	0.915578
9000	1.55806e+06	427.999	437	12	110	116	0	427.999	32	24.0703	0	9314.71	8807	0	122933	316.93	287.776	0	9000	317.712	312.163	0.913931
9180	1.50592e+06	648.334	546	191	110	116	0	648.334	33	19.227	0	9272.09	8780.54	0	248475	351.716	303.375	0	9180	319.452	311.602	0.912288
9360	4.98653e+06	73.1837	466	104	110	116	0	73.1837	33	107	0	9164	8848	0	202360	297.689	343.704	0	9360	316.615	311.042	0.910647
9540	4.01686e+06	65.2562	227	0	110	116	0	65.2562	32	100.876	0	9322	8690	0	211309	374.942	238.955	0	9540	321.736	310.482	0.909009
9720	2.0452e+06	444	440	0	110	116	0	444	32	27.0761	0	9322	8735.76	0	81221.7	299.525	295.494	0	9720	323.457	309.924	0.907375
9900	2.23721e+06	596	693	0	110	116	0	596	33	24.4422	0	9295.15	8690	0	265060	349.484	309.159	0	9900	321.077	309.367	0.905743
10080	5.82354e+06	516.716	1165	0	110	116	0	516.716	33	42.3524	0	9322	8779.35	0	122813	343.723	323.147	0	10080	305.768	308.81	0.904114
10260	1.36505e+06	115.586	265	0	110	116	0	115.586	33	43.3543	0	9322	8690	0	203452	305.261	276.808	0	10260	316.195	308.255	0.902488
10440	4.11377e+06	60.3747	424	0	110	116	0	60.3747	33	107	0	9164	8690	0	310613	326.319	285.239	0	10440	307.054	307.701	0.900865
10620	5.14891e+07	802.626	4917	940	110	116	0	802.626	33	103.292	0	9221.11	8748.75	0	1.02586e+06	300.717	291.577	0	10620	308.295	307.147	0.899245
10800	3.208e+06	130.715	411	0	110	116	0	130.715	33	62.5071	0	9165.73	8848	0	320966	345.032	337.904	0	10800	312.639	306.595	0.897628
10980	5.81656e+06	92.078	337	0	110	116	0	92.078	32.7654	102.379	0	9322	8848	0	221550	335.805	366.372	0	10980	304.958	306.043	0.896013
11160	2.49601e+06	748	641	0	110	116	0	748	33	23.0453	0	9322	8848	0	314018	345.578	323.111	0	11160	313.722	305.493	0.894402
11340	2.22404e+06	478	616	35	110	116	0	478	32	27.2125	0	9319.69	8798.86	0	89974.1	314.892	350.427	0	11340	308.27	304.944	0.892793
11520	5.5191e+06	80.9998	726	0	110	116	0	80.9998	32	107	0	9322	8819.87	0	196702	338.859	354.167	0	11520	303.398	304.395	0.891188
11700	2.65479e+06	47.3613	90	0	110	116	0	47.3613	32	95.725	0	9164	8848	0	129699	270.457	399.754	0	11700	306.088	303.848	0.889585
11880	191112	214.5	151	35	110	116	0	214.5	32	11.9081	0	9187.37	8771.3	0	111132	271.446	317.318	0	11880	311.132	303.301	0.887985
12060	0.222828	94.4616	70	0	110	116	0	94.4616	32.9993	0.0193761	0	9240.51	8726.12	0	189673	302.595	279.092	0	12060	309.07	302.756	0.886388
12240	864434	741.989	301	0	110	116	0	741.989	33	-13.6169	0	9218.13	8848	0	321370	297.85	316.229	0	12240	301.474	302.211	0.884794
12420	2.92617e+06	636	635	318	110	116	0	636	32	27.0602	0	9271.01	8766.54	0	61814.7	301.03	320.051	0	12420	299.708	301.668	0.883203
12600	3.32915e+06	70.2524	420	0	110	116	0	70.2524	33	87.4324	0	9322	8848	0	172055	338.763	368.737	0	12600	301.368	301.125	0.881615
12780	4.81948e+06	120.108	420	13	110	116	0	120.108	32	80.1638	0	9322	8690	0	183507	351.063	298.013	0	12780	306.038	300.584	0.880029
12960	757248	469.697	188	64	110	116	0	469.697	32	16.0184	0	9242.88	8819.33	0	139106	325.838	215.602	0	12960	310.282	300.043	0.878447
13140	43577	181.824	331	0	110	116	0	181.824	33	-6.17609	0	9177.96	8691.44	0	191486	319.576	250.193	0	13140	303.058	299.504	0.876867
13320	2.57909e+06	301.753	772	0	110	116	0	301.753	33	36.8823	0	9316.8	8690	0	305978	340.098	244.232	0	13320	314.146	298.965	0.87529
13500	2.67595e+06	752	554	0	110	116	0	752	33	23.798	0	9308.67	8848	0	154006	297.743	329.235	0	13500	305.744	298.427	0.873716
13680	1.19389e+06	450	447	0	110	116	0	450	33	20.5488	0	9164	8690	0	162940	356.986	304.515	0	13680	304.086	297.891	0.872145
13860	1.67631e+06	540	467	36	110	116	0	540	32	22.2275	0	9164.29	8699.92	0	125302	283.947	344.029	0	13860	303.659	297.355	0.870576
14040	1.54369e+06	410.697	489	0	110	116	0	410.697	32	24.4584	0	9288.62	8690	0	112551	297.349	281.681	0	14040	294.181	296.82	0.869011
14220	2.69499e+06	53.9701	346	0	110	116	0	53.9701	32	89.9017	0	9164	8848	0	111361	239.417	335.335	0	14220	296.152	296.287	0.867448
14400	3.94595e+06	204.167	971	252	110	116	0	204.167	33	55.4628	0	9272.75	8755.45	0	173080	329.87	326.553	0	14400	300.418	295.754	0.865888
14580	457754	339.989	141	0	110	116	0	339.989	32	14.6384	0	9164	8847.98	0	80104.1	290.491	324.091	0	14580	295.724	295.222	0.864331
14760	425000	336.422	287	30	110	116	0	336.422	32.5793	14.1795	0	9319.97	8768.54	0	81509.1	318.231	336.557	0	14760	296.099	294.691	0.862776
14940	598314	648.973	232	0	110	116	0	648.973	32.9998	12.1133	0	9321.32	8770.95	0	190090	420.692	329.114	0	14940	292.833	294.161	0.861225
15120	3.03849e+06	124.876	346	73	110	116	0	124.876	32	62.2386	0	9164	8748.36	0	129852	268.487	308.833	0	15120	294.233	293.632	0.859676
15300	465481	441.72	148	6	110	116	0	441.72	33	12.9505	0	9164	8847.92	0	218316	326.7	369.891	0	15300	296.383	293.104	0.85813
15480	507466	388.711	310	0	110	116	0	388.711	32	14.4145	0	9321.81	8768.2	0	90138.6	359.06	325.789	0	15480	298.146	292.577	0.856586
15660	1.85903e+06	592	624	129	110	116	0	592	33	22.3559	0	9164	8848	0	224759	252.845	324.903	0	15660	300.929	292.051	0.855046
15840	1.30008e+06	318	278	0	110	116	0	318	32	25.5083	0	9322	8726.5	0	92412.1	336.053	364.368	0	15840	292.298	291.525	0.853508
16020	1.61965e+06	342	421	171	110	116	0	342	32	27.4542	0	9278.82	8773.48	0	101648	330.498	324.169	0	16020	293.28	291.001	0.851973
16200	4.02807e+06	59.117	224	0	110	116	0	59.117	32.9998	107	0	9164	8690	0	182536	261.723	279.126	0	16200	291.374	290.478	0.850441
16380	1.06798e+06	420	192	0	110	116	0	420	33	20.1172	0	9322	8848	0	142966	328.17	332.336	0	16380	297.012	289.955	0.848912
16560	2.10778e+06	30.9343	207	53	110	116	0	30.9343	32	107	0	9322	8848	0	202569	394.007	329.123	0	16560	295.445	289.434	0.847385
16740	635054	266	184	0	110	116	0	266	32	19.4928	0	9164	8818.48	0	74402.2	246.95	286.75	0	16740	289.096	288.913	0.845861
16920	3.19893e+06	46.9483	436	0	110	116	0	46.9483	33	107	0	9164	8690	0	221957	291.998	260.434	0	16920	293.457	288.394	0.84434
17100	4.76658e+06	125.476	380	145	110	116	0	125.476	32	77.9398	0	9164	8798.07	0	252349	299.269	303.679	0	17100	286.808	287.875	0.842822
17280	2.74057e+06	53.1	272	19	110	116	0	53.1	32	91.5109	0	9164	8690	0	133943	261.288	266.493	0	17280	294.05	287.357	0.841306
17460	2.71904e+06	39.9054	492	23	110	116	0	39.9054	32	107	0	9257.84	8690	0	217945	336.709	200.483	0	17460	282.75	286.841	0.839793
17640	786789	323.995	407	0	110	116	0	323.995	32	19.6594	0	9243.42	8690	0	84982.3	314.419	268.295	0	17640	289.072	286.325	0.838283
17820	266368	344.574	99	0	110	116	0	344.574	32.0016	11.092	0	9319.7	8770.14	0	179819	308.832	273.648	0	17820	289.709	285.81	0.836775
18000	105623	199.668	77	0	110	116	0	199.668	32	9.1756	0	9167.97	8769.89	0	126138	296.784	260.174	0	18000	292.15	285.296	0.83527
18180	3.37289e+06	49.5015	689	39	110	116	0	49.5015	32	107	0	9164	8811.61	0	152370	269.067	342.035	0	18180	283.092	284.783	0.833768
18360	4.09289e+06	85.5687	302	9	110	116	0	85.5687	32	87.8646	0	9230.84	8848	0	208088	321.735	351.163	0	18360	289.608	284.271	0.832269
18540	526341	464.36	265	48	110	116	0	464.36	33	13.4312	0	9243.68	8716.89	0	235082	276.902	308.802	0	18540	285.21	283.759	0.830772
18720	3.82647e+06	56.1583	399	0	110	116	0	56.1583	33	107	0	9164	8848	0	190310	269.784	325	0	18720	285.372	283.249	0.829278
18900	3.56967e+06	52.3895	270	101	110	116	0	52.3895	33	107	0	9164	8733.34	0	316235	268.15	278.658	0	18900	282.632	282.74	0.827787
19080	1.70453e+06	819.948	484	34	110	116	0	819.948	33	18.1894	0	9284.48	8700.14	0	403579	268.953	317.843	0	19080	281.452	282.231	0.826298
19260	2.5868e+06	37.9645	260	42	110	116	0	37.9645	33	107	0	9322	8848	0	189311	354.647	351.374	0	19260	279.83	281.724	0.824812
19440	789052	317.998	349	70	110	116	0	317.998	32.8167	19.8724	0	9321.1	8833.91	0	106279	343.928	313.358	0	19440	275.159	281.217	0.823329
19620	6.71041e-06	43.5477	59	0	110	116	0	43.5477	32	-0.000156604	0	9242.02	8829.17	0	112174	219.24	366.845	0	19620	279.678	280.711	0.821848
19800	5.3351e+06	78.3226	294	0	110	116	0	78.3226	32	106.981	0	9164	8848	0	259194	248.824	364.044	0	19800	279.372	280.207	0.82037
19980	2.63819e+06	38.7188	454	0	110	116	0	38.7188	32	107	0	9322	8848	0	118638	336.544	351.862	0	19980	280.308	279.703	0.818895
20160	3.56708e+06	444.372	905	104	110	116	0	444.372	33	35.7432	0	9263.4	8707.15	0	152361	321.991	355.164	0	20160	270.838	279.2	0.817422
20340	2.85159e+06	752	751	0	110	116	0	752	32	24.5666	0	9182.11	8848	0	105191	325.835	362.049	0	20340	279.686	278.698	0.815952
20520	2.38562e+06	115.856	401	0	110	116	0	115.856	32	57.2488	0	9168.74	8690	0	106958	284.677	282.829	0	20520	277.683	278.196	0.814484
20700	4.35886e+06	63.9718	597	0	110	116	0	63.9718	33	107	0	9322	8690	0	261653	329.931	317.597	0	20700	276.156	277.696	0.81302
20880	1.02779e+06	175.879	365	0	110	116	0	175.879	32	30.4969	0	9322	8690	0	76493.3	365.728	341.613	0	20880	272.12	277.197	0.811558
21060	1.08233e+06	36.2555	221	34	110	116	0	36.2555	32	68.9697	0	9322	8848	0	77400.1	352.676	360.769	0	21060	273.59	276.698	0.810098
21240	1.57643e+06	32.3122	326	0	110	116	0	32.3122	33	88.7932	0	9225.73	8690	0	140349	344.989	322.887	0	21240	265.047	276.2	0.808641
21420	700963	492.869	223	12	110	116	0	492.869	32	15.045	0	9242.98	8846.79	0	132696	335.838	328.053	0	21420	270.013	275.704	0.807187
21600	2.41651e+06	534	556	10	110	116	0	534	33	26.837	0	9209.74	8846.9	0	225277	264.834	341.978	0	21600	270.083	275.208	0.805735
21780	954460	609.991	355	0	110	116	0	609.991	33	15.7807	0	9164	8732.53	0	215461	240.197	349.695	0	21780	280.2	274.713	0.804286
21960	691325	233.285	269	8	110	116	0	233.285	33	21.7174	0	9322	8848	0	130780	297.311	336.158	0	21960	268.806	274.219	0.80284
22140	384793	414.779	200	7	110	116	0	414.779	33	12.1511	0	9243.33	8690.46	0	131488	319.805	257.776	0	22140	268.723	273.726	0.801396
22320	1.55179e+06	406	454	202	110	116	0	406	32	24.664	0	9227.55	8750.24	0	105904	309.705	223.833	0	22320	266.162	273.234	0.799955
22500	1.33894e+06	140.321	355	0	110	116	0	140.321	32	38.9699	0	9242.78	8690	0	149824	269.144	268.628	0	22500	268.382	272.742	0.798516
22680	955184	23.8423	81	37	110	116	0	23.8423	32	80.0982	0	9296.36	8848	0	114894	293.287	382.991	0	22680	260.441	272.252	0.79708
22860	0.000280129	63.5161	48	0	110	116	0	63.5161	32.0001	-0.000837813	0	9261.48	8822.47	0	139278	335.886	355.772	0	22860	261.162	271.762	0.795647
23040	3.63296e+06	135.601	685	87	110	116	0	135.601	32	65.3181	0	9267.39	8848	0	212252	350.753	364.126	0	23040	261.237	271.273	0.794216
23220	917668	430	325	130	110	116	0	430	33	18.4297	0	9164	8847.79	0	141979	284.219	297.802	0	23220	261.244	270.786	0.792788
23400	917205	597.984	471	0	110	116	0	597.984	33	15.6242	0	9200.38	8690	0	178288	351.434	334.876	0	23400	252.493	270.299	0.791362
23580	149543	196.043	124	0	110	116	0	196.043	33	11.0184	0	9164.06	8768.38	0	147019	299.545	369.03	0	23580	260.539	269.812	0.789939
23760	2.0698e+06	622	386	0	110	116	0	622	33	23.0133	0	9255.15	8690	0	120865	285.598	323.757	0	23760	259.924	269.327	0.788518
23940	679338	699.785	186	142	110	116	0	699.785	33	-12.43	0	9243.19	8770.41	0	249665	268.411	240.464	0	23940	266.772	268.843	0.7871
24120	3.8594e+06	476	1011	190	110	116	0	476	32	35.9225	0	9196.68	8728.12	0	86816.8	305.142	277.483	0	24120	264.408	268.359	0.785684
24300	329667	338.507	219	19	110	116	0	338.507	33	-12.4498	0	9318.02	8769.24	0	140459	353.777	262.199	0	24300	264.395	267.877	0.784272
24480	2.29978e+06	760	412	0	110	116	0	760	33	21.9455	0	9242.92	8848	0	151908	335.975	369.435	0	24480	262.316	267.395	0.782861
24660	15131.4	59.1986	187	33	110	116	0	59.1986	33	-6.37813	0	9257.72	8753.64	0	618331	306.618	265.803	0	24660	262.951	266.914	0.781453
24840	1.81846e+06	254.204	590	44	110	116	0	254.204	33	33.742	0	9322	8753.32	0	247085	325.193	301.318	0	24840	263.643	266.434	0.780048
25020	565662	162.434	210	63	110	116	0	162.434	32	-23.5424	0	9282.04	8690	0	134212	245.517	343.489	0	25020	267.329	265.955	0.778645
25200	2.26632e+06	225.019	451	86	110	116	0	225.019	33	40.0369	0	9246.05	8690	0	273385	287.343	322.226	0	25200	272.226	265.477	0.777245
25380	1.0761e+06	215.413	351	48	110	116	0	215.413	33	28.1969	0	9164	8848	0	213186	321.473	351.466	0	25380	266.577	264.999	0.775847
25560	878779	428.25	252	100	110	116	0	428.25	33	18.0718	0	9284.32	8768.96	0	207349	292.611	402.01	0	25560	259.005	264.523	0.774452
25740	2.06233e+06	676	676	32	110	116	0	676	33	22.0352	0	9164	8831.35	0	233688	340.434	355.78	0	25740	260.321	264.047	0.773059
25920	0.146297	197.626	42	0	110	116	0	197.626	33	-0.0108544	0	9231.44	8827.51	0	266694	305.79	365.728	0	25920	268.749	263.572	0.771669
26100	3.53817e+06	99.3632	445	0	110	116	0	99.3632	33	75.4073	0	9322	8848	0	354169	310.993	322.365	0	26100	262.35	263.098	0.770281
26280	698283	574.912	394	76	110	116	0	574.912	33	13.9035	0	9199.41	8767.05	0	201634	259.468	287.601	0	26280	262.586	262.625	0.768896
26460	0.061537	35.5362	13	0	110	116	0	35.5362	32	0.0166013	0	9216.74	8790.35	0	84663	321.244	332.069	0	26460	261.967	262.153	0.767513
26640	1.24303e+06	384.63	248	0	110	116	0	384.63	33	22.6793	0	9206.72	8848	0	229700	290.575	376.183	0	26640	264.396	261.681	0.766133
26820	280435	331.651	265	0	110	116	0	331.651	33	-11.6007	0	9321.34	8769.15	0	228421	358.781	252.96	0	26820	264.576	261.211	0.764755
27000	2.87337e+06	169.782	386	0	110	116	0	169.782	32	51.8994	0	9164	8708.37	0	98959.9	251.803	297.995	0	27000	255.997	260.741	0.763379
27180	700461	325.056	384	60	110	116	0	325.056	32	18.5192	0	9164	8836.26	0	96849	267.041	413.345	0	27180	264.326	260.272	0.762007
27360	3.87357e+06	232.15	682	78	110	116	0	232.15	33	51.5327	0	9164	8795.18	0	127067	273.254	296.845	0	27360	257.916	259.804	0.760636
27540	1.68399e+06	369.948	413	31	110	116	0	369.948	33	26.9159	0	9319.87	8848	0	126541	331.377	351.601	0	27540	261.778	259.337	0.759268
27720	1.94514e+06	470	609	0	110	116	0	470	32	25.6647	0	9164	8794.08	0	97181.6	240.93	334.188	0	27720	260.521	258.87	0.757903
27900	291736	14.2918	69	0	110	116	0	14.2918	33	-57	0	9164	8690	0	184110	281.959	299.97	0	27900	261.583	258.405	0.75654
28080	3.94363e+06	57.8777	356	17	110	116	0	57.8777	33	107	0	9164	8690	0	280074	258.26	303.014	0	28080	257	257.94	0.755179
28260	2.82409e+06	85.9895	633	127	110	116	0	85.9895	32	72.3746	0	9188.87	8764.55	0	123104	342.84	301.464	0	28260	254.861	257.476	0.753821
28440	1.07444e+06	585.999	356	0	110	116	0	585.999	33	17.0825	0	9322	8690	0	174558	347.964	264.865	0	28440	255.502	257.013	0.752466
28620	1.41366e+06	591.959	372	217	110	116	0	591.959	33	19.4956	0	9221.64	8767.2	0	178554	301.052	350.741	0	28620	255.922	256.551	0.751112
28800	4.42066e+06	92.7245	272	149	110	116	0	92.7245	32	87.7122	0	9164	8848	0	195873	247.94	345.938	0	28800	255.613	256.09	0.749762
