MS2-QUANT	v0j
Region DEFINITION, 05-Apr-2021
COMMENT	Outline definition performed in MS2-QUANT (Main program)
FILE	MAX_20201217_RI516_C12MS2128TkTat_001_visit_3.tif
PATH	/Volumes/EBL/20201217/
PARAMETERS
Pix-XY	Pix-Z	RI	Ex	Em	NA	dT	Type
79	600	1.458	488	521	1.4	180	widefield
ANALYSIS-SETTINGS	
IMAGING-BACKGROUND	150
LIMIT-FIT-SIGMA-XY-MIN	-58
LIMIT-FIT-SIGMA-XY-MAX	102
LIMIT-FIT-SIGMA-Z-MIN	0
LIMIT-FIT-SIGMA-Z-MAX	0
LIMIT-FIT-BGD-MIN	35
LIMIT-FIT-BGD-MAX	36
DETECTION-THRESHOLD	500
REGION	TxSite
X_POS	269	269	269	269	269	269	269	268	268	268	268	267	267	267	266	266	266	265	264	263	263	262	262	262	261	261	260	260	260	260	259	259	258	258	258	257	257	256	256	255	255	254	254	253	253	252	252	251	251	251	250	250	249	249	249	248	248	247	247	247	246	246	245	245	245	244	244	244	243	243	242	242	242	241	241	240	240	240	239	239	238	238	237	237	236	236	235	235	234	234	233	233	232	232	231	231	230	229	229	228	228	227	227	226	226	226	226	225	225	225	224	224	224	224	223	223	223	222	222	222	222	222	221	221	221	221	220	220	220	220	219	219	219	219	219	218	218	218	218	218	218	217	217	217	217	217	216	216	216	216	216	216	216	216	215	215	215	215	215	215	215	215	215	215	216	216	216	216	216	217	217	217	217	217	218	218	218	218	218	219	219	219	219	219	220	220	220	221	221	221	222	222	222	223	223	223	224	225	225	225	225	226	227	227	227	228	228	229	229	229	230	230	231	231	232	233	233	234	234	235	235	236	236	237	237	238	238	239	239	240	240	241	242	242	243	243	244	244	245	245	246	246	247	248	248	249	249	250	250	251	251	252	252	253	253	254	255	255	256	256	257	257	258	258	259	259	260	260	261	261	261	262	262	263	263	263	264	264	264	265	265	265	265	266	266	266	267	267	267	267	268	268	268	268	269	269	269	269	269	269	269	270	270	270	270	270	270	270	270	270	270	270	270	270	END
Y_POS	305	305	304	304	304	303	303	303	302	302	302	302	301	301	301	300	300	300	299	299	299	299	299	298	298	298	298	298	298	297	297	297	297	297	297	297	297	296	296	296	296	296	296	295	295	295	295	295	295	295	295	295	294	294	294	294	294	294	293	293	293	293	293	293	292	292	292	292	292	291	291	291	291	291	291	291	290	290	290	290	290	290	290	289	289	289	289	289	289	289	289	289	289	289	289	289	289	289	289	289	289	289	289	289	290	290	290	290	290	291	291	291	291	292	292	292	293	293	293	293	294	294	294	295	295	295	296	296	297	297	297	298	298	299	299	299	300	300	301	301	302	302	303	303	304	304	304	305	305	305	306	306	307	307	307	308	308	309	309	310	310	311	311	312	312	313	313	313	314	314	314	314	315	315	315	316	316	316	317	317	317	318	318	319	319	319	319	320	320	320	320	321	321	321	321	321	322	322	322	322	323	323	323	323	323	323	323	323	323	324	324	324	324	324	324	324	324	324	324	324	324	324	324	324	324	324	324	324	324	324	324	324	324	324	324	324	324	324	324	324	324	324	324	324	324	324	324	324	324	324	324	324	324	324	324	324	324	324	324	324	324	324	324	324	324	324	324	324	324	324	324	324	324	323	323	323	323	323	322	322	322	322	321	321	321	321	320	320	319	319	319	318	318	318	317	317	316	316	315	315	314	314	314	313	313	312	312	311	311	310	310	309	309	308	END
QUANTIFICATION
Time[s]	Q_Integrate	Q_AMP	Q_Sum_pix	Q_MIP_int	Pix_Y	Pix_X	Pix_Z	AMP	BGD	SigmaXY	SigmaZ	MuY	MuX	MuZ	RES	Cent_Y	Cent_X	Cent_Z	OPB_time	OPB_INT	OPB_FIT	OPB_FIT_norm
0	1.45656e+06	406	411	38	307	243	0	406	36	23.8952	0	19324.4	24276.6	0	147959	279.749	296.053	0	0	438.213	485.022	1
180	0.00355217	67.1354	96	0	307	243	0	67.1354	35	-0.00290189	0	19261	24311.5	0	102961	306.954	302.431	0	180	446.559	484.119	0.998137
360	1.65698e+06	432	712	99	307	243	0	432	36	24.7074	0	19271	24387.9	0	131171	322.59	321.311	0	360	438.262	483.217	0.996278
540	1.77838e+06	485.996	518	134	307	243	0	485.996	35.4908	24.1327	0	19292	24284.5	0	156990	262.41	296.601	0	540	448.06	482.317	0.994423
720	280543	408.399	475	0	307	243	0	408.399	35.9911	10.4561	0	19352.4	24334.1	0	189347	376.926	311.503	0	720	439.257	481.419	0.992571
900	2.45387e+06	87.9725	310	56	307	243	0	87.9725	36	66.6539	0	19197.6	24253	0	203543	252.147	298.526	0	900	439.874	480.523	0.990723
1080	4.47889e-05	36.868	24	0	307	243	0	36.868	35	0.000439714	0	19296	24339.2	0	114084	398.588	311.515	0	1080	442.14	479.628	0.988878
1260	953372	501.458	322	182	307	243	0	501.458	36	17.395	0	19278	24341.3	0	161878	345.939	334.195	0	1260	433.276	478.734	0.987036
1440	1.21594e+06	31.4566	77	36	307	243	0	31.4566	35	78.6381	0	19355	24411	0	150805	346.348	384.113	0	1440	428.028	477.843	0.985198
1620	503750	370.016	219	0	307	243	0	370.016	35	14.72	0	19197.1	24333.2	0	124762	319.864	284.111	0	1620	424.821	476.953	0.983363
1800	2.01477e+06	426.217	625	26	307	243	0	426.217	36	27.4288	0	19197	24253	0	293854	331.147	255.8	0	1800	418.577	476.065	0.981532
1980	982069	419.963	268	125	307	243	0	419.963	35	19.2919	0	19239.2	24332	0	133499	244.158	307.086	0	1980	424.339	475.178	0.979704
2160	199504	354.315	101	32	307	243	0	354.315	35	9.46653	0	19197	24411	0	136698	258.675	308.146	0	2160	420.309	474.293	0.977879
2340	414787	456.12	168	68	307	243	0	456.12	35.0273	12.0305	0	19236.3	24331.5	0	176044	339.277	327.616	0	2340	418.252	473.41	0.976058
2520	2.05194e+06	104.249	384	0	307	243	0	104.249	35	55.9714	0	19345	24411	0	99520.2	302.173	300.289	0	2520	413.197	472.528	0.97424
2700	1.70639e+06	27.1881	343	24	307	243	0	27.1881	35	102	0	19199.7	24253	0	208919	287.683	273.944	0	2700	423.88	471.648	0.972426
2880	2.22821e+06	104.432	394	1	307	243	0	104.432	35	58.2765	0	19355	24253	0	83293.4	380.939	255.216	0	2880	417.168	470.77	0.970615
3060	818937	374	286	0	307	243	0	374	35	18.6681	0	19197	24297.5	0	120195	298.626	300.088	0	3060	412.83	469.893	0.968807
3240	1.06597e+06	395.977	474	18	307	243	0	395.977	35	20.699	0	19355	24331.6	0	114646	348.419	314.007	0	3240	422.269	469.018	0.967003
3420	960069	290.375	464	8	307	243	0	290.375	35	22.9394	0	19323.5	24411	0	81309.5	333.675	324.658	0	3420	413.809	468.145	0.965202
3600	0.00204116	52.5237	152	0	307	243	0	52.5237	35.3208	0.00248697	0	19322.7	24380.9	0	136350	350.862	328.2	0	3600	420.46	467.273	0.963405
3780	1.1282e+06	413.999	308	0	307	243	0	413.999	35	20.8259	0	19197	24254.2	0	72742.5	247.032	314.258	0	3780	427.762	466.403	0.961611
3960	2.22722e+06	70.8762	531	50	307	243	0	70.8762	35	70.7773	0	19324.1	24253	0	150993	335.672	263.748	0	3960	426.195	465.534	0.95982
4140	1.71929e+06	601.999	499	0	307	243	0	601.999	35	21.32	0	19276.1	24410.8	0	78191.4	375.312	312.657	0	4140	424.616	464.667	0.958032
4320	1.59239e+06	406	384	0	307	243	0	406	36	24.9845	0	19300.2	24411	0	155449	345.816	294.572	0	4320	426.669	463.802	0.956248
4500	280799	380.638	354	24	307	243	0	380.638	36	10.8356	0	19354.2	24253	0	232645	336.433	267.422	0	4500	428.835	462.938	0.954467
4680	1.47358e+06	603.953	388	236	307	243	0	603.953	35	19.7059	0	19274.3	24314.9	0	182425	292.12	326.399	0	4680	433.491	462.076	0.95269
4860	1.94094e+06	741.996	493	0	307	243	0	741.996	36	20.404	0	19200.8	24369.3	0	250608	315.489	324.748	0	4860	432.87	461.215	0.950916
5040	1.99048e+06	114.021	310	5	307	243	0	114.021	36	52.7109	0	19197	24253	0	287238	264.443	282.573	0	5040	439.867	460.356	0.949145
5220	1.23925e+06	448	491	0	307	243	0	448	35	20.9822	0	19355	24253	0	85276.6	343.869	297.46	0	5220	434.336	459.499	0.947377
5400	934170	361.989	419	9	307	243	0	361.989	35	20.2663	0	19277.7	24253	0	120324	290.118	283.2	0	5400	438.644	458.643	0.945613
5580	902736	479.658	347	0	307	243	0	479.658	36	17.3071	0	19197.1	24331.8	0	184151	286.307	276.734	0	5580	431.416	457.789	0.943852
5760	961127	475.558	360	7	307	243	0	475.558	36	17.9349	0	19243	24410.5	0	234675	324.657	330.564	0	5760	431.322	456.937	0.942094
5940	1.0006e+06	524	591	95	307	243	0	524	36	17.4331	0	19227	24253	0	186524	290.328	270.132	0	5940	436.672	456.086	0.940339
6120	5.49999e-15	2.22045e-14	109	32	307	243	0	2.22045e-14	35	-0.198551	0	19355	24300	0	103776	384.152	305.671	0	6120	441.239	455.236	0.938588
6300	0.719414	72.7609	108	58	307	243	0	72.7609	36	0.0396689	0	19354.3	24352.1	0	173899	312.501	338.066	0	6300	440.517	454.388	0.93684
6480	1.65395e+06	486	484	0	307	243	0	486	35	23.2731	0	19197	24375	0	157730	321.766	286.434	0	6480	435.844	453.542	0.935096
6660	336656	573.256	252	56	307	243	0	573.256	36	9.66783	0	19197	24253	0	170638	267.603	283.671	0	6660	441.213	452.698	0.933354
6840	511756	511.509	153	0	307	243	0	511.509	36	-12.6187	0	19282.1	24253	0	185287	267.829	306.899	0	6840	447.113	451.855	0.931616
7020	1.22573e+06	37.8274	371	0	307	243	0	37.8274	35	71.8835	0	19310.6	24253	0	127782	341.326	312.845	0	7020	447.646	451.013	0.929881
7200	1.46889e+06	875.011	533	27	307	243	0	875.011	36	16.3455	0	19353.3	24282.2	0	297779	363.139	285.61	0	7200	457.511	450.173	0.928149
7380	200934	463.851	67	0	307	243	0	463.851	35.0003	-8.30323	0	19280.4	24257.6	0	232694	412.842	422.669	0	7380	456.353	449.335	0.926421
7560	292131	500.741	352	0	307	243	0	500.741	35	9.6359	0	19230.2	24253	0	185216	264.088	244.241	0	7560	457.688	448.498	0.924695
7740	4.19627e+06	66.8597	321	26	307	243	0	66.8597	36	102	0	19197	24253	0	175940	288.661	298.769	0	7740	457.077	447.663	0.922973
7920	1.03903e+06	16.555	98	42	307	243	0	16.555	35	102	0	19355	24253	0	165813	359.346	232.702	0	7920	457.506	446.829	0.921255
8100	2.20522e+06	659.998	635	81	307	243	0	659.998	36	23.0603	0	19275.3	24400.9	0	143147	288.245	324.564	0	8100	445.437	445.997	0.919539
8280	1.58766e+06	767.994	456	76	307	243	0	767.994	36	18.1389	0	19276.2	24273.2	0	354169	244.426	324.72	0	8280	460.776	445.166	0.917826
8460	4.05266e+06	64.5716	397	77	307	243	0	64.5716	36	102	0	19252.1	24411	0	210048	301.356	332.109	0	8460	459.141	444.337	0.916117
8640	3.55644e+06	56.6653	560	0	307	243	0	56.6653	35.6428	102	0	19204.1	24411	0	252094	290.977	391.376	0	8640	454.855	443.51	0.914411
8820	1.4211e+06	361.539	476	13	307	243	0	361.539	36	25.0118	0	19197	24333.2	0	110847	308.818	355.641	0	8820	456.887	442.684	0.912708
9000	1.34468e+06	554	365	0	307	243	0	554	36	19.6546	0	19355	24267.6	0	236723	362.014	311.795	0	9000	462.693	441.859	0.911008
9180	3.54626e+06	766	941	68	307	243	0	766	36	27.1444	0	19200.9	24384.8	0	139063	243.724	342.221	0	9180	470.529	441.036	0.909312
9360	2.83375e+06	295.566	375	67	307	243	0	295.566	36	39.0628	0	19278.2	24253	0	192384	287.947	274.037	0	9360	467.051	440.215	0.907618
9540	498782	436.796	182	31	307	243	0	436.796	35.2148	-13.4811	0	19240.6	24254.9	0	199574	351.033	329.444	0	9540	465.411	439.395	0.905928
9720	4.75703e+06	75.7945	378	42	307	243	0	75.7945	36	102	0	19197	24284.1	0	431168	285.512	349.608	0	9720	477.195	438.577	0.904241
9900	687372	434.904	406	0	307	243	0	434.904	36	15.8602	0	19354.9	24332	0	154327	301.437	334.751	0	9900	477.813	437.76	0.902557
10080	512479	400.452	436	119	307	243	0	400.452	36	14.2716	0	19276.4	24329.9	0	153446	315.103	325.894	0	10080	476.934	436.945	0.900876
10260	437508	554.19	275	106	307	243	0	554.19	35.7742	11.2092	0	19276.2	24330.2	0	259492	269.346	331.869	0	10260	477.617	436.131	0.899198
10440	6.84246e+06	130.682	737	125	307	243	0	130.682	35.6952	92.2254	0	19197	24310.3	0	303027	300.317	346.368	0	10440	479.332	435.319	0.897524
10620	106289	316.046	141	0	307	243	0	316.046	36	-7.31608	0	19355	24335.9	0	270515	373.052	352.775	0	10620	465.543	434.508	0.895852
10800	2.53868e+06	646	524	0	307	243	0	646	35	25.0091	0	19355	24275.9	0	118323	321.883	304.146	0	10800	478.236	433.699	0.894184
10980	5.3416e+06	85.1084	480	203	307	243	0	85.1084	36	102	0	19197	24298.5	0	218033	253.965	311.068	0	10980	470.721	432.891	0.892519
11160	2.13802e+06	660	615	0	307	243	0	660	35	22.7062	0	19197	24253	0	210847	257.505	297.879	0	11160	476.223	432.085	0.890857
11340	919180	614.724	368	0	307	243	0	614.724	36	15.4266	0	19276.1	24410.9	0	269601	325.105	326.825	0	11340	471.908	431.281	0.889197
11520	3.52683e+06	643.998	1037	77	307	243	0	643.998	35	29.5229	0	19211.7	24360	0	162776	299.251	327.246	0	11520	470.197	430.477	0.887541
11700	1.45694e+06	61.2234	375	49	307	243	0	61.2234	35	61.5494	0	19197	24411	0	237870	257.153	321.492	0	11700	461.325	429.676	0.885889
11880	2.22002e+06	743.955	536	0	307	243	0	743.955	36	21.7929	0	19276.4	24411	0	307678	282.179	334.687	0	11880	479.26	428.876	0.884239
12060	2.14124e+06	670	557	107	307	243	0	670	35	22.5531	0	19197.5	24411	0	115662	293.99	352.826	0	12060	466.148	428.077	0.882592
12240	2.09728e+06	767.778	576	179	307	243	0	767.778	36	20.8507	0	19289.3	24372	0	333750	289.404	303.977	0	12240	478.518	427.28	0.880948
12420	2.88496e+06	537.19	697	102	307	243	0	537.19	36	29.2359	0	19269.1	24410.9	0	298834	287.252	306.854	0	12420	495.599	426.484	0.879308
12600	4.56252e+06	72.6952	555	0	307	243	0	72.6952	36	102	0	19197	24305.7	0	328437	321.014	337.572	0	12600	474.47	425.69	0.87767
12780	237888	129.269	275	0	307	243	0	129.269	36	17.1139	0	19276.6	24253	0	221142	329.945	310.07	0	12780	493.249	424.897	0.876036
12960	2.34955e+06	68.8494	221	0	307	243	0	68.8494	35	73.7949	0	19355	24253	0	222026	342.294	292.593	0	12960	492.222	424.106	0.874404
13140	2.48494e+06	126.402	458	0	307	243	0	126.402	35	55.9371	0	19355	24332.2	0	90064.2	333.73	340.67	0	13140	493.955	423.316	0.872776
13320	3.91923e+06	62.4456	337	0	307	243	0	62.4456	36	102	0	19355	24253	0	456278	346.462	357.405	0	13320	482.496	422.527	0.87115
13500	1.0996e+06	508	405	95	307	243	0	508	35	18.5608	0	19355	24253	0	154361	341.777	285.601	0	13500	483.293	421.741	0.869528
13680	3.76648e+06	166.532	522	154	307	243	0	166.532	36	60.0016	0	19197	24320.7	0	169846	281.392	313.886	0	13680	496.354	420.955	0.867909
13860	348894	471.682	332	35	307	243	0	471.682	36	10.8501	0	19197.8	24292	0	201267	283.09	258.602	0	13860	502.217	420.171	0.866292
14040	831842	369.557	285	72	307	243	0	369.557	35	18.9273	0	19223.6	24332.1	0	113691	233.449	314.131	0	14040	503.751	419.389	0.864679
14220	500571	297.577	192	38	307	243	0	297.577	35	16.3623	0	19207.1	24329.1	0	74538.9	211.89	357.46	0	14220	494.268	418.608	0.863069
14400	3.3085e+06	52.7148	404	113	307	243	0	52.7148	36	102	0	19355	24271.6	0	233457	350.061	329.204	0	14400	489.427	417.828	0.861462
14580	2.88203e+06	190.976	652	130	307	243	0	190.976	35	49.0084	0	19355	24253	0	112853	356.102	252.216	0	14580	491.422	417.05	0.859857
14760	8.21287e+06	130.857	520	0	307	243	0	130.857	36	102	0	19197	24411	0	477036	322.134	383.351	0	14760	501.776	416.273	0.858256
14940	895331	813.706	312	37	307	243	0	813.706	36	13.2333	0	19321	24410	0	327493	337.832	369.831	0	14940	502.063	415.498	0.856658
15120	2.89126e+06	46.0668	256	0	307	243	0	46.0668	35	102	0	19355	24253	0	300412	384.853	207.216	0	15120	474.241	414.724	0.855062
15300	1.51185e+06	245.251	424	0	307	243	0	245.251	35	31.3227	0	19295.9	24253	0	132312	307.348	330.656	0	15300	490.7	413.952	0.85347
15480	769415	472	327	103	307	243	0	472	35	16.1072	0	19355	24259.3	0	147070	402.208	370.258	0	15480	492.397	413.181	0.85188
15660	1.78432e+06	542	605	0	307	243	0	542	36	22.89	0	19291.7	24411	0	116283	276.324	331.054	0	15660	482.812	412.411	0.850294
15840	1.93965e+06	430	664	21	307	243	0	430	36	26.794	0	19199.2	24364.9	0	139260	276.871	318.844	0	15840	486.009	411.643	0.84871
16020	0.0174749	59.4654	175	60	307	243	0	59.4654	35.9999	0.00683889	0	19340.5	24350.8	0	309631	291.369	358.467	0	16020	485.345	410.877	0.84713
16200	5.39039e+06	146.69	798	35	307	243	0	146.69	36	76.6269	0	19268.5	24253	0	233325	332.407	271.659	0	16200	488.155	410.112	0.845552
16380	1.15013e+06	1003.43	395	67	307	243	0	1003.43	36	13.5064	0	19328.6	24331.7	0	483760	325.812	353.194	0	16380	487.669	409.348	0.843977
16560	5.58861e+06	89.0441	733	0	307	243	0	89.0441	36	102	0	19355	24330.1	0	518917	400.972	307.008	0	16560	483.292	408.586	0.842406
16740	1.54281e+06	579.983	550	188	307	243	0	579.983	36	20.5759	0	19261.1	24301.4	0	333214	322.056	325.429	0	16740	470.584	407.825	0.840837
16920	903951	658.309	280	30	307	243	0	658.309	35	14.7832	0	19355	24409.2	0	188161	361.861	336.644	0	16920	450.635	407.065	0.839271
17100	580035	857.977	398	116	307	243	0	857.977	36	10.3729	0	19304.3	24332.6	0	532739	266.84	345.917	0	17100	469.54	406.307	0.837708
17280	6.13519e+06	97.7529	414	0	307	243	0	97.7529	36	102	0	19197	24253	0	420978	267.643	299.505	0	17280	454.302	405.55	0.836148
17460	4.16304e+06	596.269	654	0	307	243	0	596.269	35.8766	33.3345	0	19355	24315.3	0	210215	288.309	302.806	0	17460	457.625	404.795	0.834591
17640	6.22366e+06	99.1624	741	107	307	243	0	99.1624	36	102	0	19355	24314.6	0	263593	340.889	337.568	0	17640	463.697	404.041	0.833036
17820	2.15215e+06	699.999	675	44	307	243	0	699.999	36	22.1206	0	19197.5	24405.5	0	200130	316.034	342.004	0	17820	450.32	403.289	0.831485
18000	1.01967e+06	521.491	406	200	307	243	0	521.491	36	17.6408	0	19275.8	24332	0	251065	324.962	309.94	0	18000	458.95	402.538	0.829937
18180	881707	489.861	362	150	307	243	0	489.861	36	16.9253	0	19256.4	24347.9	0	229864	288.382	327.208	0	18180	454.944	401.788	0.828391
18360	3.07747e+06	662	978	0	307	243	0	662	36	27.2006	0	19334.3	24395.9	0	174079	307.449	342.483	0	18360	450.258	401.04	0.826848
18540	3.388e+06	680	714	183	307	243	0	680	36	28.1596	0	19343.9	24282.3	0	154398	306.133	298.81	0	18540	446.954	400.293	0.825308
18720	2.90253e+06	764	596	0	307	243	0	764	36	24.5896	0	19197	24396.1	0	190092	304.416	355.468	0	18720	437.09	399.548	0.823771
18900	89.6323	80.0899	105	0	307	243	0	80.0899	36	0.42204	0	19354.7	24395	0	296690	345.901	355.251	0	18900	438.573	398.803	0.822237
19080	50449.6	167.26	127	2	307	243	0	167.26	35	6.92855	0	19349.1	24330.5	0	113165	371.449	280.077	0	19080	435.631	398.061	0.820706
19260	1.04773e+06	277.999	329	126	307	243	0	277.999	35	24.4913	0	19310	24329.4	0	91794.6	303.029	313.498	0	19260	433.077	397.319	0.819178
19440	3.94079e+06	62.7892	596	91	307	243	0	62.7892	36	102	0	19284.7	24411	0	235843	302.739	344.852	0	19440	425.73	396.579	0.817652
19620	528902	517.763	229	57	307	243	0	517.763	36	12.7507	0	19227.8	24329.7	0	421506	263.438	284.429	0	19620	422.268	395.841	0.816129
19800	805043	509.176	521	21	307	243	0	509.176	35	15.863	0	19199.4	24332.7	0	150498	322.793	253.001	0	19800	418.729	395.104	0.814609
19980	211547	226.268	118	69	307	243	0	226.268	36	-12.1984	0	19275	24314.1	0	174900	327.275	316.616	0	19980	414.091	394.368	0.813092
20160	0.461615	142.655	131	0	307	243	0	142.655	35.9997	-0.0226938	0	19241.8	24305.5	0	334461	308.558	286.742	0	20160	405.868	393.634	0.811578
20340	5.41882e+06	86.3388	397	137	307	243	0	86.3388	36	102	0	19197	24411	0	330435	263.69	338.949	0	20340	399.981	392.9	0.810067
20520	6.79155e+06	108.211	617	116	307	243	0	108.211	36	102	0	19197	24255.9	0	271777	245.9	289.3	0	20520	392.565	392.169	0.808558
20700	1.973e+06	31.4361	297	61	307	243	0	31.4361	36	102	0	19355	24388.9	0	361136	365.727	347.332	0	20700	394.666	391.438	0.807052
20880	2.87327e+06	45.7802	469	9	307	243	0	45.7802	35	102	0	19197	24253	0	348476	290.813	243.731	0	20880	384.738	390.709	0.805549
21060	615764	522	170	0	307	243	0	522	35	13.7019	0	19355	24340.5	0	116571	299.113	327.868	0	21060	385.106	389.982	0.804049
21240	0.137895	136.87	206	0	307	243	0	136.87	36	0.0126628	0	19354.3	24307.6	0	304013	315.526	278.634	0	21240	380.188	389.256	0.802552
21420	3.77342e+06	527.025	565	26	307	243	0	527.025	36	33.7569	0	19315.6	24411	0	288364	320.012	293.965	0	21420	376.802	388.531	0.801057
21600	1.79746e+06	399.999	496	200	307	243	0	399.999	35	26.743	0	19281.1	24362.4	0	67381.6	319.399	275.213	0	21600	361.212	387.807	0.799565
21780	211010	277.194	168	70	307	243	0	277.194	36	-11.007	0	19274.8	24330.8	0	237827	348.37	273	0	21780	358.157	387.085	0.798076
21960	1.7276e+06	193.403	574	139	307	243	0	193.403	36	37.7051	0	19341.5	24392.9	0	188916	308.982	305.979	0	21960	358.336	386.364	0.79659
22140	6.35997e+06	101.334	423	0	307	243	0	101.334	36	102	0	19288.1	24253	0	363975	338.627	239.109	0	22140	346.476	385.644	0.795107
22320	398072	354.026	136	0	307	243	0	354.026	36	-13.3774	0	19222.8	24253	0	349393	337.777	327.431	0	22320	346.774	384.926	0.793626
22500	93590.2	174.462	150	50	307	243	0	174.462	35.0028	9.24007	0	19274.6	24330.3	0	148912	330.389	431.576	0	22500	344.631	384.209	0.792148
22680	413369	353.413	222	0	307	243	0	353.413	36	13.6439	0	19197.1	24334.4	0	166771	338.167	363.813	0	22680	337.123	383.494	0.790673
22860	2.16541e+06	844	430	0	307	243	0	844	36	20.2073	0	19197	24294.4	0	402253	338.026	319.262	0	22860	333.916	382.78	0.7892
23040	2.11381e+06	58.7125	335	77	307	243	0	58.7125	36	75.8315	0	19306.5	24253	0	308518	325.489	300.771	0	23040	330.012	382.067	0.78773
23220	1.65164e+06	488	474	0	307	243	0	488	35	23.2091	0	19293.6	24253	0	62846.1	307.425	296.05	0	23220	331.857	381.355	0.786263
23400	1.67544e+06	282.086	416	0	307	243	0	282.086	35	30.7457	0	19197	24396.6	0	94834.7	301.749	317.283	0	23400	326.799	380.645	0.784799
23580	548734	378	310	0	307	243	0	378	35	15.2001	0	19197	24379.3	0	96533.6	301.789	361.822	0	23580	322.139	379.936	0.783338
23760	0.199433	37.4147	240	47	307	243	0	37.4147	36	0.0291264	0	19347	24323.1	0	154450	295.867	325.885	0	23760	324.448	379.229	0.781879
23940	0.915903	32.7799	57	0	307	243	0	32.7799	35	-0.0666854	0	19256.9	24403.7	0	110089	327.079	364.084	0	23940	321.355	378.522	0.780423
24120	386202	523.984	210	8	307	243	0	523.984	35	-10.8307	0	19197	24253	0	162008	316.75	294.364	0	24120	322.969	377.817	0.778969
24300	304993	402.292	174	0	307	243	0	402.292	35	10.9846	0	19355	24410	0	169466	401.903	349.857	0	24300	323.599	377.114	0.777519
24480	1.69488e+06	120.377	644	46	307	243	0	120.377	35	47.3377	0	19292.5	24253	0	96647	310.956	275.845	0	24480	327.779	376.412	0.776071
24660	977585	901.117	231	0	307	243	0	901.117	36	13.14	0	19354.5	24331.6	0	286191	402.94	349.744	0	24660	321.59	375.711	0.774625
24840	3.24015e+06	866	951	66	307	243	0	866	36	24.4025	0	19289.6	24261.2	0	239229	322.248	249.666	0	24840	323.646	375.011	0.773183
25020	1.26758e+06	20.1965	169	0	307	243	0	20.1965	35	102	0	19197	24372.8	0	152482	237.564	316.564	0	25020	323.745	374.312	0.771743
25200	796811	500.627	237	0	307	243	0	500.627	35	15.9159	0	19355	24332.1	0	131467	303.065	339.78	0	25200	327.073	373.615	0.770306
25380	528864	438.11	360	11	307	243	0	438.11	36	-13.8609	0	19197.9	24370.7	0	153464	319.212	295.437	0	25380	319.41	372.92	0.768871
25560	12.9159	41.67	201	0	307	243	0	41.67	36	0.222106	0	19346.9	24253.3	0	267089	325.908	270.798	0	25560	320.053	372.225	0.767439
25740	2.59345e+06	129.74	485	0	307	243	0	129.74	35	56.4058	0	19355	24384.5	0	107728	338.776	351.236	0	25740	323.029	371.532	0.76601
25920	205753	371.528	245	0	307	243	0	371.528	35	-9.38831	0	19277.1	24407	0	125604	277.745	355.554	0	25920	319.278	370.84	0.764583
26100	857105	279.87	351	0	307	243	0	279.87	36	22.0775	0	19222.2	24387	0	196346	311.71	293.845	0	26100	318.182	370.149	0.763159
26280	243137	405.218	248	0	307	243	0	405.218	35	-9.77218	0	19355	24253	0	113650	334.155	281.893	0	26280	318.619	369.46	0.761738
26460	17.742	20.8167	61	0	307	243	0	20.8167	35	0.368304	0	19353.9	24410.7	0	80513.2	350.592	372.598	0	26460	313.25	368.772	0.76032
26640	1.15275e+06	319.996	365	139	307	243	0	319.996	35	23.9445	0	19309.9	24338.7	0	86808.4	314.179	370.521	0	26640	318.032	368.085	0.758904
26820	701373	24.1839	93	0	307	243	0	24.1839	36	67.9726	0	19355	24253	0	209901	368.612	279.425	0	26820	318.987	367.4	0.75749
27000	1.21407e+06	214.242	278	54	307	243	0	214.242	35	30.0317	0	19275.1	24411	0	83478.5	361.827	313.902	0	27000	318.333	366.715	0.75608
27180	1.52551e+06	527.998	311	24	307	243	0	527.998	35	21.4438	0	19198.6	24329.6	0	121308	258.353	312.229	0	27180	320.796	366.033	0.754672
27360	775042	574.769	468	36	307	243	0	574.769	36	14.6496	0	19276	24410.5	0	262851	279.689	332.248	0	27360	319.119	365.351	0.753266
27540	0.241254	85.9072	127	0	307	243	0	85.9072	35.9999	-0.0211414	0	19247.4	24360.8	0	247094	300.045	339.693	0	27540	323.723	364.67	0.751863
27720	930819	631.835	344	47	307	243	0	631.835	35	15.3123	0	19276.9	24393.4	0	210216	326.492	330.019	0	27720	318.387	363.991	0.750463
27900	199293	294.084	144	67	307	243	0	294.084	35	10.3853	0	19275.2	24331.3	0	195789	302.286	320.797	0	27900	320.777	363.313	0.749066
28080	750129	575.182	282	3	307	243	0	575.182	35	14.4071	0	19197.2	24332	0	191770	208.893	266.994	0	28080	311.536	362.637	0.747671
28260	2.84466e+06	734	768	273	307	243	0	734	36	24.8358	0	19239.4	24329.4	0	239536	269.885	334.509	0	28260	314.526	361.962	0.746278
28440	2.17992e+06	177.677	436	164	307	243	0	177.677	35	44.1891	0	19221.8	24411	0	175098	310.647	362.12	0	28440	318.602	361.287	0.744888
28620	1.07714e+06	702.827	383	65	307	243	0	702.827	36	15.6179	0	19278.6	24277.6	0	288670	363.62	283.037	0	28620	314.074	360.615	0.743501
28800	839284	813.997	272	0	307	243	0	813.997	35	12.8101	0	19355	24297.3	0	231840	392.626	316.176	0	28800	313.105	359.943	0.742116
