MS2-QUANT	v0j
Region DEFINITION, 05-Apr-2021
COMMENT	Outline definition performed in MS2-QUANT (Main program)
FILE	MAX_20201217_RI516_C12MS2128TkTat_001_visit_17.tif
PATH	/Volumes/EBL/20201217/
PARAMETERS
Pix-XY	Pix-Z	RI	Ex	Em	NA	dT	Type
79	600	1.458	488	521	1.4	180	widefield
ANALYSIS-SETTINGS	
IMAGING-BACKGROUND	150
LIMIT-FIT-SIGMA-XY-MIN	-6
LIMIT-FIT-SIGMA-XY-MAX	140
LIMIT-FIT-SIGMA-Z-MIN	0
LIMIT-FIT-SIGMA-Z-MAX	0
LIMIT-FIT-BGD-MIN	29
LIMIT-FIT-BGD-MAX	30
DETECTION-THRESHOLD	500
REGION	TxSite
X_POS	413	412	412	412	412	412	412	412	411	411	411	411	411	411	410	410	410	410	410	410	409	409	409	409	409	409	409	409	409	408	408	408	408	408	407	407	407	407	407	407	406	406	406	406	406	405	405	405	405	405	404	404	404	403	403	403	402	402	402	401	401	401	401	400	400	400	400	400	399	399	399	399	399	398	398	398	398	397	397	397	397	396	396	396	396	395	395	395	395	394	394	394	394	393	393	392	392	392	391	391	390	389	389	388	388	388	387	387	387	386	386	385	385	385	384	384	383	382	382	381	381	380	380	379	379	378	378	378	378	377	377	377	376	376	376	376	376	376	375	375	375	374	374	374	374	374	373	373	373	373	373	373	373	373	372	372	372	372	372	372	372	372	372	372	373	373	373	373	373	373	373	373	374	374	374	374	375	375	375	375	375	376	376	376	377	377	377	377	377	377	378	378	378	379	379	379	379	379	379	379	380	380	380	380	381	381	381	381	381	381	381	381	382	382	382	382	382	382	382	382	382	382	382	382	383	383	383	383	383	383	383	383	383	383	383	383	384	384	384	384	384	384	384	384	384	384	384	384	384	384	384	384	384	384	383	383	383	383	383	383	383	383	383	382	382	382	382	382	382	381	381	381	381	381	381	381	380	380	380	380	380	380	380	379	379	379	379	379	379	379	379	379	379	379	379	379	379	379	379	379	379	379	379	379	379	379	379	379	379	379	379	380	380	380	380	380	380	380	381	381	381	381	381	381	381	382	382	382	382	383	383	383	383	383	384	384	384	385	385	385	386	386	386	387	387	387	387	388	388	389	389	389	390	391	391	392	392	393	393	394	394	394	395	396	396	397	397	398	400	400	401	402	403	403	404	405	406	406	407	407	408	408	408	409	409	410	411	411	411	412	412	413	413	414	414	415	415	416	416	417	417	418	418	419	419	420	420	421	421	421	422	422	422	423	423	424	424	424	425	425	426	426	427	427	427	428	428	428	428	428	429	429	429	429	429	429	430	430	430	430	430	430	430	430	430	430	430	430	430	430	430	430	430	430	430	430	430	429	429	429	429	429	429	429	429	429	429	428	428	428	428	428	427	427	427	427	426	426	426	426	425	425	425	425	424	424	424	423	423	423	422	422	422	421	421	420	420	420	419	419	419	419	418	418	417	417	417	417	416	416	416	416	415	415	414	414	414	413	413	413	413	413	413	413	412	412	412	412	412	412	412	412	412	412	412	412	412	END
Y_POS	58	58	57	57	56	56	55	55	54	54	53	53	52	52	52	51	51	50	50	49	49	49	48	48	47	47	47	46	46	45	45	44	44	43	43	43	42	42	41	41	40	40	40	39	39	39	38	37	37	37	36	36	35	35	34	34	33	33	33	32	32	32	31	31	31	31	30	30	30	29	29	29	28	28	28	28	27	27	27	27	26	26	26	26	25	25	25	25	24	24	24	24	23	23	23	23	22	22	22	21	21	21	21	21	21	20	20	20	20	20	20	20	19	19	19	19	19	19	19	19	19	19	19	19	19	19	19	20	20	20	21	21	22	22	23	23	23	24	24	25	25	26	26	27	27	28	28	28	29	29	30	30	31	31	31	32	32	33	33	34	34	35	35	36	36	36	37	37	37	38	38	39	39	39	40	40	41	41	41	42	42	42	43	43	43	44	44	44	45	45	46	46	47	47	47	48	48	48	49	49	49	50	50	50	51	51	52	52	52	53	53	54	54	54	55	55	56	56	57	57	58	58	59	59	60	60	61	61	61	62	62	63	63	64	65	65	66	66	67	68	68	69	69	70	70	71	72	72	73	73	74	74	75	75	76	76	77	77	78	79	79	80	80	80	81	81	82	82	83	83	84	84	85	85	86	86	86	87	87	87	88	88	89	89	90	90	91	91	92	92	93	93	94	94	95	96	96	97	97	98	98	99	99	100	100	101	101	102	102	103	103	104	104	104	105	105	106	106	106	107	107	108	108	108	109	109	109	110	110	110	111	111	111	112	112	112	112	112	113	113	113	114	114	114	114	114	115	115	115	115	116	116	116	116	117	117	117	117	117	117	117	118	118	118	118	118	118	118	118	118	118	118	118	118	118	118	118	118	118	118	118	118	117	117	117	117	117	116	116	116	116	116	116	115	115	115	115	114	114	114	114	114	113	113	113	113	113	113	113	112	112	112	112	112	111	111	111	111	111	110	110	110	109	109	108	108	108	107	107	107	107	106	106	105	105	104	104	103	103	102	102	101	101	100	99	99	98	98	97	97	96	96	95	94	94	93	93	92	92	91	91	91	90	90	89	89	88	88	88	87	86	86	85	84	84	84	83	83	82	82	82	81	81	80	80	80	80	79	79	79	78	78	78	77	77	77	76	76	76	76	76	75	75	74	74	74	74	73	73	72	72	72	72	71	70	70	70	69	69	68	68	68	67	67	67	66	66	65	65	64	64	63	63	62	62	61	61	END
QUANTIFICATION
Time[s]	Q_Integrate	Q_AMP	Q_Sum_pix	Q_MIP_int	Pix_Y	Pix_X	Pix_Z	AMP	BGD	SigmaXY	SigmaZ	MuY	MuX	MuZ	RES	Cent_Y	Cent_X	Cent_Z	OPB_time	OPB_INT	OPB_FIT	OPB_FIT_norm
0	814978	441.998	343	0	29	384	0	441.998	29	17.1306	0	30461.4	2449	0	99484.4	236.329	329.341	0	0	523.009	583.608	1
180	662820	340.598	195	0	29	384	0	340.598	29	17.5989	0	30493.9	2366.13	0	62869.1	358.138	238.736	0	180	514.934	582.558	0.998202
360	38.296	0.395795	14	0	29	384	0	0.395795	29	-3.9242	0	30372.3	2291	0	83668.4	336.27	271.655	0	360	530.151	581.511	0.996406
540	1.46211e+06	88.9259	370	0	29	384	0	88.9259	29	51.155	0	30336	2449	0	66472.3	272.402	393.295	0	540	515.359	580.465	0.994615
720	1.44338e+06	432	525	0	29	384	0	432	29.2189	23.0599	0	30375.8	2291.01	0	114290	277.711	275.099	0	720	515.207	579.421	0.992826
900	695574	376	216	0	29	384	0	376	29.3173	17.1588	0	30494	2291	0	92862.3	286.145	276.602	0	900	509.697	578.379	0.99104
1080	2.39756e+06	70.1108	160	0	29	384	0	70.1108	30	73.8724	0	30336	2291	0	184463	285.711	310.897	0	1080	510.68	577.339	0.989258
1260	847654	473.391	270	164	29	384	0	473.391	30	16.8814	0	30410.1	2369.93	0	138201	344.727	374.909	0	1260	507.912	576.301	0.987479
1440	3.19731e+06	506	735	233	29	384	0	506	30	31.7123	0	30411.5	2329.3	0	145988	312.457	319.36	0	1440	517.048	575.264	0.985703
1620	4.1186e+07	440.964	2607	373	29	384	0	440.964	29	131.229	0	30494	2424.4	0	641047	382.584	353.125	0	1620	526.888	574.23	0.98393
1800	5.5827e+07	798.775	5179	683	29	384	0	798.775	30	108.633	0	30416.4	2392.76	0	1.35175e+06	325.62	353.548	0	1800	514.739	573.197	0.982161
1980	5.05221e+07	495.935	2409	178	29	384	0	495.935	29	140	0	30336	2449	0	1.22096e+06	203.512	370.425	0	1980	507.461	572.166	0.980395
2160	1.19469e+06	971.902	319	48	29	384	0	971.902	30	13.987	0	30336	2291	0	617288	220.706	433.28	0	2160	511.771	571.137	0.978632
2340	899041	529.993	380	0	29	384	0	529.993	29	16.431	0	30336	2388.42	0	117292	316.403	368.555	0	2340	516.664	570.11	0.976872
2520	0.00226041	39.5316	45	0	29	384	0	39.5316	30	-0.0030167	0	30378	2385.93	0	260916	276.738	333.725	0	2520	503.742	569.085	0.975115
2700	1.26141e+06	1332.38	495	0	29	384	0	1332.38	30	12.2751	0	30415	2448.99	0	1.3552e+06	213.846	423.762	0	2700	512.997	568.061	0.973361
2880	1.6102e+07	269.5	1106	204	29	384	0	269.5	30	99.1888	0	30494	2412	0	363193	339.979	371.677	0	2880	514.765	567.04	0.971611
3060	6.74825e+06	1006.49	1451	573	29	384	0	1006.49	30	32.6663	0	30440.4	2374.1	0	421590	274.66	337.604	0	3060	501.329	566.02	0.969863
3240	6.47281e+06	101.654	478	36	29	384	0	101.654	29	102.85	0	30336	2291	0	253146	249.663	207.97	0	3240	523.895	565.002	0.968119
3420	2.61559e+07	469.54	1374	186	29	384	0	469.54	30	95.3963	0	30336	2291	0	467847	269.091	262.025	0	3420	509.604	563.986	0.966378
3600	1.27537e+06	532	409	0	29	384	0	532	30	19.5332	0	30336	2373.9	0	147948	347.492	364.213	0	3600	513.025	562.972	0.96464
3780	1.81847e+07	178.504	823	82	29	384	0	178.504	29.6978	140	0	30494	2449	0	781700	421.949	381.355	0	3780	503.554	561.959	0.962905
3960	42842	67.4191	188	0	29	384	0	67.4191	29	10.0566	0	30494	2449	0	66115	321.483	378.144	0	3960	515.884	560.949	0.961174
4140	1.37681e+06	50.8923	240	0	29	384	0	50.8923	29	65.6377	0	30392.5	2291	0	103634	317.078	261.197	0	4140	515.711	559.94	0.959445
4320	872895	618.201	392	0	29	384	0	618.201	29	14.9909	0	30489	2405.88	0	158775	428.251	256.962	0	4320	516.282	558.933	0.95772
4500	8.70773e-06	1.59137	52	26	29	384	0	1.59137	29	0.000933205	0	30336.3	2428.72	0	51933	251.591	334.76	0	4500	527.341	557.928	0.955997
4680	7.28171e+07	1019.32	6464	992	48	386	0	1019.32	29.0001	110.075	0	30545.1	3874.12	0	1.09416e+06	296.539	332.981	0	4680	516.27	556.924	0.954278
4860	1.22917e+08	1654.5	10985	1164	51	390	0	1654.5	29.9999	112.746	0	30894.4	4132.82	0	1.68782e+06	316.544	338.185	0	4860	525.001	555.923	0.952562
5040	6.77697e+07	753.977	5423	523	51	387	0	753.977	29	127.714	0	30659.3	4092.13	0	1.25942e+06	319.298	309.558	0	5040	499.858	554.923	0.950849
5220	4.46097e+07	1196.12	5466	1114	46	386	0	1196.12	30	77.2092	0	30565.9	3703.2	0	654134	302.135	313.492	0	5220	508.109	553.925	0.949139
5400	1.52673e+07	149.867	121	0	46	386	0	149.867	30	140	0	30652	3792	0	1.3132e+06	410.458	435.247	0	5400	505.742	552.929	0.947432
5580	1.10085e+06	946.635	476	0	46	386	0	946.635	30	13.6045	0	30604.3	3792	0	578240	339.078	438.114	0	5580	511.024	551.934	0.945728
5760	7.54603e+06	74.0731	360	53	46	386	0	74.0731	30	140	0	30652	3634	0	300337	387.742	283.786	0	5760	514.984	550.942	0.944027
5940	211541	281.68	130	54	46	386	0	281.68	30	10.9328	0	30606.6	3714.97	0	318325	437.902	315.32	0	5940	502.352	549.951	0.94233
6120	1.00406e+06	779.364	191	191	46	386	0	779.364	30	14.3192	0	30573.1	3712.86	0	375660	318.663	324.828	0	6120	525.02	548.962	0.940635
6300	359503	299.727	157	54	46	386	0	299.727	30	13.8165	0	30569.7	3670.43	0	138157	283.534	314.013	0	6300	519.131	547.975	0.938943
6480	149651	285.971	105	11	46	386	0	285.971	30	9.12619	0	30647.1	3710.74	0	225105	327.805	336.069	0	6480	514.556	546.989	0.937255
6660	782967	128.605	310	46	46	386	0	128.605	29	31.1281	0	30610.7	3634	0	98043.5	269.043	327.331	0	6660	520.259	546.006	0.935569
6840	2.31644e+06	22.7386	250	0	46	386	0	22.7386	30	140	0	30494	3792	0	230732	262.199	342.039	0	6840	526.598	545.024	0.933887
7020	2.19114e+06	312.665	547	161	46	386	0	312.665	29	33.3969	0	30530.2	3699.24	0	45132.7	292.281	294.429	0	7020	521.129	544.044	0.932207
7200	2.34283e+06	1037.98	494	38	46	386	0	1037.98	29	18.9533	0	30573	3634.73	0	312642	338.403	375.908	0	7200	535.734	543.065	0.930531
7380	1.43162e+06	137.875	286	0	46	386	0	137.875	30	40.652	0	30652	3792	0	213698	298.946	388.031	0	7380	536.371	542.088	0.928857
7560	1.69682e+06	418.177	460	0	46	386	0	418.177	30	25.4125	0	30494	3634	0	310591	286.328	325.903	0	7560	539.501	541.114	0.927187
7740	2.60278e+06	94.88	436	26	46	386	0	94.88	29	66.0979	0	30494	3755.53	0	126282	322.23	300.736	0	7740	539.88	540.14	0.92552
7920	1.3726e+06	436	291	0	46	386	0	436	29	22.384	0	30652	3634	0	58825.6	323.287	316.745	0	7920	525.108	539.169	0.923855
8100	310495	236.251	255	80	46	386	0	236.251	29	14.4627	0	30573.3	3712.1	0	63887.5	279.058	259.876	0	8100	535.812	538.199	0.922194
8280	863697	284.695	318	47	46	386	0	284.695	29	21.9736	0	30615.2	3792	0	115035	367.78	343.901	0	8280	519.692	537.232	0.920535
8460	230653	424.998	163	28	46	386	0	424.998	29	9.29385	0	30494	3635.06	0	118403	250.156	233.138	0	8460	537.95	536.265	0.91888
8640	2.18286e+06	474	627	101	46	386	0	474	29	27.0728	0	30591.1	3773.33	0	75316.5	264.17	363.869	0	8640	532.409	535.301	0.917227
8820	218269	412.051	143	0	46	386	0	412.051	29	9.18186	0	30494	3792	0	88667.1	295.887	395.765	0	8820	512.278	534.338	0.915578
9000	1.14428e+06	359.997	394	180	46	386	0	359.997	29	22.492	0	30556.9	3715.78	0	54187.4	353.939	327.353	0	9000	543.93	533.377	0.913931
9180	510264	243.976	135	0	46	386	0	243.976	29	18.2446	0	30494	3791.91	0	53219.6	286.804	358.935	0	9180	539.65	532.418	0.912288
9360	565287	527.978	346	0	46	386	0	527.978	29	13.0538	0	30651.5	3712.7	0	162657	324.275	329.921	0	9360	532.674	531.461	0.910647
9540	1.63015e+06	576	397	0	46	386	0	576	29	21.2233	0	30652	3750.16	0	145887	311.962	353.481	0	9540	539.175	530.505	0.909009
9720	1.10691e+06	286	306	44	46	386	0	286	29	24.819	0	30651.7	3747.39	0	61752.3	347.762	358.079	0	9720	552.293	529.551	0.907374
9900	4.34586e+07	1286	5232	939	61	403	0	1286	30	73.4294	0	31947.3	4864.69	0	925534	322.293	290.861	0	9900	535.17	528.599	0.905743
10080	5.44648e+07	772.466	5301	548	57	398	0	772.466	29	109.208	0	31520.5	4582.38	0	826885	301.696	307.079	0	10080	536.336	527.648	0.904114
10260	2.57903e+07	253.162	1480	31	57	398	0	253.162	30	140	0	31557.4	4503	0	601973	324.022	271.906	0	10260	544.217	526.699	0.902488
10440	1.34264e+07	171.861	337	10	57	398	0	171.861	29	116.354	0	31577.3	4661	0	702982	368.031	478.194	0	10440	531.984	525.752	0.900865
10620	713483	328	179	0	57	398	0	328	29	18.6065	0	31442	4558.34	0	84504.7	286.027	358.518	0	10620	522.235	524.806	0.899245
10800	989130	27.7064	120	0	57	398	0	27.7064	30	75.5065	0	31442	4661	0	145561	312.322	375.226	0	10800	523.851	523.862	0.897628
10980	0.488268	8.6428	25	0	57	398	0	8.6428	30	0.0948226	0	31523.7	4661	0	211471	320.063	384.027	0	10980	530.518	522.92	0.896013
11160	619920	263.959	234	0	57	398	0	263.959	29	19.3335	0	31600	4581.93	0	60589.4	330.895	335.419	0	11160	532.392	521.98	0.894402
11340	496095	495.728	253	0	57	398	0	495.728	30	12.6203	0	31442.6	4538.44	0	179301	291.692	301.376	0	11340	533.235	521.041	0.892793
11520	1.9338e+06	143.626	471	48	57	398	0	143.626	29	46.2914	0	31442	4618.84	0	59259.2	349.613	344.61	0	11520	531.996	520.104	0.891188
11700	1.06411e+06	28.0432	118	20	57	398	0	28.0432	29	77.895	0	31600	4661	0	83447.4	288.993	331.523	0	11700	529.253	519.169	0.889585
11880	408730	378.36	133	81	57	398	0	378.36	29.4147	13.1122	0	31550.2	4581.87	0	140609	297.914	313.431	0	11880	534.534	518.235	0.887985
12060	280295	287.273	130	29	57	398	0	287.273	30	12.4615	0	31521.2	4508.46	0	127109	344.133	330.271	0	12060	515.322	517.303	0.886388
12240	55547.7	127.152	87	0	57	398	0	127.152	29.0017	8.33838	0	31518.2	4513.48	0	151837	415.887	437.392	0	12240	531.137	516.373	0.884794
12420	215871	221.771	106	0	57	398	0	221.771	29	12.4467	0	31599	4503	0	58228.7	362.202	320.792	0	12420	530.098	515.444	0.883203
12600	1.23903e+06	446	311	0	57	398	0	446	30	21.0273	0	31599.8	4503	0	111011	302.409	331.737	0	12600	543.826	514.517	0.881615
12780	938236	487.881	242	0	57	398	0	487.881	29	17.4948	0	31520.9	4661	0	90848.5	277.259	233.885	0	12780	530.916	513.592	0.880029
12960	932189	288.838	300	0	57	398	0	288.838	30	22.6639	0	31562	4661	0	129157	334.231	297.153	0	12960	532.455	512.668	0.878447
13140	4.1384e+06	48.6405	406	0	57	398	0	48.6405	29	123.012	0	31600	4661	0	146391	326.802	351.59	0	13140	530.896	511.746	0.876867
13320	879489	375.985	249	0	57	398	0	375.985	29	19.2948	0	31442	4581.94	0	77135.3	318.72	275.95	0	13320	526.678	510.826	0.87529
13500	2.29784e+06	22.556	131	58	57	398	0	22.556	30	140	0	31442	4503	0	185817	237.257	281.55	0	13500	524.966	509.907	0.873716
13680	1.36032e+06	295.134	290	101	57	398	0	295.134	29	27.0845	0	31600	4505.3	0	126021	306.119	316.152	0	13680	533.552	508.99	0.872145
13860	1.18036e+06	485.999	232	0	57	398	0	485.999	29	19.6608	0	31520.9	4661	0	137495	306.695	250.927	0	13860	531.166	508.075	0.870576
14040	1.99569e+06	428	610	98	57	398	0	428	29	27.2417	0	31589	4632.51	0	95923.5	346.649	331.173	0	14040	525.879	507.161	0.869011
14220	458033	417.37	188	0	57	398	0	417.37	30	13.2159	0	31600	4581.75	0	165007	312.403	364.085	0	14220	534.496	506.249	0.867448
14400	1.80983e+06	22.0027	317	91	57	398	0	22.0027	29	120.288	0	31442	4503	0	78126.7	244.9	292.505	0	14400	517.578	505.339	0.865888
14580	1.88157e+06	82.6002	336	0	57	398	0	82.6002	29	60.2165	0	31442	4503	0	121713	267.887	267.563	0	14580	529.174	504.43	0.864331
14760	3.38833e+06	430.082	534	0	57	398	0	430.082	30	35.4101	0	31600	4503	0	134387	345.563	298.862	0	14760	515.927	503.523	0.862776
14940	1.16835e+06	469.998	383	26	57	398	0	469.998	30	19.8906	0	31600	4503	0	158284	373.863	314.286	0	14940	522.497	502.617	0.861225
15120	400647	17.8068	83	19	57	398	0	17.8068	29	59.8454	0	31600	4503.01	0	79677.1	380.607	342.603	0	15120	511.614	501.714	0.859676
15300	379317	459.058	235	60	57	398	0	459.058	30	11.4677	0	31521.2	4542.26	0	205633	373.151	254.412	0	15300	516.017	500.811	0.85813
15480	2.33198e+06	738	390	0	57	398	0	738	29	22.4256	0	31442	4661	0	53062.6	260.15	333.649	0	15480	520.328	499.911	0.856586
15660	2.34212e+06	528	453	0	57	398	0	528	29	26.5704	0	31593.5	4637.74	0	80748.4	339.245	278.3	0	15660	512.936	499.012	0.855046
15840	788712	43.3473	165	36	57	398	0	43.3473	29	53.8137	0	31485.3	4503	0	152697	294.485	308.166	0	15840	514.889	498.114	0.853508
16020	1.60023e+06	15.7081	327	0	57	398	0	15.7081	29	140	0	31442	4503	0	118654	284.137	254.117	0	16020	514.852	497.218	0.851973
16200	2.60836e+06	830	629	81	57	398	0	830	29	22.3643	0	31599.8	4503.27	0	86586.1	354.397	326.211	0	16200	506.27	496.324	0.850441
16380	1.85087e+06	23.2183	310	0	57	398	0	23.2183	29	117.865	0	31600	4550.9	0	145621	370.942	295.245	0	16380	519.544	495.432	0.848912
16560	931334	497.999	291	0	57	398	0	497.999	30	17.2524	0	31600	4602.64	0	141985	324.011	297.469	0	16560	505.101	494.541	0.847385
16740	4.62237e+07	1465.6	6007	1321	77	395	0	1465.6	30	70.908	0	31287.7	6150.24	0	496737	318.648	322.339	0	16740	511.713	493.651	0.845861
16920	6.79979e+07	944.997	5847	1343	80	398	0	944.997	29	110.559	0	31508.3	6418.55	0	1.3533e+06	302.307	335.649	0	16920	509.828	492.763	0.84434
17100	1.5956e+08	1642.78	11974	1430	81	397	0	1642.78	30	135.031	0	31440.7	6458.94	0	2.64438e+06	313.557	308.644	0	17100	514.128	491.877	0.842822
17280	1.43367e+08	1667.29	11111	1218	84	396	0	1667.29	30	123.892	0	31390.4	6685.97	0	2.817e+06	330.533	284.231	0	17280	493.176	490.993	0.841306
17460	1.71125e+08	1693.51	11632	1408	85	397	0	1693.51	30	139.124	0	31410.4	6761.95	0	3.19637e+06	295.44	297.255	0	17460	507.966	490.11	0.839793
17640	1.01548e+08	1268.94	8631	1078	88	396	0	1268.94	29	118.159	0	31336.2	7029.06	0	2.19095e+06	298.145	312.944	0	17640	489.042	489.228	0.838283
17820	1.362e+08	2004.73	12104	2084	88	394	0	2004.73	29.9986	106.816	0	31213.8	7063.14	0	2.18402e+06	329.632	339.819	0	17820	505.649	488.348	0.836775
18000	1.73964e+08	2530.68	15811	2535	89	394	0	2530.68	30	107.563	0	31215.8	7110.78	0	1.83517e+06	323.907	311.567	0	18000	498.573	487.47	0.83527
18180	6.89864e+07	971.805	5971	1197	90	393	0	971.805	30	109.656	0	31135.7	7222.58	0	1.30484e+06	331.979	357.295	0	18180	489.88	486.594	0.833768
18360	4.82477e+06	454.892	547	0	90	393	0	454.892	29	41.086	0	31047	7268	0	175194	250.546	398.769	0	18360	501.248	485.719	0.832269
18540	1.13305e+07	111.222	276	0	90	393	0	111.222	30	140	0	31047	7268	0	727631	149.516	348.681	0	18540	501.652	484.845	0.830772
18720	2.0945e+07	205.6	566	16	90	393	0	205.6	30	140	0	31047	7242.55	0	1.31598e+06	168.415	346.995	0	18720	496.696	483.973	0.829278
18900	1.06045e+08	1697.98	10164	1504	93	390	0	1697.98	29	101.712	0	30898.5	7444.5	0	987320	328.718	334.627	0	18900	504.275	483.103	0.827786
19080	7.81277e+07	1016.61	6742	985	93	389	0	1016.61	29	115.152	0	30786.2	7422.45	0	1.11325e+06	289.554	310.953	0	19080	505.275	482.234	0.826298
19260	1.57948e+08	1550.44	11006	1562	101	391	0	1550.44	30	140	0	30955.7	8087.45	0	3.07244e+06	312.942	325.254	0	19260	492.638	481.367	0.824812
19440	1.32915e+08	1541.35	10698	1367	100	397	0	1541.35	29	124.13	0	31393.2	7945.77	0	2.586e+06	269.007	283.591	0	19440	472.944	480.501	0.823328
19620	7.56473e+07	1159.48	6587	1030	99	397	0	1159.48	29.9999	104.307	0	31403	7927.99	0	1.62052e+06	263.668	335.553	0	19620	495.807	479.637	0.821848
19800	3.52044e+07	425.138	1305	277	99	397	0	425.138	30	120.818	0	31380.5	7979	0	1.28607e+06	277.857	417.753	0	19800	492.074	478.774	0.82037
19980	5.98779e+06	58.7772	168	0	99	397	0	58.7772	30	140	0	31363	7979	0	324760	257.418	377.825	0	19980	499.211	477.913	0.818894
20160	4.4782e+07	945.098	5348	772	109	403	0	945.098	30	87.4275	0	31908.7	8659.05	0	641894	296.921	288.433	0	20160	481.774	477.054	0.817422
20340	7.06565e+07	1107.63	6742	1084	105	401	0	1107.63	30	102.957	0	31776.1	8382.17	0	888657	306.412	323.224	0	20340	479.557	476.196	0.815952
20520	1.23867e+07	152.121	548	0	105	401	0	152.121	29	119.495	0	31703.5	8453	0	430932	279.884	414.009	0	20520	505.576	475.339	0.814484
20700	199229	288.675	62	0	105	401	0	288.675	30	10.4805	0	31836.3	8375.02	0	199189	429.437	344.736	0	20700	491.659	474.485	0.81302
20880	5.71279e+07	778.969	5095	730	108	402	0	778.969	30	111.852	0	31811.5	8629.63	0	818586	299.246	333.115	0	20880	495.813	473.631	0.811558
21060	1.39097e+06	806	506	148	108	402	0	806	30	16.573	0	31758.1	8532	0	370213	322.811	265.792	0	21060	501.276	472.78	0.810098
21240	4.69059e+07	989.336	5085	735	98	401	0	989.336	30	87.4549	0	31785.8	7856.27	0	1.34974e+06	311.583	344.695	0	21240	502.252	471.929	0.808641
21420	9.23262e+06	90.629	658	0	98	401	0	90.629	30	140	0	31837	7742	0	345515	393.403	254.173	0	21420	498.948	471.081	0.807187
21600	1.9236e+06	722	681	29	98	401	0	722	30	20.592	0	31724.8	7900	0	303836	333.092	343.835	0	21600	492.217	470.233	0.805735
21780	1.74356e+06	495.953	749	239	98	401	0	495.953	30	23.6542	0	31759.3	7842.12	0	180922	343.842	303.862	0	21780	494.939	469.388	0.804286
21960	1.42866e+06	639.975	254	254	98	401	0	639.975	30	18.8492	0	31758	7821	0	223639	288.588	235.873	0	21960	503.357	468.544	0.80284
22140	4.61177e+06	118.017	503	0	98	401	0	118.017	30	79.0784	0	31679	7859.88	0	299644	322.652	300.792	0	22140	475.57	467.701	0.801396
22320	1.10457e+08	1860.85	10537	1479	94	410	0	1860.85	29.0002	98.8246	0	32496.9	7529.1	0	1.69288e+06	338.833	343.369	0	22320	480.765	466.86	0.799955
22500	1.38012e+08	1657.65	10811	1541	93	414	0	1657.65	29.9999	121.251	0	32744.9	7448.51	0	2.19549e+06	285.303	333.639	0	22500	485.01	466.02	0.798516
22680	1.22194e+08	1227.98	8757	1105	94	414	0	1227.98	29.0001	137.504	0	32790.8	7516.01	0	2.25608e+06	309.692	331.133	0	22680	461.19	465.182	0.79708
22860	1.02846e+08	1691.93	9379	2225	91	414	0	1691.93	30	100.158	0	32752.8	7282.85	0	2.52577e+06	292.534	330.534	0	22860	476.303	464.346	0.795647
23040	4.87654e+06	47.869	341	0	91	414	0	47.869	30	140	0	32706	7334.22	0	382960	306.796	313.242	0	23040	473.29	463.511	0.794216
23220	3.20474e+07	314.583	1982	0	91	414	0	314.583	30	140	0	32848	7347	0	958131	340.875	379.028	0	23220	470.571	462.677	0.792788
23400	8.83662e+06	86.7418	537	0	91	414	0	86.7418	30	140	0	32864	7189	0	572689	373.858	268.086	0	23400	461.537	461.845	0.791362
23580	1.89251e+07	290.858	1568	396	91	414	0	290.858	30	104.144	0	32706	7347	0	470446	266.187	377.017	0	23580	480.222	461.014	0.789939
23760	2.99526e+07	608.432	2633	520	91	414	0	608.432	30	89.2206	0	32864	7246.84	0	674871	380.818	290.264	0	23760	463.988	460.185	0.788518
23940	5.11836e+07	853.446	4957	707	92	422	0	853.446	29.9929	99.3992	0	33379.3	7377.13	0	628648	272.736	345.744	0	23940	472.813	459.358	0.7871
24120	1.78482e+07	175.201	461	0	92	422	0	175.201	29	140	0	33496	7426	0	1.14777e+06	418.61	469.39	0	24120	488.656	458.532	0.785684
24300	3.86267e+06	37.9166	278	38	92	422	0	37.9166	29	140	0	33338	7426	0	154496	287.154	392.107	0	24300	484.465	457.707	0.784271
24480	1.86342e+06	557.999	314	0	92	422	0	557.999	29.7636	23.0541	0	33338	7344.6	0	138848	225.714	363.886	0	24480	474.65	456.884	0.782861
24660	1.98884e+06	187.099	245	0	92	422	0	187.099	30	41.1315	0	33338	7426	0	342276	211.409	336.487	0	24660	470.745	456.062	0.781453
24840	1.47981e+06	485.985	327	243	92	422	0	485.985	29	22.0141	0	33417.1	7338.38	0	91998.4	295.642	296.128	0	24840	477.117	455.242	0.780048
25020	1.18192e+06	641.847	304	148	92	422	0	641.847	29	17.1194	0	33383	7346.98	0	146846	367.267	352.249	0	25020	472.999	454.423	0.778645
25200	7.97798e+07	783.132	5337	878	97	416	0	783.132	30	140	0	32891.3	7767.14	0	1.53474e+06	275.994	335.349	0	25200	496.667	453.606	0.777245
25380	3.23364e+07	317.42	1159	0	97	416	0	317.42	30	140	0	32864	7663	0	1.00317e+06	257.857	269.05	0	25380	494.5	452.79	0.775847
25560	7.70525e+07	772.906	6168	891	96	413	0	772.906	30	137.696	0	32682.7	7667.84	0	2.39012e+06	290.399	319.466	0	25560	495.2	451.976	0.774452
25740	9.52383e+07	1331.55	8807	1289	99	410	0	1331.55	30	110.156	0	32449	7897.13	0	1.86143e+06	305.528	318.332	0	25740	485.947	451.163	0.773059
25920	1.07163e+08	1423.93	9671	1593	94	408	0	1423.93	30	113.653	0	32294.8	7491.51	0	1.63561e+06	301.69	300.302	0	25920	499.672	450.352	0.771669
26100	7.1511e+07	853.772	5601	1165	88	408	0	853.772	30	121.734	0	32317.8	7066.74	0	1.27297e+06	307.482	339.283	0	26100	507.993	449.542	0.770281
26280	1.13336e+08	1474.04	9146	1309	89	411	0	1474.04	29	115.187	0	32594.8	7138.64	0	1.50667e+06	366.502	342.126	0	26280	491.296	448.734	0.768896
26460	1.40138e+08	1606.57	11150	1175	88	420	0	1606.57	30	125.102	0	33293.7	7014.33	0	2.78836e+06	337.564	309.922	0	26460	487.835	447.927	0.767513
26640	1.58191e+08	1592.29	11254	1641	91	416	0	1592.29	30	137.336	0	32976.9	7217.6	0	2.30298e+06	335.597	281.175	0	26640	494.99	447.121	0.766133
26820	1.64546e+08	1862.85	12591	1909	91	415	0	1862.85	30	126.182	0	32849.9	7234.68	0	2.4311e+06	310.544	287.454	0	26820	498.742	446.317	0.764755
27000	1.22068e+08	1355.15	9101	1223	89	415	0	1355.15	29	127.907	0	32817.6	7094.67	0	1.67672e+06	273.51	314.683	0	27000	484.532	445.514	0.763379
27180	1.46571e+07	143.876	786	86	89	415	0	143.876	30	140	0	32864.7	7031	0	441626	308.326	237.649	0	27180	499.685	444.713	0.762007
27360	4.23035e+07	1093.08	4625	1324	88	411	0	1093.08	30	78.6866	0	32564.9	6992	0	1.0106e+06	327.007	282.031	0	27360	506.187	443.913	0.760636
27540	1.85421e+07	182.012	981	145	88	411	0	182.012	29	140	0	32469	7110	0	668207	225.503	412.349	0	27540	499.548	443.115	0.759268
27720	1.98642e+07	377.333	1286	92	88	411	0	377.333	30	92.4961	0	32469	7101.35	0	468926	254.142	343.994	0	27720	507.143	442.318	0.757903
27900	1.00692e+07	98.8413	646	0	88	411	0	98.8413	30	140	0	32469	7104.02	0	579405	269.221	333.159	0	27900	497.852	441.523	0.75654
28080	2.25309e+06	416	479	114	88	411	0	416	30	29.3598	0	32580.9	6986.26	0	192780	323.033	260.347	0	28080	503.015	440.729	0.755179
28260	7.83935e+07	982.211	7001	1131	87	407	0	982.211	29	117.957	0	32213	6957.51	0	1.99045e+06	305.013	324.205	0	28260	494.584	439.936	0.753821
28440	7.69832e+07	889.325	6477	748	86	408	0	889.325	30	124.453	0	32328.6	6885.67	0	1.50747e+06	340.9	336.489	0	28440	490.058	439.145	0.752466
28620	9.62855e+07	1195.43	8416	1200	85	412	0	1195.43	29	118.653	0	32636	6821.21	0	1.92578e+06	327.894	347.838	0	28620	512.897	438.355	0.751112
28800	6.91038e+07	692.63	4951	522	87	410	0	692.63	30	137.779	0	32441.3	6957.84	0	1.33376e+06	306.343	321.873	0	28800	515.333	437.567	0.749762
