MS2-QUANT	v0j
Region DEFINITION, 05-Apr-2021
COMMENT	Outline definition performed in MS2-QUANT (Main program)
FILE	MAX_20201217_RI516_C12MS2128TkTat_001_visit_12.tif
PATH	/Volumes/EBL/20201217/
PARAMETERS
Pix-XY	Pix-Z	RI	Ex	Em	NA	dT	Type
79	600	1.458	488	521	1.4	180	widefield
ANALYSIS-SETTINGS	
IMAGING-BACKGROUND	150
LIMIT-FIT-SIGMA-XY-MIN	3
LIMIT-FIT-SIGMA-XY-MAX	151
LIMIT-FIT-SIGMA-Z-MIN	0
LIMIT-FIT-SIGMA-Z-MAX	0
LIMIT-FIT-BGD-MIN	31
LIMIT-FIT-BGD-MAX	32
DETECTION-THRESHOLD	500
REGION	TxSite
X_POS	60	61	61	62	63	63	63	64	65	65	66	67	67	68	68	69	69	69	69	69	69	69	69	69	69	68	68	68	67	67	67	67	67	66	65	65	65	65	64	64	64	63	63	62	61	61	61	60	59	59	58	57	57	56	55	54	53	52	51	51	50	49	48	47	47	46	45	44	43	43	42	41	40	40	39	38	37	37	36	35	34	33	31	31	29	28	27	26	25	24	23	22	21	21	20	19	18	18	17	16	16	15	14	14	13	13	12	11	11	10	9	9	8	7	7	6	6	5	5	5	5	4	4	3	3	3	3	3	3	2	2	2	2	2	1	1	1	1	1	1	1	1	1	2	2	2	2	3	3	3	4	4	4	5	5	5	6	7	7	7	7	7	8	8	8	9	9	10	10	11	11	12	13	13	14	15	17	17	18	19	20	21	23	24	25	26	27	28	29	30	32	33	35	37	39	40	41	42	43	44	45	46	46	47	48	49	49	50	50	51	52	53	54	54	55	55	55	END
Y_POS	331	330	329	329	329	328	327	327	326	325	324	323	322	321	320	320	319	318	317	316	315	314	313	312	311	311	310	309	309	308	307	306	305	305	304	303	302	301	301	300	299	299	298	297	297	296	295	295	294	293	293	293	292	292	291	291	291	290	290	289	289	289	289	288	287	287	287	286	286	285	285	285	285	284	284	284	284	283	283	283	283	283	283	282	282	282	282	282	282	282	282	282	282	283	283	283	283	284	284	284	285	285	285	286	286	287	287	287	288	289	289	290	290	291	292	292	293	294	295	296	297	297	298	298	299	300	301	302	303	303	304	305	306	307	307	308	309	310	311	312	313	314	315	315	316	317	318	319	320	321	321	322	323	323	324	325	325	325	326	327	328	329	329	330	331	331	332	333	334	334	335	335	335	336	337	337	337	338	339	339	339	339	339	339	340	340	340	340	340	340	340	340	340	340	340	340	339	339	339	339	339	339	338	338	338	338	337	337	336	336	335	335	335	334	334	333	332	END
QUANTIFICATION
Time[s]	Q_Integrate	Q_AMP	Q_Sum_pix	Q_MIP_int	Pix_Y	Pix_X	Pix_Z	AMP	BGD	SigmaXY	SigmaZ	MuY	MuX	MuZ	RES	Cent_Y	Cent_X	Cent_Z	OPB_time	OPB_INT	OPB_FIT	OPB_FIT_norm
0	4.71424e+06	42.1587	220	0	323	47	0	42.1587	32	151	0	3713	25517	0	337108	287.429	266.894	0	0	577.303	661.792	1
180	623645	507.246	245	0	323	47	0	507.246	32	13.9885	0	3765.11	25517.8	0	182100	313.693	250.202	0	180	580.658	660.602	0.998202
360	1.77869e+06	604	680	8	323	47	0	604	31	21.6492	0	3713	25517	0	140407	275.307	284.541	0	360	579.278	659.414	0.996406
540	9.19834e+07	966.64	7084	1145	323	47	0	966.64	31.0001	133.011	0	3783.71	25618.2	0	1.49116e+06	310.947	331.906	0	540	582.575	658.228	0.994615
720	1.05674e+08	945.025	6702	806	325	51	0	945.025	32	151	0	4084.98	25751.7	0	1.79631e+06	304.104	315.758	0	720	574.092	657.044	0.992826
900	6.58711e+07	635.573	4779	758	319	48	0	635.573	32	141.893	0	3859.68	25267.6	0	1.403e+06	295.518	314.875	0	900	568.059	655.862	0.99104
1080	5.50706e+06	59.5769	448	0	319	48	0	59.5769	31	130.259	0	3950	25201	0	145724	406.964	252.078	0	1080	563.179	654.683	0.989258
1260	2.44517e+06	21.8668	152	0	319	48	0	21.8668	32	151	0	3792	25359	0	244932	326.192	308.919	0	1260	560.952	653.505	0.987479
1440	112336	310.496	306	16	319	48	0	310.496	32	7.58824	0	3794.39	25203.7	0	290891	262.356	292.297	0	1440	561.622	652.33	0.985703
1620	984665	413.946	496	0	319	48	0	413.946	32	19.4573	0	3792	25201.1	0	115563	324.656	298.961	0	1620	559.453	651.157	0.98393
1800	1.31568e-12	2.22045e-14	34	0	319	48	0	2.22045e-14	32	3.07089	0	3800.44	25351.6	0	378922	323.822	349.243	0	1800	555.891	649.986	0.982161
1980	1.64893e+06	654	718	23	319	48	0	654	32	20.0319	0	3792	25325	0	216157	250.324	337.915	0	1980	554.57	648.817	0.980395
2160	1.41842e+06	433.999	399	142	319	48	0	433.999	31	22.807	0	3874.14	25240	0	115874	303.266	306.424	0	2160	545.977	647.65	0.978632
2340	1.52956e+06	55.4503	253	0	319	48	0	55.4503	31	66.2817	0	3950	25232.6	0	82997.9	353.64	275.664	0	2340	545.155	646.486	0.976872
2520	541963	291.999	153	0	319	48	0	291.999	31	17.1872	0	3792	25308.4	0	92781.5	330.393	372.665	0	2520	541.971	645.323	0.975115
2700	180868	305.401	137	0	319	48	0	305.401	31	9.70857	0	3922.76	25359	0	82089.1	263.449	340.361	0	2700	537.897	644.162	0.973361
2880	1.59829e+06	141.098	260	0	319	48	0	141.098	32	42.4598	0	3792	25355.5	0	174273	243.028	369.292	0	2880	550.515	643.004	0.971611
3060	1.52795e+06	522	280	0	319	48	0	522	31	21.5838	0	3950	25359	0	55731.2	399.245	363.835	0	3060	530.133	641.848	0.969863
3240	2.0661e+06	72.637	317	128	319	48	0	72.637	31	67.3121	0	3898.42	25201	0	160672	319.996	241.909	0	3240	539.847	640.693	0.968119
3420	2.12683e+06	66.8796	331	0	319	48	0	66.8796	31	71.2048	0	3792	25201	0	152696	269.338	291.891	0	3420	524.46	639.541	0.966378
3600	833531	333.953	233	0	319	48	0	333.953	31	19.931	0	3871	25359	0	66855.3	337.532	321.004	0	3600	535.514	638.391	0.96464
3780	363981	17.8924	159	1	319	48	0	17.8924	31	56.9022	0	3792.62	25359	0	117629	319.019	372.821	0	3780	537.728	637.243	0.962905
3960	1.45084e-12	2.22045e-14	76	0	319	48	0	2.22045e-14	31	3.22477	0	3813.45	25351.5	0	116362	289.061	345.508	0	3960	540.011	636.097	0.961174
4140	2.4347e+06	666	561	0	319	48	0	666	31	24.121	0	3950	25340.8	0	95001.8	379.056	289.021	0	4140	554.977	634.953	0.959445
4320	1.3021e-12	2.22045e-14	98	0	319	48	0	2.22045e-14	32	3.055	0	3797	25359	0	254132	318.284	393.091	0	4320	543.727	633.811	0.95772
4500	1.4733e+06	707.82	594	0	319	48	0	707.82	32	18.2009	0	3871.03	25201	0	236907	273.695	294.518	0	4500	543.623	632.671	0.955997
4680	700381	261.843	378	76	319	48	0	261.843	31	20.6327	0	3824.01	25280	0	69089.8	348.474	336.671	0	4680	538.674	631.533	0.954278
4860	1.06272e+06	443.976	481	27	319	48	0	443.976	31	19.5181	0	3795.24	25314.2	0	99162	279.663	290.443	0	4860	550.344	630.398	0.952562
5040	2.20017e+06	96.9693	388	0	319	48	0	96.9693	31	60.0974	0	3792	25342.2	0	142690	284.526	345.966	0	5040	551.916	629.264	0.950849
5220	1.97049e+06	440	440	0	319	48	0	440	32	26.6975	0	3792	25240.9	0	154483	320.907	323.738	0	5220	550.176	628.132	0.949139
5400	1.00199e+06	288.011	326	26	319	48	0	288.011	31	23.5309	0	3949.34	25201	0	64206.3	333.933	307.68	0	5400	552.926	627.003	0.947432
5580	1.46158e+06	166.654	275	83	319	48	0	166.654	31	37.3605	0	3946.18	25359	0	137025	269.275	401.607	0	5580	542.705	625.875	0.945728
5760	423557	15.4434	110	0	319	48	0	15.4434	31	66.0906	0	3798.81	25201	0	82140.5	340.696	281.48	0	5760	544.444	624.75	0.944027
5940	8.91277e+07	797.055	5253	936	323	20	0	797.055	32	151	0	1629.74	25602.9	0	1.42001e+06	297.574	318.07	0	5940	570.354	623.626	0.94233
6120	2.18808e+06	54.1826	201	0	323	20	0	54.1826	31	80.4282	0	1580	25675	0	154213	285.435	360.09	0	6120	557.279	622.504	0.940635
6300	349323	593.318	291	0	323	20	0	593.318	32	9.6801	0	1580	25517	0	211886	281.433	282.586	0	6300	567.499	621.385	0.938943
6480	478752	530.396	329	0	323	20	0	530.396	32	11.9857	0	1659.21	25672.5	0	271653	330.953	366.305	0	6480	564.097	620.267	0.937255
6660	816439	314	339	0	323	20	0	314	31	20.3426	0	1738	25675	0	52585.8	344.495	281.875	0	6660	583.444	619.152	0.935569
6840	3.26174e+06	36.5904	359	0	323	20	0	36.5904	31	126.981	0	1738	25675	0	174502	378.785	362.105	0	6840	593.862	618.039	0.933887
7020	1.05651e+06	477.458	490	46	323	20	0	477.458	31	18.7663	0	1735.18	25640.7	0	115730	293.059	380.806	0	7020	574.848	616.927	0.932207
7200	1.12295e+06	635.985	404	113	323	20	0	635.985	31	16.7635	0	1580.79	25530.9	0	173581	348.196	332.275	0	7200	584.305	615.818	0.930531
7380	3.99769e+06	54.3278	235	0	323	20	0	54.3278	31	112.083	0	1738	25517	0	301056	320.043	236.546	0	7380	587.741	614.71	0.928857
7560	1.4808e+06	360	521	6	323	20	0	360	32	25.5863	0	1626.41	25517	0	117521	274.331	321.999	0	7560	574.703	613.605	0.927187
7740	2.08051e+06	813.909	528	291	323	20	0	813.909	32	20.1701	0	1681.62	25598	0	408505	315.208	297.216	0	7740	605.863	612.501	0.92552
7920	1.9649e+06	17.5718	170	25	323	20	0	17.5718	31	151	0	1738	25517	0	131770	359.556	285.442	0	7920	595.69	611.4	0.923855
8100	1.02273e+06	56.9341	242	52	323	20	0	56.9341	31.0002	53.4697	0	1738	25583.6	0	142462	275.252	288.787	0	8100	587.05	610.3	0.922194
8280	796219	703.635	306	0	323	20	0	703.635	32	13.42	0	1737.99	25595.8	0	391773	325.969	318.821	0	8280	585.498	609.203	0.920535
8460	1.32972e-12	2.22045e-14	18	0	323	20	0	2.22045e-14	32	3.08723	0	1657.65	25621.7	0	207819	272.739	321.69	0	8460	586.028	608.107	0.91888
8640	388930	58.7148	303	0	323	20	0	58.7148	32	32.4693	0	1736.92	25517	0	240318	318.998	279.438	0	8640	607.182	607.013	0.917227
8820	3.80346e+06	544	747	154	323	20	0	544	31	33.358	0	1617.28	25657.4	0	153751	303.114	387.613	0	8820	604.719	605.922	0.915578
9000	1.85829e+06	237.225	403	68	323	20	0	237.225	32	35.3091	0	1580	25576.2	0	170490	340.096	291.338	0	9000	605.214	604.832	0.913931
9180	2.20543e+06	252.471	277	0	323	20	0	252.471	31	37.2865	0	1738	25675	0	179553	302.269	333.648	0	9180	613.511	603.744	0.912288
9360	2.82511e+06	511.033	533	17	323	20	0	511.033	32	29.6622	0	1738	25518.7	0	309854	376.392	317.821	0	9360	606.577	602.659	0.910647
9540	1.58533e+06	542	346	0	323	20	0	542	32	21.5759	0	1580	25517	0	176165	333.167	322.995	0	9540	618.083	601.575	0.909009
9720	5.13443e+06	150.946	731	0	323	20	0	150.946	31	73.6729	0	1604.5	25675	0	149290	321.964	343.478	0	9720	587.316	600.493	0.907374
9900	8.08264e+07	971.055	6770	650	304	16	0	971.055	32	121.23	0	1335.01	24126.5	0	819560	309.237	333.431	0	9900	616.356	599.413	0.905743
10080	1.5007e+07	134.205	847	119	304	16	0	134.205	32	151	0	1422	24016	0	596026	371.365	248.585	0	10080	589.776	598.335	0.904114
10260	4.12938e+06	72.7543	34	0	304	16	0	72.7543	32	96.3872	0	1422	24016	0	282877	346.204	302.464	0	10260	608.292	597.259	0.902488
10440	1.72645e+06	395.991	510	138	304	16	0	395.991	31	26.3418	0	1341.84	24047.4	0	82974.2	327.777	314.255	0	10440	600.353	596.185	0.900865
10620	337427	20.4784	33	0	304	16	0	20.4784	31	51.2099	0	1264	24016	0	100748	240.492	310.035	0	10620	599.991	595.113	0.899245
10800	5.11893e+06	215.445	695	111	304	16	0	215.445	31	61.501	0	1422	24100.8	0	165461	369.995	305.269	0	10800	606.219	594.042	0.897628
10980	1.47495e+06	449.959	447	146	304	16	0	449.959	31	22.8409	0	1316.56	24065	0	112786	334.121	355.271	0	10980	609.102	592.974	0.896013
11160	12.3326	0.212007	38	9	304	16	0	0.212007	32	3.04271	0	1267.5	24099.9	0	198214	318.296	297.904	0	11160	602.184	591.908	0.894402
11340	4.94024e+07	1056.75	5554	1075	294	29	0	1056.75	32	86.8071	0	2380.88	23309.4	0	807574	304.356	341.677	0	11340	594.229	590.843	0.892793
11520	1.96984e+07	176.16	886	17	294	29	0	176.16	32	151	0	2291	23384	0	961889	215.037	368.617	0	11520	593.095	589.781	0.891188
11700	1.65278e+06	437.999	472	75	294	29	0	437.999	32	24.5065	0	2334.66	23375.6	0	164480	300.293	328.702	0	11700	577.705	588.72	0.889585
11880	2.48388e+06	104.511	456	4	294	29	0	104.511	31	61.51	0	2390.44	23384	0	184351	320.464	336.607	0	11880	587.309	587.661	0.887985
12060	2.79801e+06	48.1134	492	157	294	29	0	48.1134	31	97.6981	0	2364.32	23226	0	133476	332.992	252.223	0	12060	591.46	586.604	0.886388
12240	3.65153e+06	32.6551	185	0	294	29	0	32.6551	32	151	0	2449	23226	0	240990	394.722	285.49	0	12240	594.126	585.55	0.884794
12420	1.02474e+06	445.972	259	0	294	29	0	445.972	31.9575	19.1233	0	2291	23226.2	0	152264	307.552	346.778	0	12420	603.777	584.497	0.883203
12600	1.26988e+06	463.997	405	0	294	29	0	463.997	32	20.8706	0	2448.84	23305.2	0	130539	367.716	371.773	0	12600	597.23	583.445	0.881615
12780	1.39091e+06	463.988	402	49	294	29	0	463.988	32	21.8427	0	2369.77	23235.3	0	180990	318.002	312.854	0	12780	587.289	582.396	0.880029
12960	2.91978e+06	911.999	610	21	294	29	0	911.999	31	22.5729	0	2370.48	23381.9	0	67347.2	341.969	379.487	0	12960	579.712	581.349	0.878447
13140	1.09408e+06	444.816	289	16	294	29	0	444.816	32	19.7854	0	2402.46	23226	0	148365	353.861	328.334	0	13140	590.243	580.303	0.876867
13320	4.99965e+06	96.1406	655	0	294	29	0	96.1406	31	91.8856	0	2291	23289.2	0	412704	255.743	333.484	0	13320	591.959	579.26	0.87529
13500	1.26481e+06	454	269	0	294	29	0	454	31	21.0569	0	2372.16	23383.9	0	109370	376.872	454.735	0	13500	603.607	578.218	0.873716
13680	710964	941.793	329	13	294	29	0	941.793	32	10.9612	0	2296.05	23302.6	0	1.40948e+06	432.331	402.812	0	13680	600.771	577.178	0.872145
13860	8.10661e+06	123.913	245	0	294	29	0	123.913	31	104.474	0	2449	23384	0	335757	417.755	367.05	0	13860	599.547	576.14	0.870576
14040	7.76882e+07	1011.66	6992	960	297	36	0	1011.66	32	115.097	0	2906.3	23556	0	1.19302e+06	303.122	334.29	0	14040	592.01	575.104	0.869011
14220	3.28864e+07	375.608	2812	552	297	36	0	375.608	32	125.422	0	2853.35	23516.7	0	726750	253.413	309.961	0	14220	602.073	574.07	0.867448
14400	1.87483e+07	167.663	313	0	297	36	0	167.663	32	151	0	2844	23621	0	1.18297e+06	208.073	392.777	0	14400	597.487	573.037	0.865888
14580	1.01594e+08	908.536	6708	934	302	35	0	908.536	32	151	0	2870.97	23941.9	0	2.36656e+06	325.421	310.352	0	14580	594.587	572.007	0.864331
14760	8.77048e+07	799.82	6132	874	300	34	0	799.82	32	148.53	0	2783.5	23727.1	0	2.02811e+06	329.721	280.56	0	14760	587.855	570.978	0.862776
14940	6.57684e+07	715.508	4998	532	300	33	0	715.508	31.0001	129.74	0	2716.06	23769.2	0	2.1078e+06	342.973	296.524	0	14940	591.942	569.951	0.861225
15120	2.33507e+07	208.822	722	194	300	33	0	208.822	32	151	0	2765	23700	0	1.06104e+06	417.183	248.305	0	15120	598.108	568.926	0.859676
15300	7.32876e+07	854.74	6161	618	300	43	0	854.74	31.9995	123.654	0	3460.17	23759.5	0	1.67879e+06	307.956	304.28	0	15300	580.83	567.903	0.85813
15480	7.1703e+07	986.049	6588	738	300	41	0	986.049	31	111.271	0	3354.61	23782.4	0	1.10106e+06	348.352	311.458	0	15480	607.755	566.882	0.856586
15660	2.1441e+06	556	478	0	300	41	0	556	31	24.774	0	3239.23	23756.8	0	136576	340.41	376.693	0	15660	599.871	565.862	0.855046
15840	1.0309e+07	167.927	464	135	300	41	0	167.927	31	100.722	0	3397	23858	0	471721	368.743	440.229	0	15840	591.378	564.845	0.853508
16020	640491	635.956	165	0	300	41	0	635.956	32	12.6606	0	3397	23772.8	0	606421	404.118	419.009	0	16020	599.302	563.829	0.851973
16200	485413	575.265	154	59	300	41	0	575.265	32	11.5886	0	3318.34	23823.1	0	461854	434.943	340.866	0	16200	597.784	562.815	0.850441
16380	342594	468.481	102	0	300	41	0	468.481	32	10.7883	0	3396.24	23779.4	0	171183	293.134	327.971	0	16380	604.438	561.803	0.848912
16560	1.01675e+08	1145.92	7978	1129	306	45	0	1145.92	32	126.574	0	3658.95	24269.3	0	1.79531e+06	326.15	314.251	0	16560	599.026	560.792	0.847385
16740	7.21662e+07	773.677	5714	709	308	43	0	773.677	32	131.105	0	3455.73	24376.3	0	1.23488e+06	300.452	287.302	0	16740	595.028	559.784	0.845861
16920	7.71955e+07	1011.43	6424	909	306	41	0	1011.43	31	114.655	0	3356.52	24295.8	0	1.39334e+06	357.95	353.309	0	16920	598.005	558.777	0.84434
17100	8.7396e+07	857.668	5701	1468	307	42	0	857.668	31	140.029	0	3429.69	24401.2	0	2.42753e+06	346.369	368.988	0	17100	599.092	557.772	0.842822
17280	8.65889e+07	870.078	6438	1192	309	45	0	870.078	32	137.515	0	3626.36	24505.8	0	2.6638e+06	311.105	327.376	0	17280	595.488	556.769	0.841306
17460	1.59991e+08	1567.29	11021	1414	308	44	0	1567.29	31	140.222	0	3581.22	24378.8	0	3.30998e+06	335.079	289.963	0	17460	591.46	555.768	0.839793
17640	1.73726e+08	1811.35	12392	1558	307	46	0	1811.35	31.0001	133.779	0	3712.99	24302.3	0	2.5173e+06	316.364	292.984	0	17640	593.4	554.768	0.838283
17820	2.38453e+08	2408.93	17066	2436	307	45	0	2408.93	31.0001	136.959	0	3630.95	24357.9	0	3.18557e+06	319.965	332.557	0	17820	587.165	553.771	0.836775
18000	1.50319e+08	1344.28	9171	808	313	42	0	1344.28	32	151	0	3419.01	24817.5	0	3.13993e+06	328.732	324.979	0	18000	590.646	552.775	0.83527
18180	1.36335e+08	1345.06	9923	1104	315	42	0	1345.06	31.9999	139.455	0	3413.32	24926	0	2.28011e+06	329.111	283.704	0	18180	585.154	551.781	0.833768
18360	1.91216e+08	1710.01	12642	1939	316	44	0	1710.01	31.0001	151	0	3570.18	25016.7	0	4.65151e+06	341.785	299.044	0	18360	584.378	550.788	0.832269
18540	1.741e+08	1801.69	12731	1494	321	45	0	1801.69	31	134.519	0	3668.94	25376.4	0	2.87326e+06	346.211	254.953	0	18540	589.781	549.798	0.830772
18720	1.57848e+08	1411.61	10000	1651	318	44	0	1411.61	32	151	0	3587.84	25223.7	0	3.49805e+06	333.726	330.27	0	18720	582.46	548.809	0.829278
18900	7.64668e+07	1121.35	7284	751	316	45	0	1121.35	32	107.051	0	3654.36	25023.7	0	2.01061e+06	339.53	299.814	0	18900	599.627	547.822	0.827786
19080	1.79456e+08	2092.28	13767	2035	313	45	0	2092.28	32	123.681	0	3677.29	24786.4	0	3.41005e+06	359.553	304.16	0	19080	591.154	546.837	0.826298
19260	1.75283e+08	1567.53	11927	1518	312	47	0	1567.53	31.0002	151	0	3762.44	24674.7	0	3.31557e+06	291.916	272.69	0	19260	586.265	545.854	0.824812
19440	1.25514e+08	1258.27	9279	1001	312	49	0	1258.27	32	137.759	0	3962.07	24712.2	0	3.41305e+06	319.32	310.451	0	19440	597.25	544.872	0.823328
19620	9.41184e+07	1236.83	8231	893	310	52	0	1236.83	32	114.441	0	4159.2	24559.8	0	2.14962e+06	281.483	314.572	0	19620	595.693	543.892	0.821848
19800	6.61322e+07	896.679	5622	761	314	50	0	896.679	32	112.24	0	4056.87	24865.1	0	1.13514e+06	311.459	308.247	0	19800	588.619	542.914	0.82037
19980	4.66145e+06	325.467	554	0	314	50	0	325.467	32	47.7439	0	4108	24806	0	269454	361.773	243.922	0	19980	602.952	541.938	0.818894
20160	2.59264e+06	756	465	0	314	50	0	756	31	23.3626	0	4108	24806	0	110709	369.455	267.32	0	20160	596.936	540.963	0.817422
20340	670175	525.294	272	34	314	50	0	525.294	31	14.2496	0	3999.88	24820.7	0	173929	314.969	330.812	0	20340	588.833	539.99	0.815952
20520	4.42236e+06	114.366	476	0	314	50	0	114.366	32	78.6525	0	4052.28	24806	0	255887	306.142	271.875	0	20520	597.055	539.019	0.814484
20700	1.04049e+07	93.0492	148	0	314	50	0	93.0492	32	151	0	4108	24806	0	706546	384.605	275.732	0	20700	590.778	538.05	0.81302
20880	7.27054e+06	70.2022	848	0	314	50	0	70.2022	31	141.813	0	4108	24806	0	242127	335.156	258.014	0	20880	589.414	537.082	0.811558
21060	7.01415e+07	627.265	4882	671	305	55	0	627.265	32	151	0	4424.87	24239.9	0	1.13905e+06	318.222	365.199	0	21060	599.408	536.116	0.810098
21240	6.35613e+07	633.877	4830	853	310	52	0	633.877	32	138.308	0	4146.73	24551	0	1.3983e+06	288.438	298.44	0	21240	588.526	535.152	0.808641
21420	2.11819e+07	438.005	1595	80	310	52	0	438.005	32	88.3784	0	4236.7	24648	0	742053	346.112	376.909	0	21420	593.291	534.19	0.807187
21600	3.10691e+07	277.846	1933	179	310	52	0	277.846	32	151	0	4178.59	24519	0	905397	315.411	298.326	0	21600	587.245	533.229	0.805735
21780	6.6914e+06	1816	1425	0	310	52	0	1816	32	24.2165	0	4108	24490	0	660335	274.01	288.831	0	21780	601.728	532.27	0.804286
21960	8.29232e+06	261.294	846	24	310	52	0	261.294	32	71.1308	0	4108	24490	0	337673	303.7	262.305	0	21960	581.258	531.313	0.80284
22140	186732	338.031	138	0	310	52	0	338.031	32	9.37651	0	4108.77	24490	0	285104	287.068	228.631	0	22140	568.099	530.357	0.801396
22320	2.88326e+07	257.846	1554	321	310	52	0	257.846	32	151	0	4108	24551.5	0	734756	235.148	307.027	0	22320	563.732	529.403	0.799955
22500	9.2067e+06	82.3341	822	0	310	52	0	82.3341	32	151	0	4266	24490	0	438859	356.096	248.673	0	22500	570.392	528.451	0.798516
22680	4.51646e+06	63.1858	309	227	310	52	0	63.1858	31	110.114	0	4266	24490	0	173014	363.222	275.732	0	22680	560.448	527.501	0.79708
22860	7.15485e+06	63.9847	706	0	310	52	0	63.9847	32	151	0	4266	24617.2	0	322049	332.449	291.822	0	22860	562.871	526.552	0.795647
23040	1.95807e+06	683.963	458	33	310	52	0	683.963	32	21.3456	0	4188.03	24493.1	0	508898	290.694	308.585	0	23040	562.226	525.605	0.794216
23220	3.04795e+06	94.9899	23	0	310	52	0	94.9899	31.0001	71.528	0	4108	24490	0	393329	204.49	285.366	0	23220	561.27	524.66	0.792788
23400	1.75364e+06	259.597	381	9	310	52	0	259.597	32	32.7892	0	4258.16	24648	0	198426	392.458	409.06	0	23400	560.106	523.717	0.791362
23580	2.94467e+06	430	689	183	310	52	0	430	32	33.0137	0	4165.61	24515.9	0	209302	323.54	319.244	0	23580	565.375	522.775	0.789939
23760	1.34352e+06	77.7678	299	0	310	52	0	77.7678	32	52.4366	0	4178.01	24490	0	218682	419.411	308.635	0	23760	575.369	521.835	0.788518
23940	5.92314e+06	52.9697	616	0	310	52	0	52.9697	32	151	0	4266	24533.3	0	253486	329.167	287.452	0	23940	568.129	520.896	0.7871
24120	1.47384e+06	689.822	561	242	310	52	0	689.822	32	18.4403	0	4186.07	24553.3	0	432776	345.07	279.634	0	24120	569.239	519.959	0.785684
24300	3.98318e+07	1043.53	5077	960	301	51	0	1043.53	32	78.1313	0	4115.12	23839.3	0	1.55072e+06	330.016	307.373	0	24300	561.545	519.024	0.784271
24480	1.33323e+08	1311.89	10261	625	303	52	0	1311.89	32	139.738	0	4195.21	24009.5	0	4.85382e+06	333.728	313.593	0	24480	589.875	518.091	0.782861
24660	1.09626e+08	1014.33	6862	1045	305	54	0	1014.33	31	146.758	0	4343.84	24164.7	0	2.04875e+06	315.671	319.393	0	24660	572.16	517.159	0.781453
24840	8.59867e+07	768.966	5982	1412	309	57	0	768.966	32	151	0	4508.84	24475.2	0	2.51801e+06	262.749	292.218	0	24840	576.509	516.229	0.780048
25020	1.3032e+08	1165.43	8258	1122	311	52	0	1165.43	32	151	0	4187.69	24636.9	0	3.4926e+06	324.457	302.978	0	25020	573.792	515.301	0.778645
25200	1.11213e+08	994.558	6527	827	314	51	0	994.558	32	151	0	4143.54	24863.9	0	2.9804e+06	337.669	312.856	0	25200	586.523	514.374	0.777245
25380	2.32552e+08	2079.67	13736	1968	312	55	0	2079.67	32	151	0	4396.34	24689.8	0	8.74002e+06	295.532	301.105	0	25380	582.748	513.449	0.775847
25560	1.43088e+08	1279.61	8666	998	308	52	0	1279.61	32	151	0	4222.76	24394.4	0	3.94157e+06	336.886	303.226	0	25560	575.748	512.526	0.774452
25740	9.72142e+07	1110.87	7456	819	304	49	0	1110.87	32	125.379	0	3970.35	24074	0	2.98615e+06	322.085	299.428	0	25740	579.817	511.604	0.773059
25920	6.7049e+07	599.609	4325	688	304	49	0	599.609	32	151	0	3941.69	24049.1	0	1.60165e+06	311.847	277.165	0	25920	589.333	510.684	0.771669
26100	4.69637e+07	419.989	1593	99	304	49	0	419.989	32	151	0	4029	24174	0	1.4067e+06	365.043	369.357	0	26100	573.548	509.766	0.770281
26280	4.13204e+07	369.522	1323	164	304	49	0	369.522	31.3103	151	0	4029	24174	0	1.71906e+06	437.415	362.369	0	26280	570.53	508.849	0.768896
26460	2.98237e+07	266.709	596	96	304	49	0	266.709	32	151	0	4029	24174	0	1.14953e+06	413.586	378.449	0	26460	570.036	507.934	0.767513
26640	1.27365e-12	2.22045e-14	149	0	304	49	0	2.22045e-14	32	3.02145	0	3875.85	24016.3	0	214804	364.357	289.878	0	26640	572.726	507.02	0.766133
26820	1.2791e+06	563.855	426	16	304	49	0	563.855	32	19.0011	0	3949.93	24017.7	0	196219	423.922	274.646	0	26820	571.421	506.108	0.764755
27000	1.42045e+06	410	309	0	304	49	0	410	31	23.4818	0	3972.89	24016	0	106396	286.601	351.494	0	27000	563.476	505.198	0.763379
27180	3.43926e+06	744.451	718	79	304	49	0	744.451	32	27.1159	0	3951.54	24174	0	168704	281.214	384.51	0	27180	573.951	504.29	0.762007
27360	6.05445e+06	54.144	267	11	304	49	0	54.144	32	151	0	4029	24174	0	279262	326.141	398.992	0	27360	563.439	503.383	0.760636
27540	1.52903e+06	67.9563	371	0	304	49	0	67.9563	31.2144	59.8461	0	3919.66	24174	0	244823	295.159	341.027	0	27540	573.342	502.477	0.759268
27720	775800	463.22	257	59	304	49	0	463.22	32	16.3264	0	4005.48	24122.9	0	150826	300.699	429.987	0	27720	572.919	501.574	0.757903
27900	6.7064e+07	730.614	4857	995	311	57	0	730.614	31.0001	129.613	0	4631.2	24639.6	0	1.88484e+06	347.428	313.695	0	27900	574.266	500.672	0.75654
28080	6.38528e+07	753.301	5196	664	317	54	0	753.301	31	122.705	0	4312.54	25170.6	0	1.77936e+06	296.214	367.14	0	28080	576.428	499.771	0.755179
28260	9.85604e+07	1014.02	7215	1172	315	51	0	1014.02	32	135.103	0	4085.64	24941.9	0	1.86224e+06	301.626	308.6	0	28260	565.733	498.873	0.753821
28440	8.28608e+07	796.576	5672	557	314	49	0	796.576	31	142.304	0	3943.68	24909.9	0	1.60356e+06	309.383	337.656	0	28440	567.637	497.975	0.752466
28620	1.09627e+08	1648.46	10168	1579	317	49	0	1648.46	32	105.479	0	3946.57	25096.8	0	1.6265e+06	322.873	298.801	0	28620	562.73	497.08	0.751112
28800	7.63416e+07	842.603	6379	581	319	48	0	842.603	31	128.427	0	3891.25	25281.4	0	1.26897e+06	335.105	323.927	0	28800	550.67	496.186	0.749762
