MS2-QUANT	v0j
Region DEFINITION, 05-Apr-2021
COMMENT	Outline definition performed in MS2-QUANT (Main program)
FILE	MAX_20201217_RI516_C12MS2128TkTat_001_visit_13.tif
PATH	/Volumes/EBL/20201217/
PARAMETERS
Pix-XY	Pix-Z	RI	Ex	Em	NA	dT	Type
79	600	1.458	488	521	1.4	180	widefield
ANALYSIS-SETTINGS	
IMAGING-BACKGROUND	150
LIMIT-FIT-SIGMA-XY-MIN	45
LIMIT-FIT-SIGMA-XY-MAX	169
LIMIT-FIT-SIGMA-Z-MIN	0
LIMIT-FIT-SIGMA-Z-MAX	0
LIMIT-FIT-BGD-MIN	60
LIMIT-FIT-BGD-MAX	61
DETECTION-THRESHOLD	500
REGION	TxSite
X_POS	152	153	153	154	154	155	155	155	156	156	157	157	157	158	158	159	159	160	160	161	162	162	163	163	164	164	165	165	166	166	167	167	168	169	169	170	170	170	171	171	172	172	172	172	173	173	173	174	174	174	174	174	175	175	175	176	176	176	177	177	177	177	177	177	178	178	178	178	178	178	178	178	178	178	178	178	178	178	177	177	177	177	177	176	176	176	176	176	175	175	174	174	174	173	173	173	173	172	172	172	172	171	171	171	171	170	170	170	170	169	169	169	169	168	168	168	168	167	167	166	166	166	166	166	165	165	165	165	164	164	164	163	163	163	162	162	162	161	161	161	160	160	159	159	159	158	158	157	157	156	156	155	155	154	154	154	153	153	152	151	151	150	150	149	149	149	148	148	147	147	146	146	145	145	144	144	143	143	142	142	141	141	141	140	140	139	139	138	138	138	137	137	137	137	136	136	136	135	135	135	135	134	134	134	133	133	133	132	132	132	131	131	131	130	130	129	129	129	128	128	127	127	126	126	125	125	125	124	124	123	123	122	122	121	121	120	120	119	119	118	118	117	117	116	116	115	115	114	114	113	113	113	112	112	111	111	111	110	110	109	109	109	108	108	108	107	107	107	106	106	106	105	105	105	104	104	104	103	103	102	102	101	101	101	100	100	99	99	99	98	98	98	97	97	97	96	96	95	95	95	94	94	93	93	92	92	91	91	90	90	90	89	89	88	88	87	87	86	86	85	85	84	84	83	83	82	82	81	81	80	80	79	79	79	78	78	78	78	77	77	77	77	77	76	76	76	76	76	76	76	75	75	75	75	75	75	75	75	75	75	75	76	76	76	76	76	76	76	76	77	77	77	77	77	77	78	78	78	78	78	79	79	79	79	79	80	80	80	80	80	81	81	81	81	82	82	82	82	82	83	83	83	83	84	84	84	84	84	84	85	85	85	85	85	86	86	86	86	87	87	87	87	87	87	87	88	88	88	88	88	89	89	89	89	89	90	90	90	90	91	91	91	91	92	92	92	92	93	93	93	93	93	94	94	94	95	95	95	96	96	96	97	97	97	97	98	98	98	99	99	100	100	101	101	101	102	102	103	103	103	104	104	105	105	106	106	106	107	107	108	108	109	109	109	110	110	110	111	111	112	112	113	113	113	114	114	115	115	116	116	117	117	118	118	119	119	120	120	121	121	122	122	123	123	124	124	125	125	125	126	126	127	127	128	128	128	129	129	130	130	131	132	132	133	133	134	134	135	135	135	136	136	137	137	137	138	138	138	139	139	140	140	140	141	141	142	142	142	143	143	144	144	144	144	144	145	145	145	146	146	146	146	146	147	147	147	148	148	148	149	149	150	150	151	151	151	END
Y_POS	217	216	216	216	216	215	215	215	215	215	215	215	214	214	214	214	214	214	214	214	214	214	214	214	214	214	214	214	214	214	214	214	214	214	214	214	214	213	213	213	213	213	213	212	212	212	212	212	211	211	211	210	210	210	209	209	209	209	208	208	208	207	207	206	206	205	205	205	204	204	203	203	202	202	201	200	200	199	199	198	198	198	197	197	197	196	196	196	195	195	194	194	194	194	193	193	193	192	192	192	191	191	191	190	190	190	190	189	189	189	188	188	188	187	187	187	186	186	185	185	185	185	184	184	184	183	183	183	183	182	182	182	181	181	181	181	181	181	181	180	180	180	180	180	179	179	179	179	179	179	178	178	178	178	178	177	177	177	177	177	177	177	177	177	177	177	177	177	177	177	177	177	177	177	177	177	177	177	177	177	177	178	178	178	178	178	179	179	179	179	179	179	180	180	180	180	181	181	181	181	182	182	182	182	183	183	183	183	184	184	185	185	185	186	186	186	187	187	187	187	187	188	188	188	188	188	189	189	189	189	189	189	189	189	189	189	189	189	189	189	189	189	189	189	189	189	188	188	188	188	187	187	187	187	187	187	186	186	186	185	185	185	185	184	184	184	184	183	183	183	183	183	183	182	182	182	182	182	182	181	181	181	181	181	181	181	181	181	180	180	180	180	180	180	179	179	179	179	179	179	179	178	178	178	178	177	177	177	177	177	176	176	176	176	176	176	176	176	175	175	175	175	175	175	175	175	175	175	176	176	176	177	177	177	177	178	178	178	179	179	179	180	180	180	181	181	182	182	182	183	183	184	184	185	185	186	186	187	187	188	188	188	189	189	190	190	191	191	192	192	192	193	193	193	194	194	194	195	195	196	196	196	197	197	197	197	198	198	198	199	199	200	200	200	201	201	201	202	202	203	203	203	204	204	204	205	205	205	206	206	206	206	207	207	207	208	208	208	208	209	209	210	210	210	211	211	211	211	212	212	212	213	213	214	214	214	215	215	216	216	216	216	217	217	217	217	218	218	218	218	219	219	219	219	220	220	220	220	221	221	221	221	222	222	222	222	222	223	223	223	224	224	224	224	224	225	225	225	225	225	225	226	226	226	226	226	226	226	226	227	227	227	227	227	227	227	228	228	228	228	228	228	228	228	228	228	228	228	228	228	229	229	229	229	229	229	229	229	229	229	229	229	229	229	229	229	229	229	228	228	228	228	228	228	228	228	228	228	228	228	228	228	228	228	228	228	228	228	227	227	227	227	227	226	226	226	226	226	225	225	225	225	225	225	224	224	224	223	223	223	223	222	222	222	221	221	220	220	220	220	220	219	219	219	219	218	218	218	218	218	218	217	217	217	216	215	END
QUANTIFICATION
Time[s]	Q_Integrate	Q_AMP	Q_Sum_pix	Q_MIP_int	Pix_Y	Pix_X	Pix_Z	AMP	BGD	SigmaXY	SigmaZ	MuY	MuX	MuZ	RES	Cent_Y	Cent_X	Cent_Z	OPB_time	OPB_INT	OPB_FIT	OPB_FIT_norm
0	1.48706e+06	116.874	383	126	183	96	0	116.874	60.9996	45.0004	0	7733.3	14542.3	0	649128	327.37	351.298	0	0	843.431	962.781	1
180	3.60937e+06	212.91	1099	213	183	96	0	212.91	60	51.9434	0	7673.91	14481.6	0	350490	277.958	354.345	0	180	855.033	961.05	0.998202
360	4.04213e+06	317.692	852	42	183	96	0	317.692	60	45	0	7584	14457	0	557407	276.705	332.407	0	360	847.822	959.321	0.996406
540	2.43712e+06	191.546	724	0	183	96	0	191.546	60	45	0	7584	14536.9	0	322094	312.904	326.808	0	540	841.677	957.596	0.994615
720	5.57654e+06	438.289	1113	154	183	96	0	438.289	60	45	0	7678.53	14457	0	311771	331.16	327.337	0	720	854.468	955.874	0.992826
900	58504.7	4.58366	275	21	183	96	0	4.58366	60	45.0712	0	7657.86	14457	0	260355	284.001	285.553	0	900	841.775	954.155	0.99104
1080	2.37197e-08	1.86425e-12	239	2	183	96	0	1.86425e-12	61	45	0	7742	14615	0	529841	334.79	345.744	0	1080	842.72	952.439	0.989258
1260	2.26045e+06	67.7118	600	0	183	96	0	67.7118	60	72.9762	0	7742	14543.4	0	235374	328.747	362.914	0	1260	822.441	950.726	0.987479
1440	726983	57.1373	233	0	183	96	0	57.1373	60	45	0	7742	14614.8	0	318284	298.436	337.394	0	1440	841.881	949.016	0.985703
1620	2.231e+06	175.346	661	180	183	96	0	175.346	61	45	0	7618.78	14523.1	0	432029	340.7	300.224	0	1620	824.263	947.31	0.983931
1800	126326	6.35416	192	0	183	96	0	6.35416	60	56.2522	0	7584.13	14457.2	0	223920	318.34	292.118	0	1800	821.843	945.606	0.982161
1980	1.18065e+06	9.34204	230	0	183	96	0	9.34204	60.0001	169	0	7584	14615	0	504292	271.6	348.176	0	1980	827.308	943.905	0.980395
2160	3.04566e+06	239.374	559	0	183	96	0	239.374	60.0002	45	0	7584	14609.1	0	395098	216.151	318.21	0	2160	831.401	942.208	0.978632
2340	4.4569e+07	887.333	5680	485	183	96	0	887.333	60.9993	90.184	0	7638.45	14511.4	0	1.176e+06	300.484	296.323	0	2340	811.344	940.514	0.976872
2520	5.65325e+07	1613.49	7176	1655	184	94	0	1613.49	61	74.7895	0	7542.62	14632.9	0	1.10669e+06	339.675	340.804	0	2520	814.106	938.822	0.975115
2700	2.77507e+07	329.24	1673	216	184	94	0	329.24	60	122.243	0	7554.03	14694	0	1.21967e+06	348.049	407.234	0	2700	818.326	937.134	0.973361
2880	5.06125e+07	1849.16	7348	1912	189	90	0	1849.16	61	66.0231	0	7175.91	15013.8	0	1.34568e+06	293.461	331.016	0	2880	845.653	935.448	0.971611
3060	7.58896e+07	1318.8	7893	1090	187	90	0	1318.8	61	97.1258	0	7184	14868.7	0	1.58703e+06	325.499	324.487	0	3060	811.086	933.766	0.969863
3240	544737	7.19087	93	0	187	90	0	7.19087	60	114.119	0	7110	14930.9	0	377598	237.787	345.826	0	3240	824.57	932.087	0.968119
3420	2.85722e+07	402.117	2058	65	187	90	0	402.117	60	109.718	0	7268	14931	0	666972	362.132	398.611	0	3420	822.438	930.411	0.966378
3600	4.07783e+06	320.497	1081	216	187	90	0	320.497	61	45	0	7223.68	14830.9	0	382761	345.293	348.949	0	3600	822.997	928.737	0.96464
3780	936749	67.4592	84	0	187	90	0	67.4592	60	47.0112	0	7268	14852.4	0	459579	395.641	356.703	0	3780	797.501	927.067	0.962906
3960	1.61105e+06	126.621	542	0	187	90	0	126.621	60	45	0	7268	14930.8	0	315175	311.319	332.92	0	3960	822.781	925.4	0.961174
4140	551970	43.3821	441	78	187	90	0	43.3821	60	45	0	7142.33	14867	0	167322	334.649	319.943	0	4140	816.051	923.736	0.959445
4320	460870	36.222	365	40	187	90	0	36.222	60	45	0	7200.74	14773	0	329370	271.276	244.198	0	4320	803.06	922.075	0.95772
4500	363481	28.5675	369	74	187	90	0	28.5675	60	45.0003	0	7266.29	14920.7	0	288429	274.103	297.645	0	4500	812.45	920.416	0.955997
4680	4.29313e+06	337.419	949	328	187	90	0	337.419	60	45	0	7113.1	14787.2	0	253936	321.99	255.364	0	4680	801.541	918.761	0.954278
4860	2.63493e+06	22.2514	213	31	187	90	0	22.2514	60.0001	158.828	0	7268	14887.8	0	492565	375.864	328.577	0	4860	818.545	917.109	0.952562
5040	2.15588e+06	169.441	670	0	187	90	0	169.441	60	45	0	7112.67	14849.9	0	281241	311.129	319.34	0	5040	816.21	915.459	0.950849
5220	7.98206e+06	138.791	725	286	187	90	0	138.791	60	97.0948	0	7110	14773	0	511189	266.271	278.88	0	5220	796.297	913.813	0.949139
5400	1.9165e+06	150.627	473	46	187	90	0	150.627	60	45	0	7110	14791.4	0	369751	306.777	304.408	0	5400	803.663	912.17	0.947432
5580	3.0638e+06	240.799	525	0	187	90	0	240.799	60	45	0	7183.84	14931	0	516993	289.34	250.963	0	5580	806.304	910.529	0.945728
5760	1.33111e+06	104.619	403	0	187	90	0	104.619	60	45	0	7268	14840.4	0	341221	319.29	297.464	0	5760	809.809	908.892	0.944027
5940	3.32815e+06	261.575	542	150	187	90	0	261.575	60	45.0001	0	7265.41	14773	0	600380	320.848	271.431	0	5940	817.708	907.257	0.94233
6120	1.23121e+06	96.7671	383	226	187	90	0	96.7671	60	45	0	7194.78	14866.7	0	298601	344.938	328.54	0	6120	806.217	905.626	0.940635
6300	1.57612e+06	123.875	427	275	187	90	0	123.875	60.997	45	0	7191.09	14852.3	0	484946	253.683	304.735	0	6300	812.083	903.997	0.938943
6480	1.48748e+06	116.909	599	149	187	90	0	116.909	60	45	0	7201.19	14816	0	621338	251.999	234.662	0	6480	806.488	902.371	0.937255
6660	6.78598e+06	87.0706	1094	0	187	90	0	87.0706	60	116.177	0	7168	14778.9	0	623091	317.479	252.153	0	6660	811.311	900.748	0.935569
6840	2.57839e+06	202.649	595	20	187	90	0	202.649	60	45	0	7110	14876.1	0	370557	336.868	325.896	0	6840	826.594	899.129	0.933887
7020	0.00015703	1.23418e-08	218	18	187	90	0	1.23418e-08	61	45	0	7268	14931	0	476673	381.343	355.119	0	7020	823.834	897.512	0.932207
7200	1.52397e+06	119.776	531	69	187	90	0	119.776	61	45	0	7253.52	14849.6	0	607147	275.838	294.961	0	7200	829.957	895.898	0.930531
7380	1.29197e+06	101.542	562	75	187	90	0	101.542	60	45	0	7110	14785.8	0	289202	299.384	252.728	0	7380	829.795	894.286	0.928857
7560	1.34479e+06	105.692	346	0	187	90	0	105.692	61	45.0004	0	7189.94	14773	0	456246	373.714	283.461	0	7560	815.85	892.678	0.927187
7740	2.9406e+06	231.117	616	0	187	90	0	231.117	60	45	0	7110	14931	0	375150	303.591	353.813	0	7740	844.813	891.073	0.92552
7920	4.40796e+06	78.837	566	95	187	90	0	78.837	60	95.5914	0	7268	14773	0	548017	356.587	328.058	0	7920	828.597	889.47	0.923855
8100	18389.9	1.41925	446	0	187	90	0	1.41925	61	45.412	0	7201.98	14773	0	444238	286.287	263.374	0	8100	818.124	887.871	0.922194
8280	1.46129e+06	26.1545	445	171	187	90	0	26.1545	60	95.5528	0	7268	14829.5	0	276696	372.327	312.037	0	8280	821.869	886.274	0.920535
8460	332313	26.1182	160	0	187	90	0	26.1182	60	45	0	7110	14773	0	217412	294.93	342.82	0	8460	826.085	884.68	0.91888
8640	6.15237e+07	775.571	5450	1066	198	100	0	775.571	60	117.495	0	7973.62	15708.1	0	1.39178e+06	303.847	310.384	0	8640	850.731	883.089	0.917227
8820	3.94997e+07	312.547	2230	520	198	100	0	312.547	60.0004	169	0	8058	15777.4	0	2.06954e+06	408.296	336.467	0	8820	842.981	881.501	0.915578
9000	1.04855e+08	2755.83	11374	2791	195	107	0	2755.83	61	78.0033	0	8560.07	15444.8	0	2.46776e+06	345.922	283.317	0	9000	855.841	879.916	0.913931
9180	1.40109e+08	1821.34	12333	1620	197	107	0	1821.34	60	115.223	0	8542.14	15644.8	0	2.37966e+06	334.934	319.554	0	9180	839.307	878.333	0.912288
9360	1.00743e+08	937.854	7691	617	197	107	0	937.854	61	146.024	0	8539.94	15661.3	0	2.77084e+06	310.597	319.084	0	9360	844.006	876.754	0.910647
9540	1.29923e+08	1581.78	10414	1483	201	114	0	1581.78	60	120.175	0	9049.64	15935.3	0	2.79415e+06	273.782	296.818	0	9540	870.734	875.177	0.909009
9720	1.1763e+08	1556.48	10284	1389	197	108	0	1556.48	60	113.95	0	8642.72	15654.9	0	1.51794e+06	351.728	335.218	0	9720	845.612	873.603	0.907375
9900	1.7948e+08	2335.1	14533	2556	208	107	0	2335.1	61	115.162	0	8567.93	16496.9	0	3.71877e+06	339.222	308.958	0	9900	843.674	872.032	0.905743
10080	2.44181e+08	2521.74	17472	2295	203	102	0	2521.74	60	134.724	0	8115.97	16090.4	0	5.72571e+06	303.033	300.026	0	10080	849.434	870.464	0.904114
10260	1.76159e+08	1829.95	14088	1444	199	98	0	1829.95	61	134.142	0	7831.1	15787.3	0	4.56396e+06	317.953	308.075	0	10260	851.376	868.898	0.902488
10440	2.17704e+08	2467.56	17680	2085	196	97	0	2467.56	60	126.08	0	7737.83	15578	0	3.10573e+06	310.967	326.395	0	10440	844.729	867.336	0.900865
10620	1.63433e+08	1986.8	13190	1868	196	97	0	1986.8	61	120.292	0	7769.61	15538	0	2.67251e+06	328.232	299.331	0	10620	840.031	865.776	0.899245
10800	1.45786e+08	2225.48	14170	1701	191	95	0	2225.48	61	104.554	0	7610.57	15145.3	0	3.51603e+06	334.543	309.448	0	10800	855.069	864.219	0.897628
10980	7.4399e+07	1047.4	6499	1236	195	96	0	1047.4	60	109.697	0	7656.79	15488.6	0	1.88752e+06	310.913	318.77	0	10980	868.024	862.665	0.896013
11160	9.83486e+07	1699.81	9162	1972	191	96	0	1699.81	61	97.4207	0	7704.56	15154.9	0	3.12122e+06	357.107	313.105	0	11160	855.458	861.113	0.894402
11340	7.50882e+07	928.446	5781	1658	194	98	0	928.446	60	118.968	0	7758.13	15349.4	0	2.59479e+06	259.312	273.287	0	11340	843.843	859.565	0.892793
11520	9.90496e+07	1164.12	8432	986	197	94	0	1164.12	60	123.016	0	7544.16	15642.7	0	2.03597e+06	353.809	331.929	0	11520	835.98	858.019	0.891188
11700	1.00127e+08	1674.85	10099	1350	198	99	0	1674.85	61	99.2214	0	7871.82	15710.6	0	1.81087e+06	308.951	323.173	0	11700	849.955	856.476	0.889585
11880	9.83384e+07	1236.84	8735	842	199	94	0	1236.84	61	117.666	0	7509.6	15789.6	0	3.03589e+06	315.324	317.249	0	11880	838.593	854.936	0.887985
12060	1.23988e+08	1410.63	9517	1379	199	93	0	1410.63	61	125.755	0	7450.32	15746.7	0	4.05289e+06	334.132	266.869	0	12060	858.504	853.398	0.886388
12240	1.48106e+08	1676.22	11546	1890	198	93	0	1676.22	61	126.209	0	7389.85	15717.4	0	5.87174e+06	287.267	300.094	0	12240	865.836	851.863	0.884794
12420	5.43437e+07	600.721	4722	886	196	94	0	600.721	61	128.291	0	7507.92	15578.6	0	1.47315e+06	329.733	311.659	0	12420	845.379	850.331	0.883203
12600	1.12322e+08	1092.35	8163	813	197	97	0	1092.35	60	141.018	0	7730.79	15606.2	0	2.50214e+06	303.87	285.138	0	12600	866.789	848.802	0.881615
12780	6.72178e+07	1385.34	8194	1073	195	97	0	1385.34	61	88.5347	0	7739.68	15519.8	0	2.81176e+06	290.228	314.19	0	12780	867.744	847.276	0.880029
12960	1.16654e+08	1728.61	10066	1524	199	100	0	1728.61	61	106.393	0	8003.01	15838.9	0	2.84752e+06	324.946	338.426	0	12960	887.23	845.752	0.878447
13140	7.7862e+07	1267.75	7763	1504	199	99	0	1267.75	61	100.747	0	7870.78	15831.1	0	2.79645e+06	276.899	317.196	0	13140	870.302	844.231	0.876867
13320	1.81234e+08	2182.02	15156	1966	195	99	0	2182.02	60.0001	121.059	0	7896.04	15497.5	0	4.30498e+06	313.673	322.189	0	13320	858.808	842.713	0.87529
13500	1.08285e+08	1286.24	9488	1345	197	99	0	1286.24	60	122.147	0	7899.5	15586.9	0	3.15837e+06	306.997	265.357	0	13500	863.009	841.197	0.873716
13680	1.65594e+08	1855.25	13689	1702	198	98	0	1855.25	61	127.095	0	7825.13	15728.9	0	6.66764e+06	303.145	307.611	0	13680	860.806	839.684	0.872145
13860	2.17207e+08	2052.98	15069	2235	200	97	0	2052.98	60	144.241	0	7770	15910	0	4.17243e+06	335.111	345.742	0	13860	856.265	838.174	0.870576
14040	1.36419e+08	1578.77	11376	2667	195	98	0	1578.77	61	124.301	0	7835.68	15492.9	0	4.84217e+06	339.851	329.487	0	14040	854.752	836.667	0.869011
14220	1.19073e+08	1059.91	7683	664	198	101	0	1059.91	60.0002	151.602	0	8058.56	15741.9	0	3.11247e+06	314.745	327.465	0	14220	855.794	835.162	0.867448
14400	1.36888e+08	2217.23	13589	1976	199	99	0	2217.23	60.9998	101.046	0	7883.72	15771.6	0	2.75396e+06	291.667	294.276	0	14400	856.241	833.66	0.865888
14580	1.45991e+08	1559.72	10908	1434	206	108	0	1559.72	60.9999	131.431	0	8583.43	16316.6	0	2.10981e+06	288.826	292.224	0	14580	855.436	832.161	0.864331
14760	2.55902e+08	2688.92	18937	2056	204	108	0	2688.92	60.0001	133.022	0	8579.56	16159.4	0	6.90471e+06	290.069	281.925	0	14760	894.109	830.665	0.862776
14940	1.63958e+08	1803.14	11866	2032	203	109	0	1803.14	60	128.753	0	8641.8	16157.2	0	2.48974e+06	273.173	348.943	0	14940	860.861	829.171	0.861225
15120	9.17588e+07	923.467	6629	1129	208	110	0	923.467	60	137.352	0	8750.43	16466.6	0	1.93403e+06	315.773	281.272	0	15120	863.316	827.68	0.859676
15300	1.32704e+07	141.426	697	237	208	110	0	141.426	60	131.666	0	8848	16432	0	632645	374.287	277.223	0	15300	866.003	826.191	0.85813
15480	6.52142e+07	706.763	5087	1062	200	109	0	706.763	61	130.094	0	8710.11	15865.2	0	2.1463e+06	322.484	314.133	0	15480	869.888	824.705	0.856586
15660	3.09566e+08	3657.18	23229	3874	200	110	0	3657.18	61	122.59	0	8736.87	15907.7	0	1.05492e+07	296.744	340.108	0	15660	882.022	823.222	0.855046
15840	3.23924e+08	2630.35	21041	2583	201	108	0	2630.35	60.0005	164.767	0	8611.67	15977.2	0	1.28514e+07	310.908	333.185	0	15840	866.714	821.742	0.853508
16020	4.33844e+08	3432.85	26574	3605	202	107	0	3432.85	61	169	0	8542.38	16046.3	0	1.1759e+07	326.48	326.66	0	16020	884.078	820.264	0.851973
16200	3.37662e+08	3957.54	26021	4389	203	109	0	3957.54	61	123.245	0	8663.09	16134.5	0	2.10912e+07	314.031	351.6	0	16200	878.018	818.789	0.850441
16380	3.24043e+08	3030.79	22989	4192	208	109	0	3030.79	60	145.469	0	8727.27	16517.4	0	1.48711e+07	359.356	330.18	0	16380	883.391	817.316	0.848912
16560	3.98047e+08	3944.03	28695	4442	209	111	0	3944.03	61	138.994	0	8807.84	16601.7	0	8.71094e+06	277.026	323.879	0	16560	885.784	815.846	0.847385
16740	3.275e+08	3456.26	24116	2993	212	112	0	3456.26	60.9999	132.602	0	8931.49	16847.5	0	5.42127e+06	318.559	328.806	0	16740	882.787	814.379	0.845861
16920	3.27988e+08	3248.62	24151	3867	214	113	0	3248.62	61	139.034	0	9023.05	16970	0	6.78125e+06	333.392	304.122	0	16920	887.254	812.915	0.84434
17100	1.90113e+08	2022.72	14494	1565	212	114	0	2022.72	60	131.824	0	9136.82	16860.1	0	4.55971e+06	356.392	349.529	0	17100	870.578	811.453	0.842822
17280	1.00465e+08	1127.17	8080	1515	217	116	0	1127.17	60	126.97	0	9274.17	17185	0	4.58628e+06	359.442	290.96	0	17280	875.861	809.993	0.841306
17460	0.000385786	3.05259e-09	40	0	217	116	0	3.05259e-09	61	169	0	9164	17301	0	570254	283.292	302.037	0	17460	861.76	808.537	0.839793
17640	3.45612e+06	28.5624	515	0	217	116	0	28.5624	60	162.037	0	9322	17143	0	422606	370.217	281.892	0	17640	879.008	807.083	0.838283
17820	1.02801e+08	1453.47	9053	1471	217	129	0	1453.47	60	109.413	0	10270.6	17191.2	0	1.89345e+06	314.692	286.2	0	17820	864.756	805.631	0.836775
18000	1.55077e+08	2122.07	13744	2437	215	133	0	2122.07	60.0001	111.609	0	10548.8	17083.1	0	4.024e+06	285.973	327.578	0	18000	897.699	804.182	0.83527
18180	2.08937e+08	2700.14	18070	1517	214	135	0	2700.14	60	115.651	0	10733	16956.7	0	7.01092e+06	301.328	289.748	0	18180	870.623	802.736	0.833768
18360	1.21127e+08	1218.73	9183	798	212	134	0	1218.73	60.0001	137.377	0	10681.6	16823.3	0	4.35054e+06	329.433	319.707	0	18360	878.778	801.292	0.832269
18540	1.16879e+08	924.818	7378	709	209	135	0	924.818	61	169	0	10757.2	16615.8	0	4.86064e+06	322.982	333.657	0	18540	893.997	799.851	0.830772
18720	9.1135e+07	1176.99	8073	1385	211	137	0	1176.99	61	115.699	0	10908.6	16737.2	0	3.91751e+06	279.687	295.824	0	18720	895.223	798.413	0.829278
18900	7.36138e+07	582.48	5407	897	206	134	0	582.48	61	169	0	10741.9	16379.6	0	2.77446e+06	349.087	325.525	0	18900	873.081	796.977	0.827787
19080	1.09547e+08	1163.1	8974	947	208	132	0	1163.1	61	132.023	0	10548.2	16523.6	0	4.00364e+06	356.311	317.091	0	19080	866.818	795.544	0.826298
19260	1.55943e+08	1982.99	12560	1869	206	135	0	1982.99	61	116.844	0	10771.7	16385.1	0	4.13098e+06	316.655	329.729	0	19260	861.874	794.113	0.824812
19440	1.37207e+08	1488.38	10685	1108	204	135	0	1488.38	61	130.007	0	10770.7	16212.7	0	2.84596e+06	325.195	332.543	0	19440	870.868	792.685	0.823329
19620	2.67977e+08	3061.78	22599	2410	206	137	0	3061.78	61	125.391	0	10909	16357.2	0	1.08964e+07	319.224	305.989	0	19620	873.213	791.26	0.821848
19800	3.15515e+08	2894.26	20926	3010	201	134	0	2894.26	61	147.807	0	10701.6	15938.2	0	7.43467e+06	345.111	308.582	0	19800	854.026	789.837	0.82037
19980	1.81704e+08	1792.42	13420	1874	202	135	0	1792.42	60.0001	139.469	0	10771.6	16019.7	0	3.68057e+06	336.193	300.238	0	19980	877.423	788.416	0.818895
20160	1.32142e+08	1929.2	12744	1796	203	135	0	1929.2	61	107.334	0	10711.7	16138.7	0	2.44296e+06	298.326	344.998	0	20160	862.455	786.998	0.817422
20340	1.20106e+08	1150.08	8813	1224	206	137	0	1150.08	61	142.75	0	10887	16327.1	0	4.18585e+06	314.353	299.86	0	20340	858.167	785.583	0.815952
20520	1.15707e+08	1010.91	8751	952	201	140	0	1010.91	61	154.073	0	11151.5	15980.7	0	5.21982e+06	319.171	337.486	0	20520	870.867	784.17	0.814484
20700	2.04659e+08	1729.15	13391	2043	199	139	0	1729.15	61	158.757	0	11053.4	15807.4	0	7.74127e+06	322.73	322.15	0	20700	852.675	782.76	0.81302
20880	8.87195e+07	1321.32	8818	1655	202	141	0	1321.32	61	106.077	0	11222.1	16025.1	0	2.22071e+06	327.814	287.953	0	20880	853.274	781.352	0.811558
21060	6.20164e+07	1135.34	6912	712	206	143	0	1135.34	61	94.375	0	11399.5	16331.7	0	2.43098e+06	329.928	284.256	0	21060	853.105	779.947	0.810098
21240	1.12446e+08	1304.42	9634	953	204	147	0	1304.42	61	124.102	0	11717.6	16195.6	0	3.17755e+06	330.704	309.903	0	21240	847.38	778.544	0.808641
21420	1.27238e+08	1856.13	12019	1921	203	150	0	1856.13	60	107.385	0	11940.5	16103.9	0	3.84928e+06	325.555	299.309	0	21420	841.82	777.144	0.807187
21600	6.3483e+07	909.978	5872	1144	202	157	0	909.978	61	108.514	0	12459.6	15993.2	0	2.36262e+06	295.026	270.193	0	21600	845.193	775.747	0.805735
21780	1.08612e+08	1571.35	10755	1233	203	161	0	1571.35	60.0001	107.915	0	12801.6	16134	0	3.09545e+06	309.752	326.501	0	21780	849.3	774.352	0.804286
21960	1.52509e+08	2116.81	13487	2209	205	169	0	2116.81	60	110.644	0	13408.5	16283.6	0	3.91536e+06	294.823	330.479	0	21960	833.164	772.959	0.80284
22140	1.42628e+08	1720.53	12690	1177	205	167	0	1720.53	61	120.905	0	13280.5	16228.5	0	3.6263e+06	313.746	276.823	0	22140	851.529	771.569	0.801396
22320	1.64216e+08	2335.58	14437	2834	206	163	0	2335.58	61	109.024	0	12950.9	16342.4	0	4.83811e+06	322.037	289.726	0	22320	822.774	770.181	0.799955
22500	9.199e+07	1196.55	8025	1168	205	162	0	1196.55	60.9999	115.179	0	12893.1	16257.1	0	2.29039e+06	311.384	308.555	0	22500	846.861	768.796	0.798516
22680	7.92261e+07	1464.62	9200	1121	207	158	0	1464.62	60	93.873	0	12558.4	16430.7	0	1.2869e+06	304.363	324.567	0	22680	819.912	767.414	0.79708
22860	4.16999e+07	1608.29	5845	1613	206	153	0	1608.29	61	64.253	0	12125.2	16351	0	3.1485e+06	335.877	320.535	0	22860	813.25	766.034	0.795647
23040	7.21284e+07	807.742	6473	333	202	154	0	807.742	60.0001	127.134	0	12244.5	16024.5	0	1.49235e+06	313.716	307.008	0	23040	821.472	764.656	0.794216
23220	5.02816e+07	397.86	3170	290	202	154	0	397.86	61	169	0	12166	16006.6	0	2.75489e+06	293.363	287.694	0	23220	807.146	763.281	0.792788
23400	5.32088e+07	1355.13	6817	949	202	154	0	1355.13	61	79.2732	0	12274.3	16007.7	0	1.29523e+06	342.024	276.311	0	23400	792.662	761.908	0.791362
23580	2.53193e+07	200.343	1137	234	202	154	0	200.343	61	169	0	12324	15977.5	0	1.9308e+06	395.794	303.751	0	23580	803.549	760.538	0.789939
23760	6.22235e+07	891.036	6570	532	198	160	0	891.036	61	108.579	0	12737	15689.5	0	2.09755e+06	310.512	279.739	0	23760	801.794	759.17	0.788518
23940	2.13813e+07	297.746	1272	233	198	160	0	297.746	60	110.424	0	12640	15800	0	891651	257.139	409.558	0	23940	809.67	757.805	0.7871
24120	6.97603e+07	962.588	6265	967	195	153	0	962.588	60	111.041	0	12209	15496.2	0	1.59899e+06	354.997	328.662	0	24120	794.863	756.442	0.785684
24300	6.09995e+07	625.947	5219	1017	203	155	0	625.947	61	135.365	0	12286.5	16132.5	0	2.71342e+06	296.501	329.384	0	24300	798.251	755.082	0.784272
24480	6.89701e+07	831.836	6035	683	202	155	0	831.836	60	120.92	0	12339	16044.9	0	1.68671e+06	330.871	314.755	0	24480	792.806	753.724	0.782861
24660	9.68426e+07	1204.49	8561	1031	198	155	0	1204.49	60.9999	118.517	0	12317.2	15719.9	0	2.2899e+06	315.101	326.477	0	24660	790.628	752.368	0.781453
24840	1.19395e+08	1427.26	10720	1393	198	155	0	1427.26	61	121.632	0	12321.8	15725.8	0	3.59423e+06	296.163	330.754	0	24840	813.627	751.015	0.780048
25020	2.4246e+06	37.1699	116	0	198	155	0	37.1699	61	104.296	0	12245	15642	0	604456	276.407	296.565	0	25020	799.933	749.665	0.778645
25200	1.33599e+08	1150.5	9042	1218	201	165	0	1150.5	60	156.05	0	13049.6	15885.7	0	7.61643e+06	273.042	273.687	0	25200	818.58	748.317	0.777245
25380	2.2471e+08	2013.85	15756	2210	199	164	0	2013.85	61	150.725	0	13015.9	15779.9	0	8.55871e+06	307.56	312.693	0	25380	836.603	746.971	0.775847
25560	2.79357e+08	2919.64	21385	3464	199	161	0	2919.64	60.0001	133.546	0	12822.2	15828.2	0	1.05366e+07	341.254	349.44	0	25560	835.123	745.627	0.774452
25740	1.44187e+08	1445.64	11004	1413	201	153	0	1445.64	60.9998	137.746	0	12198.5	15950.2	0	4.89577e+06	339.489	309.003	0	25740	840.47	744.286	0.773059
25920	2.65893e+08	2613.45	18980	2462	194	153	0	2613.45	60.9997	139.859	0	12190.2	15425.5	0	8.61225e+06	329.832	331.317	0	25920	839.447	742.948	0.771669
26100	1.4817e+08	1586.03	11663	1256	190	149	0	1586.03	60	131.251	0	11812.2	15083.7	0	1.89072e+06	281.233	318.489	0	26100	841.937	741.612	0.770281
26280	9.7841e+07	878.531	6559	1421	186	149	0	878.531	60	150.48	0	11857.3	14802.7	0	1.67891e+06	318.656	333.088	0	26280	815.768	740.278	0.768896
26460	1.02563e+08	1758.88	10937	1656	193	149	0	1758.88	61	97.8453	0	11862.1	15323.4	0	3.31554e+06	329.023	328.981	0	26460	839.042	738.947	0.767513
26640	7.63537e+07	604.16	5465	490	187	146	0	604.16	60.0001	169	0	11639.3	14798.8	0	4.12771e+06	329.709	282.01	0	26640	821.757	737.618	0.766133
26820	5.83765e+07	948.511	6124	986	187	151	0	948.511	61	100.866	0	11973.4	14850.3	0	2.48868e+06	267.96	285.114	0	26820	857.704	736.291	0.764755
27000	8.01434e+07	1178.91	6885	1340	190	149	0	1178.91	60.9999	106.855	0	11887.4	15128.6	0	3.10636e+06	360.477	341.579	0	27000	833.742	734.967	0.763379
27180	7.82744e+07	1000.38	6173	2049	189	151	0	1000.38	61	116.469	0	11993.3	14986	0	4.39147e+06	320.346	294.989	0	27180	844.221	733.646	0.762007
27360	1.43112e+08	1341.37	10254	1307	187	154	0	1341.37	60	145.22	0	12173.2	14871.4	0	3.30059e+06	250.877	327.937	0	27360	844.675	732.326	0.760636
27540	1.86588e+08	2480.08	15895	2225	190	155	0	2480.08	60	113.63	0	12355.2	15074.7	0	4.73578e+06	345.809	300.754	0	27540	861.392	731.009	0.759268
27720	1.59583e+08	1444.33	11274	1410	194	153	0	1444.33	60	149.475	0	12213.1	15459.1	0	6.76131e+06	354.6	357.306	0	27720	860.661	729.695	0.757903
27900	1.93843e+08	1906.41	14138	1901	194	154	0	1906.41	61	139.795	0	12260.4	15408.3	0	8.51497e+06	308.024	330.077	0	27900	871.632	728.382	0.75654
28080	2.45729e+08	2357.93	17157	2246	194	155	0	2357.93	60.648	142.512	0	12286.7	15438.9	0	7.33588e+06	295.91	338.301	0	28080	859.673	727.072	0.755179
28260	1.25943e+08	996.545	7727	1755	198	153	0	996.545	60.0001	169	0	12219.3	15652.1	0	3.20791e+06	344.683	274.393	0	28260	863.558	725.765	0.753821
28440	1.24962e+07	187.128	982	2	198	153	0	187.128	61	105.736	0	12245	15797.4	0	761125	363.457	314.881	0	28440	849.341	724.46	0.752466
28620	1.51268e+08	2207.08	13101	2384	200	158	0	2207.08	60	107.372	0	12513.1	15838.1	0	3.9975e+06	262.321	277.461	0	28620	862.205	723.157	0.751112
28800	1.45175e+08	2608.41	15383	2676	202	160	0	2608.41	61	95.3503	0	12735.4	16051.3	0	2.79344e+06	342.342	314.198	0	28800	856.287	721.856	0.749762
