MS2-QUANT	v0j
Region DEFINITION, 05-Apr-2021
COMMENT	Outline definition performed in MS2-QUANT (Main program)
FILE	MAX_20201217_RI516_C12MS2128TkTat_001_visit_16.tif
PATH	/Volumes/EBL/20201217/
PARAMETERS
Pix-XY	Pix-Z	RI	Ex	Em	NA	dT	Type
79	600	1.458	488	521	1.4	180	widefield
ANALYSIS-SETTINGS	
IMAGING-BACKGROUND	150
LIMIT-FIT-SIGMA-XY-MIN	39
LIMIT-FIT-SIGMA-XY-MAX	173
LIMIT-FIT-SIGMA-Z-MIN	0
LIMIT-FIT-SIGMA-Z-MAX	0
LIMIT-FIT-BGD-MIN	55
LIMIT-FIT-BGD-MAX	56
DETECTION-THRESHOLD	500
REGION	TxSite
X_POS	127	127	127	128	129	129	130	131	132	132	134	134	135	135	136	137	137	138	138	138	139	139	140	140	141	141	141	142	142	142	143	143	143	143	143	143	143	143	143	143	143	143	143	143	143	143	143	143	143	143	143	142	142	142	142	142	141	141	141	141	140	140	140	140	140	139	139	139	139	139	138	138	138	138	138	138	137	137	137	136	136	136	136	135	135	135	134	134	133	133	132	132	132	132	131	131	131	130	130	129	129	128	127	127	126	126	125	125	124	124	124	123	123	123	122	122	121	121	120	120	119	118	118	117	117	116	116	115	115	114	114	113	113	112	111	110	109	108	108	107	107	106	105	104	103	103	102	102	101	101	100	100	99	99	98	98	97	97	97	96	96	96	95	95	95	94	94	94	93	93	93	92	92	92	92	91	91	91	91	91	90	90	90	90	90	89	89	89	89	89	89	89	89	88	88	88	88	88	88	88	88	88	88	88	87	87	87	87	87	87	86	86	86	86	85	85	85	85	85	84	84	84	84	83	83	83	83	83	82	82	82	82	82	82	81	81	81	81	81	81	81	81	81	81	81	82	82	82	82	82	83	83	83	84	84	85	85	85	86	86	86	87	89	91	92	94	94	95	95	96	97	98	98	99	100	100	101	101	102	102	103	105	106	107	108	109	110	110	111	111	111	112	112	113	113	114	114	115	115	116	116	117	117	118	118	119	120	120	121	121	122	122	122	123	123	END
Y_POS	105	104	104	104	103	103	102	102	101	101	100	100	99	99	98	98	98	98	98	97	97	97	97	96	96	96	96	95	95	94	94	94	93	93	92	92	91	91	90	90	89	89	88	88	87	87	86	86	85	85	85	85	84	84	83	83	83	82	82	81	81	81	80	79	79	78	78	77	77	77	76	76	75	75	75	74	74	74	73	73	72	72	72	72	71	71	70	70	69	69	69	68	68	68	68	68	67	67	67	67	66	66	65	65	65	65	65	64	64	64	64	64	63	63	63	63	63	63	63	63	63	63	63	62	62	62	62	62	62	62	62	62	62	62	62	62	63	63	63	63	63	63	64	64	64	64	64	64	64	65	65	65	65	65	66	66	66	66	66	66	67	67	67	67	68	68	68	69	69	69	70	70	71	71	71	71	72	72	73	73	74	74	75	75	75	76	76	77	77	77	78	78	79	80	80	80	81	81	82	82	83	83	84	84	84	85	85	86	86	87	87	87	87	88	88	89	89	90	90	90	91	91	91	91	92	92	93	93	94	94	95	95	96	97	97	98	98	99	99	100	100	101	101	102	102	103	103	104	104	105	105	105	106	106	107	107	107	108	108	108	108	109	110	111	112	112	112	112	112	112	112	112	112	112	112	112	112	112	112	112	112	112	112	112	112	112	112	112	111	111	111	111	111	110	110	110	110	110	110	110	110	109	109	109	109	109	109	109	108	108	108	108	108	108	107	END
QUANTIFICATION
Time[s]	Q_Integrate	Q_AMP	Q_Sum_pix	Q_MIP_int	Pix_Y	Pix_X	Pix_Z	AMP	BGD	SigmaXY	SigmaZ	MuY	MuX	MuZ	RES	Cent_Y	Cent_X	Cent_Z	OPB_time	OPB_INT	OPB_FIT	OPB_FIT_norm
0	0.0738147	7.72385e-06	110	18	81	114	0	7.72385e-06	55	39	0	9156.84	6474.81	0	119584	292.183	289.303	0	0	879.27	1065.89	1
180	1.46065e+06	152.84	595	0	81	114	0	152.84	55	39	0	9133.7	6399	0	191925	321.009	329.966	0	180	891.902	1063.98	0.998202
360	94.4849	0.00988191	268	0	81	114	0	0.00988191	55	39.0095	0	9068.17	6399	0	230708	277.473	283.137	0	360	890.692	1062.06	0.996406
540	1.81005e+06	189.401	527	235	81	114	0	189.401	55	39	0	9085.06	6461.38	0	203496	374.02	270.045	0	540	893.659	1060.15	0.994615
720	0.000545503	5.70806e-08	172	0	81	114	0	5.70806e-08	55	39	0	9164	6399	0	172296	353.591	272.079	0	720	919.244	1058.25	0.992826
900	219.591	0.0229757	298	0	81	114	0	0.0229757	55	39.0016	0	9154.4	6547.8	0	183019	353.275	309.942	0	900	879.71	1056.34	0.99104
1080	2.84965e+06	298.183	601	14	81	114	0	298.183	55	39	0	9160.59	6455.41	0	298767	343.979	249.135	0	1080	902.492	1054.44	0.989258
1260	5.85526e+07	1222.65	6812	1402	81	114	0	1222.65	55.0411	87.9213	0	9055.91	6493.64	0	1.06896e+06	300.505	343.45	0	1260	865.122	1052.55	0.987479
1440	1.32688e+08	1519.07	10047	1943	81	120	0	1519.07	56	125.219	0	9525.52	6492.54	0	1.80882e+06	285.29	326.122	0	1440	898.72	1050.66	0.985703
1620	1.76625e+08	2099.88	13419	2030	89	116	0	2099.88	55.9999	122.074	0	9273.26	7077.53	0	2.8752e+06	339.081	293.273	0	1620	895.478	1048.77	0.983931
1800	4.55087e+08	4343.08	31029	3944	90	116	0	4343.08	56	143.132	0	9221.87	7177.86	0	9.25294e+06	306.328	315.628	0	1800	910.392	1046.88	0.982161
1980	1.24377e+08	1133.19	8745	626	94	111	0	1133.19	55.0001	148.646	0	8833.89	7508.18	0	1.96727e+06	303.988	317.119	0	1980	891.718	1045	0.980395
2160	46.8798	0.00187983	232	0	94	111	0	0.00187983	55	63.0111	0	8769.03	7505.94	0	190117	236.652	350.584	0	2160	899.318	1043.12	0.978632
2340	1.58495e+06	165.847	702	0	94	111	0	165.847	55	39	0	8916.44	7426	0	241749	308.227	295.067	0	2340	912.036	1041.24	0.976872
2520	9.64346e+07	1686.43	9624	1867	86	107	0	1686.43	56	96.7865	0	8527.84	6872.64	0	1.43091e+06	309.164	321.906	0	2520	907.834	1039.37	0.975115
2700	3.17756e+08	2965.4	21300	2325	89	106	0	2965.4	55	145.732	0	8476.33	7093.96	0	3.4988e+06	329.71	307.804	0	2700	901.864	1037.5	0.973361
2880	1.65752e+08	1758.52	13094	2017	92	105	0	1758.52	56	132.095	0	8363.94	7343.21	0	3.05977e+06	308.893	316.93	0	2880	898.077	1035.63	0.971611
3060	2.88553e+08	2969.03	21563	3616	92	109	0	2969.03	56	135.092	0	8691.85	7362.09	0	6.84087e+06	313.662	323.046	0	3060	868.001	1033.77	0.969863
3240	1.54785e+08	1278.67	9844	1482	90	105	0	1278.67	55.0001	162.099	0	8366.37	7182.92	0	2.33721e+06	318.406	310.93	0	3240	877.153	1031.91	0.968119
3420	2.51957e+08	2061.49	14919	2548	96	103	0	2061.49	55	163.58	0	8182.34	7649.25	0	4.03742e+06	292.186	304.979	0	3420	880.174	1030.06	0.966378
3600	2.23766e+08	2152.53	15802	2349	98	106	0	2152.53	55.9999	142.233	0	8465.3	7799.31	0	3.81351e+06	317.899	304.8	0	3600	876.277	1028.2	0.96464
3780	2.68917e+08	2884.19	20307	2317	105	108	0	2884.19	55.9992	131.066	0	8643.48	8384.25	0	3.20875e+06	336.581	321.308	0	3780	897.642	1026.36	0.962906
3960	2.67829e+08	2724.47	19191	2736	98	107	0	2724.47	55.0001	136.249	0	8499.06	7843.45	0	4.45883e+06	290.025	331.965	0	3960	882.981	1024.51	0.961174
4140	1.57981e+08	1486.33	11710	1279	99	104	0	1486.33	55	144.778	0	8332.72	7903.34	0	4.84232e+06	348.943	314.587	0	4140	898.916	1022.67	0.959445
4320	1.4437e+08	1701.96	11815	1361	102	102	0	1701.96	56	122.764	0	8156.06	8164.97	0	2.52897e+06	324.892	337.203	0	4320	908.295	1020.83	0.95772
4500	9.14032e+07	1132.59	7735	968	104	99	0	1132.59	55.0001	118.804	0	7905.21	8264.02	0	1.09882e+06	324.329	295.99	0	4500	906.949	1018.99	0.955997
4680	1.36148e+08	1768.59	11648	1904	103	100	0	1768.59	55.9999	115.275	0	7963.34	8237.35	0	2.25185e+06	296.057	339.434	0	4680	895.869	1017.16	0.954278
4860	1.58716e+08	2257.08	14211	1754	99	101	0	2257.08	55	109.032	0	8081.99	7882.17	0	3.79973e+06	337.47	304.974	0	4860	881.844	1015.33	0.952562
5040	2.75501e+08	2995.75	20123	2947	98	102	0	2995.75	55	129.786	0	8180.41	7813.71	0	3.88508e+06	353.132	308.751	0	5040	876.545	1013.5	0.950849
5220	2.44928e+08	2271.4	17198	2223	100	105	0	2271.4	56	146.483	0	8389.93	7995.68	0	6.18538e+06	331.657	320.191	0	5220	866.029	1011.68	0.949139
5400	1.30849e+08	1038.24	8611	1334	97	112	0	1038.24	55	168.534	0	8948.7	7779.21	0	3.26053e+06	338.789	334.498	0	5400	881.812	1009.86	0.947432
5580	1.0516e+08	1175.48	8764	988	96	113	0	1175.48	55	127.297	0	8998.97	7699.19	0	2.29237e+06	318.943	357.089	0	5580	912.755	1008.05	0.945728
5760	5.29182e+08	5675.62	40078	4972	96	116	0	5675.62	55.0012	131.065	0	9268.49	7641.24	0	6.64833e+06	336.121	296.96	0	5760	887.592	1006.23	0.944027
5940	6.57989e+08	6560.13	47763	6360	92	119	0	6560.13	55.9683	138.337	0	9491.49	7345.39	0	1.14232e+07	323.616	313.599	0	5940	903.012	1004.42	0.94233
6120	4.14828e+08	3223.59	25404	3257	93	116	0	3223.59	56	172.117	0	9244.78	7446.76	0	9.11927e+06	318.097	322.272	0	6120	904.997	1002.62	0.940635
6300	4.04966e+08	3870.66	29177	3948	88	112	0	3870.66	55	142.958	0	8935.1	6996.39	0	6.07847e+06	323.014	286.19	0	6300	872.484	1000.81	0.938943
6480	2.91048e+08	3115.92	22108	3110	85	109	0	3115.92	55.9771	131.235	0	8718.07	6787.18	0	5.59517e+06	347.901	322.705	0	6480	868.475	999.014	0.937255
6660	1.8502e+08	1896.78	13830	1610	86	110	0	1896.78	55	135.46	0	8770.72	6868.31	0	3.38929e+06	322.961	315.513	0	6660	898.782	997.218	0.935569
6840	1.55081e+08	1940.22	12356	2284	88	109	0	1940.22	56	118.068	0	8721.18	7022.42	0	2.65827e+06	341.543	305.078	0	6840	905.449	995.424	0.933887
7020	6.44945e+07	747.696	5681	1012	80	108	0	747.696	56	124.155	0	8630.02	6442.98	0	1.41606e+06	344.587	349.03	0	7020	856.491	993.634	0.932207
7200	1.6917e+07	141.486	171	0	80	108	0	141.486	55	160.245	0	8690	6320	0	1.75371e+06	472.511	202.148	0	7200	920.31	991.847	0.930531
7380	556479	58.2289	188	0	80	108	0	58.2289	56	39	0	8690	6320	0	419272	360.598	200.023	0	7380	918.978	990.064	0.928857
7560	9.37587e+07	1923.47	10353	1874	71	111	0	1923.47	56	88.7517	0	8880.87	5699.17	0	1.11361e+06	341.46	325.055	0	7560	892.354	988.283	0.927187
7740	1.67312e+08	2038.79	13385	2249	73	112	0	2038.79	55.9998	120.105	0	8914.4	5883.82	0	2.02912e+06	309.846	346.326	0	7740	911.651	986.506	0.92552
7920	1.81648e+08	1632.69	12682	1508	74	117	0	1632.69	55.0003	150.352	0	9340.49	5930.13	0	4.52219e+06	324.137	319.301	0	7920	893.459	984.732	0.923855
8100	1.70774e+08	1754.98	12418	1954	84	112	0	1754.98	55.0001	135.216	0	8897.12	6694.45	0	2.59606e+06	295.955	296.785	0	8100	901.254	982.961	0.922194
8280	1.68925e+08	1535.59	11394	1750	84	111	0	1535.59	55	148.926	0	8895.41	6704.58	0	3.63048e+06	353.09	301.657	0	8280	882.787	981.193	0.920535
8460	3.09448e+08	2868.4	21116	2758	82	114	0	2868.4	55.0006	146.54	0	9108.89	6503.56	0	1.15877e+07	330.239	276.556	0	8460	896.637	979.428	0.91888
8640	1.68267e+08	1565.1	11687	1381	75	119	0	1565.1	55.0004	146.129	0	9441.86	6018.75	0	3.53008e+06	287.536	322.56	0	8640	900.475	977.667	0.917227
8820	1.04441e+08	1083.49	8347	1269	81	119	0	1083.49	56	134.275	0	9470.55	6504.57	0	1.89565e+06	296.793	339.522	0	8820	902.248	975.909	0.915578
9000	1.51989e+07	467.272	1512	123	81	119	0	467.272	55.4197	72.0222	0	9559	6399	0	878884	357.352	240.181	0	9000	930.955	974.154	0.913931
9180	5.63033e+07	979.405	5936	921	79	124	0	979.405	55.0002	97.0723	0	9868.24	6297.89	0	1.09668e+06	304.511	291.575	0	9180	905.174	972.402	0.912288
9360	1.38041e+08	1932.78	12731	1660	80	126	0	1932.78	55.9999	110.06	0	10028.3	6433.08	0	3.81353e+06	311.306	344.276	0	9360	917.676	970.653	0.910647
9540	9.61001e+07	1154.53	8533	936	93	124	0	1154.53	56	121.232	0	9877.1	7407.27	0	1.77033e+06	315.205	309.128	0	9540	946.332	968.907	0.909009
9720	5.65453e+07	1116	6071	1150	91	120	0	1116	56	90.6067	0	9567.22	7275.99	0	1.12659e+06	325.46	320.446	0	9720	964.859	967.165	0.907375
9900	6.66083e+06	696.979	1047	0	91	120	0	696.979	55	39	0	9638	7308.89	0	195662	341.812	384.534	0	9900	945.767	965.426	0.905743
10080	797472	83.4462	213	0	91	120	0	83.4462	55	39	0	9638	7194.88	0	277783	315.293	309.436	0	10080	950.824	963.689	0.904114
10260	3.07827e+07	352.114	1196	325	91	120	0	352.114	55.0001	125.292	0	9480	7204.75	0	1.52612e+06	254.017	276.541	0	10260	940.406	961.956	0.902488
10440	844449	88.3618	340	0	91	120	0	88.3618	55.7693	39	0	9638	7235.2	0	317386	340.956	353.572	0	10440	950.807	960.226	0.900865
10620	1.42418e+06	149.024	294	0	91	120	0	149.024	55.1798	39	0	9638	7347	0	470128	374.038	313.09	0	10620	942.472	958.5	0.899245
10800	1.1232e+08	1684.47	10912	1617	91	113	0	1684.47	55	105.644	0	9022.2	7266.86	0	1.4993e+06	331.163	312.432	0	10800	935.359	956.776	0.897628
10980	2.50431e+06	262.046	717	163	91	113	0	262.046	56	39.0001	0	8970.09	7197.98	0	2.43563e+06	313.442	207.118	0	10980	942.885	955.055	0.896013
11160	5.77874e+07	1108.14	6245	1142	91	110	0	1108.14	56	92.0235	0	8808.84	7292.62	0	2.14692e+06	313.847	320.402	0	11160	928.176	953.338	0.894402
11340	1.11208e+06	116.364	292	0	91	110	0	116.364	55	39.0004	0	8848	7268.32	0	205197	341.213	296.017	0	11340	928.381	951.623	0.892793
11520	2.98261e-07	3.12095e-11	126	0	91	110	0	3.12095e-11	55	39	0	8690	7242.03	0	320274	439.881	350.569	0	11520	939.96	949.912	0.891188
11700	2.28956e-10	2.39575e-14	177	0	91	110	0	2.39575e-14	55	39	0	8848	7259.2	0	229092	346.518	357.873	0	11700	948.774	948.203	0.889585
11880	617548	20.0388	216	0	91	110	0	20.0388	55	70.0846	0	8848	7347	0	233546	328.235	338.968	0	11880	954.584	946.498	0.887985
12060	459669	48.099	252	0	91	110	0	48.099	55	39	0	8848	7261.44	0	334479	391.341	331.96	0	12060	918.101	944.796	0.886388
12240	23739.1	2.48031	154	0	91	110	0	2.48031	55	39.0291	0	8762.67	7189.05	0	256481	313.944	332.122	0	12240	935.117	943.097	0.884794
12420	3.96966e+06	415.379	625	177	91	110	0	415.379	55	39	0	8831.91	7267.99	0	450221	244.825	378.363	0	12420	910.731	941.401	0.883203
12600	2.17479e+06	59.3955	439	74	91	110	0	59.3955	55	76.487	0	8848	7189	0	284795	335.364	303.677	0	12600	956.123	939.708	0.881615
12780	8.70996e+06	70.4284	67	0	91	110	0	70.4284	55	165.441	0	8848	7189	0	1.01682e+06	435.092	209.096	0	12780	942.243	938.018	0.880029
12960	1.44849e+08	1866.85	12367	1522	91	116	0	1866.85	56	115.85	0	9259.17	7277.92	0	2.59914e+06	330.059	311.515	0	12960	935.493	936.331	0.878447
13140	1.23118e+08	1730.26	11068	1899	88	111	0	1730.26	56	109.812	0	8828.69	7016.63	0	2.22616e+06	305.943	314.242	0	13140	927.98	934.647	0.876867
13320	1.98411e+08	2139.75	15338	2248	91	115	0	2139.75	55	130.551	0	9151.79	7254.67	0	6.12617e+06	293.812	293.869	0	13320	932.982	932.966	0.87529
13500	3.54899e+06	160.704	775	0	91	115	0	160.704	56	59.2894	0	9186.37	7347	0	676099	275.573	351.712	0	13500	938.894	931.289	0.873716
13680	5.11789e+06	535.527	1152	124	91	115	0	535.527	56	39	0	9220.52	7322.62	0	1.25618e+06	210.731	295.942	0	13680	918.586	929.614	0.872145
13860	6.98859e+07	1066.64	7336	1035	88	113	0	1066.64	56	104.565	0	9023.62	7006.88	0	2.16971e+06	326.333	308.916	0	13860	964.108	927.942	0.870576
14040	1.07329e+08	1241.47	9184	1579	89	118	0	1241.47	56	124.345	0	9398.48	7120.41	0	3.20873e+06	310.234	326.602	0	14040	943.779	926.273	0.869011
14220	5.20053e+07	812.994	5331	929	85	119	0	812.994	55.0001	103.122	0	9455.39	6827.57	0	1.44528e+06	284.78	342.199	0	14220	921.636	924.607	0.867448
14400	6.59902e+07	1387.43	7301	1462	90	118	0	1387.43	56	87.6025	0	9394.51	7155.04	0	1.68758e+06	329.097	312.931	0	14400	945.392	922.945	0.865888
14580	1.83005e+06	191.492	483	163	90	118	0	191.492	56	39.0001	0	9401.57	7233.17	0	703432	207.225	244.328	0	14580	925.547	921.285	0.864331
14760	437611	45.7909	163	0	90	118	0	45.7909	56	39	0	9395.9	7267.99	0	358058	306.438	333.669	0	14760	936.86	919.628	0.862776
14940	1.13491e+07	125.554	1062	145	90	118	0	125.554	56	128.219	0	9325.89	7261.86	0	684841	305.961	331.132	0	14940	936.377	917.974	0.861225
15120	7.80718e+06	816.931	2004	0	90	118	0	816.931	56	39	0	9477.48	7183.3	0	589011	339.66	299.665	0	15120	929.659	916.323	0.859676
15300	103994	10.8815	187	0	90	118	0	10.8815	55	39.0005	0	9415.13	7110	0	270268	356.235	195.123	0	15300	948.289	914.675	0.85813
15480	3.24055e+06	339.086	549	0	90	118	0	339.086	55	39	0	9480	7159.11	0	137372	361.096	279.397	0	15480	929.835	913.03	0.856586
15660	0.000415728	4.35011e-08	38	0	90	118	0	4.35011e-08	55	39	0	9322	7110	0	270253	299.453	308.691	0	15660	938.348	911.388	0.855046
15840	759331	79.4541	194	0	90	118	0	79.4541	55	39.0002	0	9480	7110.05	0	184333	376.779	388.198	0	15840	936.823	909.749	0.853508
16020	1.0181e+07	156.328	77	0	90	118	0	156.328	55	104.199	0	9480	7110	0	887395	352.368	247.726	0	16020	950.97	908.113	0.851973
16200	1.78685e+06	74.9583	379	0	90	118	0	74.9583	55	61.6022	0	9480	7174.68	0	422152	303.261	367.789	0	16200	937.698	906.48	0.850441
16380	3.12147e+06	326.625	593	0	90	118	0	326.625	55	39	0	9480	7110	0	234279	316.955	333.465	0	16380	951.805	904.85	0.848912
16560	1.53103e+06	160.205	315	0	90	118	0	160.205	55	39	0	9399.37	7110.01	0	267692	343.673	288.01	0	16560	934.798	903.223	0.847385
16740	1.67145e+06	174.898	312	0	90	118	0	174.898	56	39	0	9480	7213.41	0	736836	379.899	329.412	0	16740	946.282	901.598	0.845861
16920	6.00953e+06	628.827	1290	481	90	118	0	628.827	55	39	0	9377.24	7199.56	0	275691	327.9	339.751	0	16920	942.982	899.977	0.84434
17100	4.82165e+06	37.2825	319	0	90	118	0	37.2825	56	173	0	9440.68	7268	0	473649	342.766	338.695	0	17100	940.621	898.358	0.842822
17280	5.79663e+06	606.55	1175	258	90	118	0	606.55	56	39	0	9409.66	7241.89	0	382142	341.298	340.619	0	17280	911.582	896.743	0.841306
17460	2.10816e+07	163.01	1788	55	90	118	0	163.01	56	173	0	9450.96	7232.24	0	1.0294e+06	333.386	355.067	0	17460	934.061	895.13	0.839793
17640	9.47092e+06	73.2322	862	7	90	118	0	73.2322	56	173	0	9448.97	7151.85	0	664220	330.805	321.77	0	17640	908.55	893.52	0.838283
17820	1.35379e+07	104.679	654	0	90	118	0	104.679	56	173	0	9480	7110	0	1.05803e+06	321.976	313.779	0	17820	946.419	891.913	0.836775
18000	3.44494e+06	26.6374	232	10	90	118	0	26.6374	56	173	0	9322	7110	0	438911	295.717	263.894	0	18000	911.331	890.309	0.83527
18180	3.59491e+06	376.166	661	0	90	118	0	376.166	56	39	0	9385.72	7110	0	765215	297.915	291.192	0	18180	917.817	888.708	0.833768
18360	3.38566e+06	354.27	786	30	90	118	0	354.27	56	39	0	9325.14	7110	0	374161	329.846	320.162	0	18360	916.972	887.11	0.832269
18540	2.4582e+06	257.222	1020	79	90	118	0	257.222	56	39	0	9428.78	7261.51	0	666196	308.394	337.949	0	18540	915.631	885.515	0.830772
18720	7.67892e+06	105.106	751	201	90	118	0	105.106	55.0001	111.591	0	9421.37	7268	0	413408	328.859	374.245	0	18720	940.286	883.922	0.829278
18900	2.69854e+06	282.371	926	57	90	118	0	282.371	56	39	0	9480	7266.22	0	552262	288.007	308.426	0	18900	923.284	882.333	0.827787
19080	4.93461e+07	1082.05	5549	899	100	96	0	1082.05	55.2761	85.6809	0	7623.74	7992.35	0	1.54074e+06	274.838	326.416	0	19080	902.811	880.746	0.826298
19260	3.25299e+07	275.973	1399	73	100	96	0	275.973	55	158.165	0	7742	7904.53	0	1.25247e+06	411.225	279.191	0	19260	900.931	879.162	0.824812
19440	8.42793e+07	914.2	6285	1189	94	101	0	914.2	55	130.011	0	8091.13	7543.59	0	2.35179e+06	342.282	351.256	0	19440	909.041	877.581	0.823329
19620	1.42069e+07	109.852	255	0	94	101	0	109.852	55	173	0	8137	7584	0	929974	408.635	395.276	0	19620	922.43	876.003	0.821848
19800	5.20773e+07	884.128	5476	1234	95	102	0	884.128	56	98.3984	0	8148.18	7587.38	0	1.97605e+06	342.093	306.863	0	19800	918.266	874.427	0.82037
19980	1.18693e+07	258.827	1309	0	95	102	0	258.827	55	85.9313	0	8058	7505	0	1.19255e+06	253.27	262.454	0	19980	919.04	872.855	0.818895
20160	1.8302e+06	164.722	370	0	95	102	0	164.722	55	42.0518	0	8216	7650.66	0	280440	372.561	311.756	0	20160	929.44	871.285	0.817422
20340	1.55525e+06	162.739	398	0	95	102	0	162.739	55	39	0	8216	7508.09	0	322358	370.122	314.722	0	20340	927.734	869.718	0.815952
20520	2.78439e+06	291.354	1000	83	95	102	0	291.354	55	39	0	8062.08	7537.09	0	421439	306.822	278.257	0	20520	914.324	868.154	0.814484
20700	3.88089e+06	30.0083	222	0	95	102	0	30.0083	56	173	0	8216	7663	0	818439	307.894	388.17	0	20700	913.598	866.593	0.81302
20880	6.5975e+07	1018.51	6522	1239	91	107	0	1018.51	55	103.874	0	8522.57	7298.06	0	1.95756e+06	304.6	338.462	0	20880	950.118	865.034	0.811558
21060	1.45689e+08	1813.98	12076	1731	89	110	0	1813.98	55.9999	118.434	0	8789.12	7084.23	0	3.0602e+06	337.38	300.246	0	21060	916.662	863.479	0.810098
21240	1.07204e+08	1468.7	9522	1378	92	110	0	1468.7	56	111.528	0	8753.66	7377.69	0	2.30207e+06	309.213	331.684	0	21240	949.787	861.926	0.808641
21420	1.36841e+08	1509.09	10475	1841	97	110	0	1509.09	55.0001	128.503	0	8766.24	7709.99	0	3.65498e+06	313.128	286.636	0	21420	956.398	860.376	0.807187
21600	8.81311e+07	1082.6	7240	1040	100	108	0	1082.6	55	119.476	0	8649.15	7937.19	0	2.04175e+06	340.557	267.795	0	21600	928.521	858.828	0.805735
21780	3.59064e+07	1056.56	4965	998	103	108	0	1056.56	56	73.6392	0	8597.84	8219.09	0	880401	326.797	294.649	0	21780	957.135	857.284	0.804286
21960	1.03677e+08	1092.06	8397	991	98	108	0	1092.06	55	132.787	0	8617	7772.55	0	2.0886e+06	320.656	280.933	0	21960	920.401	855.742	0.80284
22140	1.73834e+08	1952.68	13726	1843	102	110	0	1952.68	55.9951	126.864	0	8772.9	8096.62	0	4.33714e+06	321.118	278.896	0	22140	934.35	854.203	0.801396
22320	1.07522e+08	1904.49	11150	1661	101	106	0	1904.49	56	96.1047	0	8477.58	8065.88	0	2.82599e+06	334.53	318.165	0	22320	903.677	852.667	0.799955
22500	1.2045e+07	93.136	666	0	101	106	0	93.136	56	173	0	8374	8052.37	0	1.17855e+06	200.672	306.364	0	22500	944.897	851.134	0.798516
22680	6.03438e+07	900.565	5656	534	95	108	0	900.565	55.0001	105.948	0	8633.08	7618.85	0	2.07444e+06	317.575	345.31	0	22680	927.844	849.603	0.79708
22860	8.89607e+07	1463.12	9198	930	90	115	0	1463.12	55.0001	100.173	0	9133.1	7215.21	0	1.67834e+06	287.138	344.928	0	22860	921.868	848.075	0.795647
23040	1.96164e+08	2771	17511	2834	92	117	0	2771	55	109.473	0	9299.39	7351.54	0	3.6064e+06	290.591	320.6	0	23040	966.65	846.55	0.794216
23220	5.67984e+08	4959.02	36542	5088	95	116	0	4959.02	55.0009	154.164	0	9222.67	7544.97	0	1.43922e+07	303.288	292.047	0	23220	960.625	845.027	0.792788
23400	7.18792e+08	5557.93	42027	4792	92	121	0	5557.93	56	173	0	9614.32	7383.15	0	1.45022e+07	300.957	338.207	0	23400	937.556	843.508	0.791362
23580	3.18471e+08	2490.82	19702	1796	90	120	0	2490.82	55	170.988	0	9543.52	7193.56	0	3.87259e+06	307.509	322.51	0	23580	959.687	841.991	0.789939
23760	2.68922e+08	3188.11	21845	3838	93	123	0	3188.11	56	122.306	0	9809.39	7427.26	0	4.66769e+06	326.627	319.848	0	23760	939.627	840.477	0.788518
23940	2.2212e+08	2060.67	15827	1745	92	120	0	2060.67	55.0015	146.438	0	9543.24	7320.34	0	5.21977e+06	303.422	299.896	0	23940	953.541	838.965	0.7871
24120	5.51546e+07	681.947	4140	795	90	122	0	681.947	55.9996	118.971	0	9678.57	7187.16	0	2.36338e+06	292.065	311.827	0	24120	982.178	837.456	0.785684
24300	1.13099e+07	142.553	936	248	90	122	0	142.553	55	117.506	0	9638	7233.56	0	571603	225.05	345.765	0	24300	953.257	835.95	0.784272
24480	1.49147e+07	153.408	1491	124	90	122	0	153.408	55	135.128	0	9638	7202.29	0	646664	261.033	347.057	0	24480	972.203	834.447	0.782861
24660	3.10973e+08	3189.37	22720	2929	95	122	0	3189.37	55.0008	135.418	0	9722.37	7558.57	0	5.69591e+06	312.495	293.035	0	24660	984.17	832.946	0.781453
24840	5.21154e+08	4118.35	31502	4480	92	121	0	4118.35	56	169.219	0	9666	7354.39	0	1.25526e+07	330.127	319.857	0	24840	977.39	831.448	0.780048
25020	4.01415e+08	3960.34	28852	4540	94	123	0	3960.34	56	139.454	0	9815.19	7502.09	0	9.27905e+06	329.147	302.807	0	25020	949.872	829.953	0.778645
25200	2.65843e+08	2470.05	18829	1980	93	123	0	2470.05	55.0001	146.255	0	9791.51	7450	0	8.22292e+06	304.446	339.008	0	25200	965.528	828.46	0.777245
25380	4.14976e+07	632.758	4054	830	93	123	0	632.758	56	104.623	0	9812.94	7444.62	0	1.90956e+06	334.659	325.706	0	25380	986.538	826.971	0.775847
25560	1.35517e+08	1595.12	10562	1496	93	122	0	1595.12	55.9998	122.892	0	9711.49	7450.21	0	2.19921e+06	305.61	324.349	0	25560	992.536	825.483	0.774452
25740	1.50751e+08	1439.98	11202	1327	95	122	0	1439.98	56	143.028	0	9702.25	7606.28	0	4.19717e+06	316.15	336.61	0	25740	993.243	823.999	0.773059
25920	1.31315e+08	1819.37	11503	1849	90	121	0	1819.37	56	110.765	0	9670.95	7193.19	0	2.29003e+06	330.7	325.286	0	25920	1017.95	822.517	0.771669
26100	1.61852e+08	1852.79	13715	1367	91	121	0	1852.79	56	125.227	0	9648.18	7290.66	0	5.25506e+06	310.079	319.668	0	26100	1025.59	821.038	0.770281
26280	1.32688e+08	1563.8	11024	927	91	126	0	1563.8	55	122.788	0	10011.6	7249.17	0	2.47283e+06	296.191	303.619	0	26280	1017.01	819.561	0.768896
26460	7.66608e+07	984.544	5786	1348	89	127	0	984.544	56	116.109	0	10169.9	7156.23	0	1.88179e+06	348.874	350.68	0	26460	1009.83	818.087	0.767513
26640	7.99488e+07	1166.68	7454	1037	92	127	0	1166.68	56	107.363	0	10083	7357.68	0	2.34639e+06	314.628	320.497	0	26640	1033.23	816.616	0.766133
26820	1.24348e+08	1709.15	11255	1519	92	127	0	1709.15	55.0001	111.306	0	10118	7310.89	0	1.85482e+06	319.772	284.972	0	26820	1035.75	815.148	0.764755
27000	1.57106e+08	1620.72	11527	1426	92	126	0	1620.72	55.9979	134.833	0	10055.1	7368.93	0	4.96982e+06	326.055	335.708	0	27000	1035.71	813.682	0.763379
27180	1.50195e+08	2343.82	14385	2020	92	132	0	2343.82	56	103.227	0	10524.4	7310.08	0	2.76314e+06	322.851	291.684	0	27180	1038.13	812.218	0.762007
27360	8.5162e+07	1016.07	6965	1020	90	130	0	1016.07	56	121.788	0	10348	7231.76	0	3.45903e+06	314.497	342.564	0	27360	1052.84	810.758	0.760636
27540	5.5645e+07	933.236	5947	991	90	129	0	933.236	56	99.075	0	10280.1	7208.82	0	1.73206e+06	330.583	335.011	0	27540	1037.96	809.3	0.759268
27720	1.29553e+07	148.112	789	0	90	129	0	148.112	56	125.338	0	10191	7268	0	855134	279.177	356.994	0	27720	1055.2	807.844	0.757903
27900	8.15168e+06	576.36	903	34	90	129	0	576.36	56	47.4446	0	10191	7237.45	0	1.1465e+06	286.301	347.444	0	27900	1022.64	806.391	0.75654
28080	1.38148e+07	106.821	406	0	90	129	0	106.821	56	173	0	10349	7235.15	0	857010	363.717	321.894	0	28080	1073.92	804.941	0.755179
28260	6.11364e+07	918.529	5816	1266	87	126	0	918.529	56	105.532	0	10030.8	6996.58	0	2.41941e+06	297.705	368.955	0	28260	1038.93	803.494	0.753821
28440	4.35548e+07	614.195	2867	418	87	126	0	614.195	55.9997	109.586	0	9954	6947.03	0	1.65693e+06	229.184	328.552	0	28440	1058.89	802.049	0.752466
28620	4.21896e+07	350.622	1795	290	87	126	0	350.622	55.0001	161.192	0	9954	6935.28	0	1.38883e+06	225.62	313.064	0	28620	1104.01	800.606	0.751112
28800	1.39831e+07	223.548	899	65	87	126	0	223.548	56	101.803	0	9954	6873	0	1.22078e+06	248.472	322.575	0	28800	1093.8	799.166	0.749762
