MS2-QUANT	v0j
Region DEFINITION, 05-Apr-2021
COMMENT	Outline definition performed in MS2-QUANT (Main program)
FILE	MAX_20201217_RI516_C12MS2128TkTat_001_visit_11.tif
PATH	/Volumes/EBL/20201217/
PARAMETERS
Pix-XY	Pix-Z	RI	Ex	Em	NA	dT	Type
79	600	1.458	488	521	1.4	180	widefield
ANALYSIS-SETTINGS	
IMAGING-BACKGROUND	150
LIMIT-FIT-SIGMA-XY-MIN	-28
LIMIT-FIT-SIGMA-XY-MAX	114
LIMIT-FIT-SIGMA-Z-MIN	0
LIMIT-FIT-SIGMA-Z-MAX	0
LIMIT-FIT-BGD-MIN	46
LIMIT-FIT-BGD-MAX	47
DETECTION-THRESHOLD	500
REGION	TxSite
X_POS	195	195	194	194	194	193	193	193	193	192	192	192	192	191	191	191	190	190	189	189	189	188	188	188	187	187	187	187	186	186	186	185	185	185	185	184	184	184	184	183	183	183	183	183	183	183	183	182	182	182	182	182	181	181	181	181	181	181	181	181	181	181	180	180	180	180	180	179	179	179	179	179	179	179	179	179	178	178	178	178	178	178	177	177	177	177	177	177	177	176	176	176	176	176	175	175	175	175	175	175	174	174	174	174	173	173	173	173	173	172	172	172	172	172	171	171	171	171	171	171	170	170	170	170	169	169	169	169	169	169	168	168	168	168	168	167	167	167	167	167	167	166	166	166	165	165	165	165	165	164	164	164	164	164	163	163	163	163	163	163	162	162	162	162	161	161	161	161	161	160	160	160	160	160	160	159	159	159	159	158	158	158	158	158	157	157	157	157	157	157	157	156	156	156	156	156	156	156	156	155	155	155	155	155	155	154	154	154	154	154	154	154	154	154	155	155	156	156	157	157	158	158	158	158	159	159	159	159	160	160	160	161	161	161	161	162	162	162	162	163	163	164	164	164	164	165	165	165	166	166	166	167	167	167	168	168	168	168	169	169	169	169	170	170	171	171	171	171	172	172	173	173	173	173	173	174	174	175	175	176	176	176	176	177	177	177	177	178	178	178	178	179	179	179	179	180	180	180	180	181	181	181	181	182	182	182	183	183	183	183	183	184	184	184	184	184	185	185	185	185	185	186	186	186	186	186	187	187	187	187	188	188	188	188	189	189	189	189	190	190	190	190	190	191	191	191	192	192	192	192	193	193	193	194	194	194	195	195	196	196	196	197	197	197	198	198	199	199	200	200	201	201	202	202	203	203	204	204	205	206	206	207	207	208	208	208	209	209	210	210	210	211	211	211	212	212	213	214	214	214	215	215	215	215	216	216	217	217	217	217	217	218	218	218	218	218	218	219	219	219	219	219	219	220	220	220	220	220	220	220	221	221	221	221	221	221	222	222	222	222	222	223	223	223	223	223	223	224	224	224	224	224	224	224	224	225	225	225	225	225	225	226	226	226	226	226	226	226	227	227	227	227	227	228	228	228	228	228	228	229	229	229	229	229	229	229	230	230	230	230	230	231	231	231	231	231	232	232	232	232	232	233	233	233	233	233	234	234	234	234	235	235	235	235	236	236	236	236	236	237	237	237	237	237	238	238	238	238	238	238	238	238	238	238	238	238	237	237	237	237	237	237	236	236	236	236	235	235	235	235	234	234	234	234	233	233	233	232	232	231	231	231	230	230	230	229	229	228	228	227	227	226	226	225	225	224	224	223	223	222	222	221	221	220	220	220	219	219	218	218	218	217	217	217	216	216	216	215	215	214	214	214	214	213	213	213	212	212	212	212	211	211	211	210	210	210	209	209	209	209	208	208	208	208	207	207	207	207	206	206	206	206	206	205	205	205	205	204	204	204	203	203	202	202	202	201	201	201	201	200	200	200	199	199	199	199	END
Y_POS	402	401	401	401	400	400	400	400	399	399	399	399	398	398	398	398	397	397	397	397	396	396	396	396	396	395	395	395	395	395	394	394	394	394	393	393	393	392	392	392	391	391	390	390	390	389	389	388	388	387	387	386	386	385	385	384	384	383	383	382	382	381	381	380	379	379	378	378	377	377	376	376	375	375	374	374	373	373	372	372	372	371	371	371	370	370	370	369	369	368	368	367	367	367	366	366	365	365	365	364	364	364	363	363	362	362	361	361	361	360	360	359	359	359	359	358	358	358	357	357	356	356	356	355	355	354	354	354	353	353	353	352	352	352	351	351	350	350	350	349	349	349	348	348	348	347	347	346	346	346	345	345	345	344	344	344	344	343	343	342	342	342	341	341	340	340	340	339	339	339	338	338	338	337	337	336	336	335	335	335	334	334	333	333	333	332	332	332	331	331	330	330	330	329	329	328	328	327	327	326	326	325	325	324	324	323	323	322	322	321	321	320	320	319	319	319	319	319	319	320	320	320	321	321	321	322	322	323	323	323	324	324	324	324	325	325	325	325	326	326	327	327	327	327	328	328	328	328	328	329	329	329	329	329	329	330	330	330	330	331	331	331	331	331	332	332	332	333	333	333	333	334	334	334	335	335	335	335	336	336	336	336	337	337	337	338	338	338	338	338	339	339	339	340	340	340	341	341	341	341	342	342	342	342	343	343	344	344	345	345	346	346	346	347	347	348	348	349	349	349	350	350	351	351	352	352	352	353	353	354	354	354	355	355	355	356	356	356	356	357	357	357	358	358	358	358	358	359	359	359	359	360	360	360	360	360	360	360	360	361	361	361	361	361	361	361	361	362	362	362	362	362	362	362	362	362	362	362	362	362	362	362	362	362	362	363	363	363	363	363	363	363	364	364	364	364	364	364	365	365	365	365	365	366	366	366	366	366	367	367	368	368	368	369	369	370	370	370	371	371	371	372	372	373	373	374	374	374	375	375	376	376	376	377	377	378	378	379	379	380	380	380	381	381	382	382	383	383	383	384	384	384	385	385	386	386	387	387	387	388	388	389	389	390	390	390	391	391	392	392	392	393	393	394	394	395	396	396	397	397	398	398	398	399	399	400	400	401	401	402	402	402	403	403	403	404	404	404	405	405	406	406	406	406	407	407	408	408	408	409	409	410	410	411	411	411	412	412	413	413	413	414	414	415	415	416	416	417	417	418	418	419	419	420	420	421	421	421	422	422	422	423	423	424	424	425	425	425	425	426	426	427	427	427	427	427	428	428	428	428	428	428	428	428	429	429	429	429	429	429	429	429	429	429	429	429	429	429	429	428	428	428	428	428	428	428	428	427	427	427	427	427	426	426	426	426	426	426	425	425	425	425	424	424	424	423	423	423	423	422	422	422	422	421	421	420	420	420	420	419	419	419	419	418	418	418	418	417	417	417	417	416	416	416	415	415	415	414	414	414	413	413	412	412	411	411	411	411	410	410	410	409	409	408	408	408	END
QUANTIFICATION
Time[s]	Q_Integrate	Q_AMP	Q_Sum_pix	Q_MIP_int	Pix_Y	Pix_X	Pix_Z	AMP	BGD	SigmaXY	SigmaZ	MuY	MuX	MuZ	RES	Cent_Y	Cent_X	Cent_Z	OPB_time	OPB_INT	OPB_FIT	OPB_FIT_norm
0	229238	288.194	168	83	369	195	0	288.194	46	11.2515	0	15483.6	29229.2	0	121246	297.989	322.764	0	0	775.708	1024.53	1
180	4.67591e+06	61.828	812	0	369	195	0	61.828	46	114	0	15507.2	29309	0	247652	309.272	327.836	0	180	783.369	1022.69	0.998202
360	905558	513.999	291	0	369	195	0	513.999	46	16.7451	0	15469.5	29309	0	161060	326.703	361.1	0	360	759.24	1020.85	0.996406
540	1.47523e+06	555.946	527	278	369	195	0	555.946	46	20.5506	0	15484.4	29227.4	0	246706	306.562	299.962	0	540	757.251	1019.02	0.994615
720	2.74557e+06	61.5495	322	12	369	195	0	61.5495	47	84.6936	0	15405	29151	0	320902	306.663	316.271	0	720	728.783	1017.18	0.992826
900	833263	466.539	378	183	369	195	0	466.539	46	16.86	0	15484.1	29230	0	187075	301.971	283.934	0	900	767.736	1015.35	0.99104
1080	959155	721.111	457	22	369	195	0	721.111	46	14.5497	0	15484.2	29308.3	0	296379	263.528	383.97	0	1080	782.6	1013.53	0.989258
1260	1.14709e+06	422	418	114	369	195	0	422	46	20.7995	0	15489	29184	0	146827	294.288	334.256	0	1260	787.474	1011.71	0.987479
1440	727381	713.971	790	0	369	195	0	713.971	46.2745	12.7336	0	15432.5	29309	0	290608	241.374	349.602	0	1440	794.17	1009.89	0.985703
1620	2.11744e+06	679.697	633	40	369	195	0	679.697	46.0792	22.2668	0	15563	29230.2	0	229519	333.376	297.559	0	1620	786.318	1008.07	0.983931
1800	1.95285e+06	606	525	0	369	195	0	606	46	22.6469	0	15549.8	29304.5	0	177230	291.648	304.903	0	1800	767.728	1006.26	0.982161
1980	1.57837e+06	448	534	69	369	195	0	448	47	23.6797	0	15526.4	29195.6	0	190549	296.812	325.554	0	1980	756.3	1004.45	0.980395
2160	1.89453e+06	683.958	579	188	369	195	0	683.958	47	20.9965	0	15560.9	29151	0	360549	316.506	327.103	0	2160	766.283	1002.64	0.978632
2340	615843	575.522	191	47	369	195	0	575.522	46	13.0501	0	15415.1	29229.4	0	259609	348.464	363.652	0	2340	783.118	1000.84	0.976872
2520	3.01322e+06	104.011	651	33	369	195	0	104.011	46	67.9355	0	15562.6	29309	0	231568	316.34	299.087	0	2520	776.945	999.038	0.975115
2700	635085	371.014	242	0	369	195	0	371.014	46	16.5056	0	15405.1	29230	0	144447	279.622	313.099	0	2700	779.593	997.242	0.973361
2880	1.06224	123.657	92	28	369	195	0	123.657	46.9964	0.0369754	0	15420.8	29261.1	0	416041	312.973	399.525	0	2880	800.075	995.448	0.971611
3060	3.96064e+06	686	606	0	369	195	0	686	46	30.3131	0	15405	29272.3	0	215975	301.802	365.275	0	3060	769.168	993.658	0.969863
3240	0.00017883	13.1134	182	108	369	195	0	13.1134	46	-0.00147324	0	15563	29308	0	111470	387.895	371.404	0	3240	796.404	991.871	0.968119
3420	1.30421e+06	513.98	390	48	369	195	0	513.98	46	20.0961	0	15405.1	29151	0	113170	301.307	322.601	0	3420	787.616	990.087	0.966378
3600	730030	432	264	0	369	195	0	432	46	16.3998	0	15454.6	29309	0	159488	261.342	236.259	0	3600	789.796	988.307	0.96464
3780	2.79787e+06	36.9953	369	2	369	195	0	36.9953	47	114	0	15405	29262	0	313323	292.923	326.088	0	3780	780.258	986.529	0.962905
3960	894430	547.991	459	0	369	195	0	547.991	47	16.1175	0	15454.7	29151	0	282956	307.97	276.322	0	3960	783.039	984.755	0.961174
4140	1.85484e+06	74.6318	242	102	369	195	0	74.6318	46.0071	62.9033	0	15405	29205.2	0	327014	303.359	304.809	0	4140	792.915	982.984	0.959445
4320	0.0390511	64.0608	179	73	369	195	0	64.0608	46.9995	-0.00984987	0	15534.3	29226.9	0	352873	268.866	341.662	0	4320	787.124	981.217	0.95772
4500	1.43174e+06	367.893	597	0	369	195	0	367.893	46	24.8875	0	15563	29151	0	261218	356.624	307.104	0	4500	795.887	979.452	0.955997
4680	2.27693e+06	780	683	55	369	195	0	780	47	21.5545	0	15562.2	29154.2	0	265819	319.797	321.169	0	4680	822.528	977.691	0.954278
4860	0.0714772	28.5078	182	46	369	195	0	28.5078	46.8548	0.0199762	0	15473.9	29234.3	0	216324	320.748	327.802	0	4860	827.729	975.932	0.952562
5040	199052	328.818	163	23	369	195	0	328.818	46	9.81556	0	15443.7	29309	0	237877	301.761	330.995	0	5040	830.593	974.177	0.950849
5220	3.37961e+06	794	900	0	369	195	0	794	46	26.0275	0	15511.5	29309	0	181753	354.333	348.91	0	5220	848.433	972.425	0.949139
5400	553918	673.855	227	0	369	195	0	673.855	46	11.438	0	15518.3	29309	0	266348	369.331	299.948	0	5400	850.965	970.676	0.947432
5580	2.45349e+06	320.822	531	0	369	195	0	320.822	47	34.8875	0	15563	29309	0	417619	389.327	322.557	0	5580	868.309	968.931	0.945728
5760	2.12828e+06	130.459	573	0	369	195	0	130.459	47	50.9552	0	15563	29279.9	0	498741	318.117	368.745	0	5760	864.143	967.188	0.944027
5940	7.74233e-12	2.22045e-14	83	0	369	195	0	2.22045e-14	47	-7.44948	0	15559.5	29189.8	0	530686	275.262	346.835	0	5940	876.602	965.449	0.94233
6120	1.66129e+06	692	684	0	369	195	0	692	47	19.547	0	15405	29255.3	0	270157	319.428	357.022	0	6120	865.143	963.713	0.940635
6300	1.4735e+06	578	667	0	369	195	0	578	46	20.1429	0	15505.2	29309	0	189972	285.704	395.973	0	6300	858.84	961.98	0.938943
6480	2.7985e+06	538	596	0	369	195	0	538	46	28.7728	0	15525.1	29309	0	143958	353.61	348.469	0	6480	852.241	960.25	0.937255
6660	2.30793e+06	807.999	785	22	369	195	0	807.999	46.3905	21.3214	0	15405.1	29308.9	0	315165	308.767	337.73	0	6660	874.81	958.523	0.935569
6840	1.28594e+06	507.997	280	0	369	195	0	507.997	46	20.0719	0	15563	29229.7	0	194566	376.796	314.809	0	6840	902.053	956.799	0.933887
7020	1.0963e+06	707.588	399	0	369	195	0	707.588	47	15.7031	0	15476.2	29308.9	0	345324	339.731	399.533	0	7020	867.966	955.078	0.932207
7200	2.36609e+06	516	604	0	369	195	0	516	46	27.0148	0	15405	29274.1	0	210110	302.855	311.023	0	7200	882.067	953.361	0.930531
7380	3.71266e+06	54.7162	628	83	369	195	0	54.7162	46	106.736	0	15405	29241.9	0	261062	274.429	346.902	0	7380	899.34	951.646	0.928857
7560	9.3144e+06	123.161	1001	96	369	195	0	123.161	47	114	0	15405	29309	0	581566	282.775	363.736	0	7560	879.517	949.935	0.927187
7740	3.38114e+07	1322.63	4957	884	369	195	0	1322.63	47	63.7984	0	15524.7	29230.1	0	1.62468e+06	336.127	277.231	0	7740	891.278	948.226	0.92552
7920	6.61386e+06	102.462	608	0	369	195	0	102.462	46	103.663	0	15549.8	29151	0	331900	351.242	248.542	0	7920	885.233	946.521	0.923855
8100	653014	721.753	288	0	369	195	0	721.753	46.9999	11.9999	0	15483.4	29152.2	0	411692	353.535	310.266	0	8100	889.158	944.819	0.922194
8280	1.33407e+06	17.6471	252	80	369	195	0	17.6471	46	113.971	0	15466.9	29151	0	232535	307.421	288.334	0	8280	883.747	943.12	0.920535
8460	485012	447.43	222	48	369	195	0	447.43	46	13.1348	0	15420	29230.3	0	304799	320.29	373.744	0	8460	862.089	941.424	0.91888
8640	2.9257e+06	656	715	0	369	195	0	656	46	26.6424	0	15563	29201.8	0	282278	333.216	296.374	0	8640	866.909	939.731	0.917227
8820	2.1664e+06	799.995	534	39	369	195	0	799.995	46.5518	20.7604	0	15504.8	29305.7	0	298375	335.9	304.637	0	8820	870.261	938.041	0.915578
9000	23.6744	87.8651	392	74	369	195	0	87.8651	47	0.207081	0	15547.5	29231.3	0	340699	293.658	314.148	0	9000	906.889	936.354	0.913931
9180	962459	647.665	319	0	369	195	0	647.665	46	15.3789	0	15563	29151.1	0	278095	311.6	307.268	0	9180	870.965	934.67	0.912288
9360	1.20363e+06	591.734	519	198	369	195	0	591.734	46	17.9926	0	15509	29227.5	0	234757	371.344	249.526	0	9360	905.148	932.989	0.910647
9540	1.06219e+06	687.988	353	0	369	195	0	687.988	46	15.6755	0	15468.5	29151	0	317517	303.665	252.029	0	9540	934.41	931.311	0.909009
9720	790335	599.096	291	133	369	195	0	599.096	46	14.49	0	15516.4	29234.3	0	243192	273.242	346.178	0	9720	915.362	929.636	0.907374
9900	830923	455.15	217	0	369	195	0	455.15	46	17.0456	0	15484	29151	0	152019	310.868	340.128	0	9900	943.898	927.964	0.905743
10080	3.06332e+06	1016	919	249	369	195	0	1016	47	21.9058	0	15405.5	29151.8	0	317594	322.531	317.788	0	10080	933.723	926.295	0.904114
10260	0.137508	67.8204	162	0	369	195	0	67.8204	46.0001	-0.0179636	0	15412.4	29164.2	0	208883	278.836	311.799	0	10260	920.183	924.63	0.902488
10440	2.24826e+06	748	374	0	369	195	0	748	46	21.8717	0	15563	29151	0	106177	341.169	316.829	0	10440	932.071	922.967	0.900865
10620	199618	322.887	130	0	369	195	0	322.887	46	9.91937	0	15481.3	29308	0	305254	353.774	418.264	0	10620	927.471	921.307	0.899245
10800	6.32906e+06	83.6871	827	3	369	195	0	83.6871	46	114	0	15563	29248	0	337398	353.251	330.708	0	10800	923.81	919.65	0.897628
10980	1.69741e+06	734	766	0	369	195	0	734	46	19.1847	0	15405	29203.4	0	372130	269.317	347.017	0	10980	939.109	917.996	0.896013
11160	2.18268e+06	752	420	0	369	195	0	752	46	21.493	0	15405	29233.9	0	117391	370.744	337.923	0	11160	958.379	916.345	0.894402
11340	665085	163.195	381	0	369	195	0	163.195	47	25.468	0	15563	29151	0	333542	370.162	312.303	0	11340	952.137	914.697	0.892793
11520	3.96497e+06	844	855	97	369	195	0	844	46	27.3438	0	15459.4	29151	0	247187	316.634	295.495	0	11520	956.398	913.052	0.891188
11700	905862	645.876	260	106	369	195	0	645.876	47	14.9405	0	15484	29273.4	0	356773	410.095	333.89	0	11700	940.823	911.41	0.889585
11880	1.26737e+06	210.483	426	0	369	195	0	210.483	47	30.9565	0	15405	29309	0	249863	315.477	328.445	0	11880	960.181	909.771	0.887985
12060	7.64817e+07	1011.29	6611	958	370	209	0	1011.29	46.1136	114	0	16562.5	29307	0	1.68199e+06	291.919	327.019	0	12060	953.81	908.135	0.886388
12240	5.88726e+07	1135.24	6339	1185	374	209	0	1135.24	47	91.7477	0	16621.1	29622.8	0	1.07925e+06	332.482	297.502	0	12240	966.45	906.502	0.884794
12420	5.6011e+06	1034	1045	349	374	209	0	1034	46.0025	29.3621	0	16541.7	29616.9	0	223921	317.982	332.633	0	12420	958.85	904.872	0.883203
12600	2.51559e+07	463.626	1918	147	374	209	0	463.626	47	94.0299	0	16669	29704	0	1.63106e+06	350.019	380.655	0	12600	961.052	903.244	0.881615
12780	3.72645e+07	492.737	3293	495	374	209	0	492.737	47	114	0	16649.7	29642.7	0	1.01028e+06	355.378	312.255	0	12780	931.245	901.62	0.880029
12960	1.75015e+07	456.857	1074	71	374	209	0	456.857	47	78.2761	0	16511	29704	0	1.19323e+06	285.874	329.87	0	12960	951.869	899.999	0.878447
13140	2.98952e+06	185.275	771	163	374	209	0	185.275	46	50.6761	0	16649.7	29676.1	0	232821	353.242	331.083	0	13140	936.275	898.38	0.876867
13320	2.29746e+06	137.935	480	168	374	209	0	137.935	46	51.4871	0	16641.5	29546	0	198979	324.96	323.057	0	13320	960.357	896.764	0.87529
13500	1.03353e+07	832.637	1268	93	374	209	0	832.637	47	44.4472	0	16511	29704	0	681136	246.285	348.022	0	13500	953.868	895.152	0.873716
13680	2.26426e+06	754	869	0	374	209	0	754	47	21.8619	0	16669	29610.9	0	341280	313.308	284.855	0	13680	958.807	893.542	0.872145
13860	2.3693e+06	83.624	410	46	374	209	0	83.624	46.9527	67.1795	0	16669	29638.8	0	441930	330.302	347.759	0	13860	951.694	891.935	0.870576
14040	6.88652e+06	1236	1313	0	374	209	0	1236	47	29.7784	0	16620.6	29546	0	473442	288.551	309.79	0	14040	964.073	890.331	0.869011
14220	3.26295e+06	115.936	206	0	374	209	0	115.936	46	66.9547	0	16669	29546	0	476169	319.207	290.725	0	14220	965.938	888.73	0.867448
14400	836665	605.773	517	72	374	209	0	605.773	46	14.8262	0	16537.5	29627.1	0	215288	347.801	344.171	0	14400	971.969	887.131	0.865888
14580	5.70658e+06	75.4563	206	67	374	209	0	75.4563	47	114	0	16511	29704	0	653028	243.566	308.478	0	14580	988.85	885.536	0.864331
14760	5.74455e+06	142.656	828	118	374	209	0	142.656	46	80.3101	0	16511	29615.1	0	371725	274.03	339.758	0	14760	978.326	883.944	0.862776
14940	1.38203e+06	561.96	627	140	374	209	0	561.96	47	19.7841	0	16617.2	29581.7	0	263840	304.068	282.684	0	14940	954.061	882.354	0.861225
15120	3.49801e+06	91.9529	627	70	374	209	0	91.9529	46	77.9958	0	16527.5	29546	0	180508	287.433	311.383	0	15120	943.676	880.767	0.859676
15300	0.796806	57.7288	139	0	374	209	0	57.7288	47	0.0468695	0	16599.1	29564	0	490659	310.029	277.088	0	15300	950.712	879.183	0.85813
15480	3.71695e+07	1373.46	4977	1501	380	205	0	1373.46	47	65.6491	0	16256.6	30099.4	0	1.84547e+06	291.959	357.252	0	15480	967.567	877.602	0.856586
15660	9.35225e+07	1280.28	8640	1601	382	203	0	1280.28	46	111.581	0	16107.7	30252.6	0	2.59065e+06	305.282	301.258	0	15660	975.872	876.024	0.855046
15840	1.03581e+08	1374.37	8335	1775	388	203	0	1374.37	46	113.754	0	16145.9	30722.7	0	3.25483e+06	345.852	304.686	0	15840	955.696	874.448	0.853508
16020	8.76946e+07	1159.56	7402	1418	389	205	0	1159.56	47	114	0	16248.2	30809.1	0	3.6197e+06	302.876	308.838	0	16020	973.539	872.876	0.851973
16200	1.81515e+08	2483.55	15908	2368	387	205	0	2483.55	46.9998	111.617	0	16278.4	30625.2	0	2.20747e+06	322.588	291.336	0	16200	971.964	871.306	0.850441
16380	1.38129e+08	1826.43	10464	1793	388	209	0	1826.43	47	114	0	16554.9	30761.2	0	4.2175e+06	287.568	335.346	0	16380	990.966	869.739	0.848912
16560	1.77489e+08	2653.91	16307	2346	389	207	0	2653.91	47	105.829	0	16466.7	30830.6	0	3.22712e+06	341.798	340.37	0	16560	991.837	868.175	0.847385
16740	1.62351e+08	2146.72	13552	2132	394	204	0	2146.72	47	114	0	16162	31177.7	0	3.39115e+06	297.579	289.071	0	16740	980.312	866.614	0.845861
16920	7.25806e+07	959.709	6137	943	396	205	0	959.709	47	114	0	16258.6	31346.7	0	1.66643e+06	304.622	285.1	0	16920	969.567	865.055	0.84434
17100	3.08733e+07	408.227	2584	397	396	205	0	408.227	47	114	0	16270	31292.7	0	1.12345e+06	324.337	282.719	0	17100	993.28	863.499	0.842822
17280	1.29542e+08	1712.89	10158	1513	395	204	0	1712.89	47	114	0	16167.9	31252.2	0	2.35465e+06	308.245	289.534	0	17280	966.3	861.946	0.841306
17460	2.65138e+08	3505.83	19648	2764	394	205	0	3505.83	47	114	0	16271.8	31188.4	0	1.43014e+07	328.444	308.239	0	17460	969.684	860.396	0.839793
17640	1.74395e+08	2305.97	14374	2263	395	205	0	2305.97	47	114	0	16235.2	31321.8	0	3.66603e+06	298.255	345.219	0	17640	963.159	858.849	0.838283
17820	3.23452e+08	4453.08	28047	4255	394	203	0	4453.08	46.9998	111.195	0	16092.8	31215.6	0	7.91568e+06	308.058	326.548	0	17820	961.54	857.305	0.836775
18000	2.04955e+08	2710.05	16567	1900	397	204	0	2710.05	47	114	0	16188.6	31420.5	0	5.65028e+06	321.982	309.089	0	18000	971.804	855.763	0.83527
18180	1.48612e+08	1965.05	11759	2825	396	200	0	1965.05	47	114	0	15890.6	31377.9	0	3.901e+06	316.371	319.777	0	18180	967.171	854.224	0.833768
18360	1.09351e+08	1445.91	9333	1137	393	205	0	1445.91	47	114	0	16251.2	31094.2	0	4.74558e+06	304.766	286.489	0	18360	983.014	852.688	0.832269
18540	7.55894e+07	1484.65	8267	1610	395	209	0	1484.65	47	90.843	0	16609	31279.8	0	1.93212e+06	320.778	292.635	0	18540	958.227	851.154	0.830772
18720	1.79098e+08	2775.18	17042	2623	394	211	0	2775.18	47	103.65	0	16770.6	31190.2	0	3.79932e+06	326.65	305.648	0	18720	981.484	849.623	0.829278
18900	1.21556e+08	1607.3	10182	686	389	212	0	1607.3	47	114	0	16852.5	30815.9	0	4.69732e+06	342.005	335.724	0	18900	976.403	848.095	0.827786
19080	9.15085e+07	1209.99	8422	1783	390	209	0	1209.99	47	114	0	16584.9	30921.7	0	4.06808e+06	303.258	355.863	0	19080	976.891	846.57	0.826298
19260	3.78611e+08	5006.24	30778	4702	391	209	0	5006.24	47	114	0	16607.3	30963.6	0	9.3386e+06	331.18	314.841	0	19260	951.698	845.048	0.824812
19440	3.08666e+08	4081.4	22440	3276	393	209	0	4081.4	47	114	0	16580.7	31111.4	0	2.08485e+07	308.917	304.351	0	19440	955.205	843.528	0.823328
19620	2.73544e+08	3616.98	20746	2862	393	205	0	3616.98	47	114	0	16300.2	31130.6	0	9.50025e+06	333.474	320.094	0	19620	961.271	842.011	0.821848
19800	1.74905e+08	2312.71	13756	1139	394	206	0	2312.71	47	114	0	16321.1	31173.2	0	5.85053e+06	291.219	296.101	0	19800	949.377	840.497	0.82037
19980	1.5863e+08	2097.51	12677	1549	394	209	0	2097.51	47	114	0	16593.9	31183.4	0	3.97915e+06	315.216	305.522	0	19980	966.57	838.985	0.818894
20160	1.54592e+08	2044.13	12542	1624	393	208	0	2044.13	47	114	0	16487.7	31096.6	0	4.60042e+06	290.884	295.372	0	20160	938.522	837.476	0.817422
20340	1.10689e+08	1463.61	9272	1572	393	205	0	1463.61	47	114	0	16314	31149.3	0	2.15589e+06	357.32	333.366	0	20340	969.413	835.97	0.815952
20520	2.39475e+08	3166.5	18925	2578	394	208	0	3166.5	47	114	0	16498.1	31239.7	0	5.38589e+06	310.774	350.263	0	20520	961.016	834.467	0.814484
20700	2.92301e+08	3865	22640	2999	396	204	0	3865	47	114	0	16236.9	31368	0	1.01186e+07	358.321	326.086	0	20700	960.015	832.966	0.81302
20880	2.16167e+08	2858.31	17324	2678	398	205	0	2858.31	47	114	0	16298.4	31530.5	0	6.29454e+06	332.97	331.804	0	20880	963.786	831.468	0.811558
21060	1.43186e+08	1893.31	11335	1098	397	204	0	1893.31	47	114	0	16186.9	31422.9	0	7.35918e+06	296.046	306.987	0	21060	961.981	829.973	0.810098
21240	5.68456e+07	751.651	4670	738	400	203	0	751.651	46.8929	114	0	16069.2	31656.7	0	1.81048e+06	277.052	287.372	0	21240	948.207	828.48	0.808641
21420	8.54474e+07	1129.84	6877	1711	399	205	0	1129.84	47	114	0	16279.2	31646.3	0	3.23499e+06	328.816	352.091	0	21420	990.965	826.99	0.807187
21600	7.1438e+07	944.601	5965	980	398	208	0	944.601	47	114	0	16508.6	31557.1	0	2.37396e+06	331.755	352.624	0	21600	969.516	825.503	0.805735
21780	9.08539e+07	1403.7	9073	1374	401	206	0	1403.7	47	103.826	0	16388.7	31736.5	0	3.1419e+06	349.366	288.973	0	21780	989.698	824.019	0.804286
21960	1.94686e+08	2574.27	17016	2801	401	208	0	2574.27	47	114	0	16525.5	31775.3	0	4.13832e+06	344.65	319.883	0	21960	958.571	822.537	0.80284
22140	1.23177e+08	1728.54	10499	2532	403	206	0	1728.54	47	109.91	0	16360.3	31888.1	0	3.00967e+06	324.29	296.982	0	22140	970.988	821.058	0.801396
22320	1.51479e+08	2002.96	12520	1300	402	211	0	2002.96	47	114	0	16777.7	31815.8	0	3.08349e+06	350.105	300.267	0	22320	958.618	819.581	0.799955
22500	1.1888e+08	1571.91	9286	1863	396	216	0	1571.91	47	114	0	17080.6	31385.2	0	2.86452e+06	263.801	343.872	0	22500	961.216	818.107	0.798516
22680	1.16664e+08	1542.6	10149	1392	395	217	0	1542.6	47	114	0	17246.6	31296.6	0	3.10204e+06	331.843	325.821	0	22680	932.334	816.636	0.79708
22860	1.22182e+07	161.557	576	97	395	217	0	161.557	47	114	0	17143	31363	0	1.91996e+06	335.275	359.401	0	22860	911.279	815.167	0.795647
23040	5.59149e+07	739.344	5392	1056	399	220	0	739.344	46.0004	114	0	17466.1	31639.4	0	1.77138e+06	306.362	371.331	0	23040	924.225	813.701	0.794216
23220	8.16388e+06	107.948	550	0	399	220	0	107.948	47	114	0	17380	31679	0	565830	269.972	391.516	0	23220	923.111	812.238	0.792788
23400	2.71128e+06	832	934	55	399	220	0	832	47	22.7738	0	17380	31521	0	493611	227.478	333.954	0	23400	923.209	810.777	0.791362
23580	6.44534e+07	1096.75	6646	892	403	223	0	1096.75	47	98.2724	0	17659.7	31928.9	0	1.45731e+06	295.788	324.07	0	23580	926.833	809.319	0.789939
23760	5.61309e+07	890.29	6022	1068	404	220	0	890.29	47	102.266	0	17443.9	32001.1	0	2.34771e+06	293.181	300.404	0	23760	912.078	807.864	0.788518
23940	3.5047e+07	463.415	2770	531	404	220	0	463.415	47	114	0	17490.5	31953.2	0	951951	362.39	298.607	0	23940	903.968	806.411	0.7871
24120	1.73194e+07	252.698	833	0	404	220	0	252.698	47	107.373	0	17538	32072.1	0	1.12087e+06	392.939	326.553	0	24120	902.464	804.96	0.785684
24300	1.65705e+07	219.107	1693	0	404	220	0	219.107	47	114	0	17507.4	31986.4	0	701424	334.99	319.613	0	24300	887.119	803.513	0.784271
24480	4.82624e+06	515.794	733	0	404	220	0	515.794	47	38.5902	0	17538	32069.4	0	578357	353.618	339.631	0	24480	906.438	802.068	0.782861
24660	1.86685e+06	355.808	518	8	404	220	0	355.808	47	28.8973	0	17502.5	31916	0	284007	311.863	279.156	0	24660	903.053	800.625	0.781453
24840	23.3215	84.0315	153	0	404	220	0	84.0315	47	0.210168	0	17463.5	32073.3	0	877003	303.378	345.62	0	24840	902.616	799.186	0.780048
25020	5.77345e+06	76.3405	311	0	404	220	0	76.3405	47	114	0	17538	32074	0	855381	358.421	368.052	0	25020	903.646	797.748	0.778645
25200	698282	864.044	237	20	404	220	0	864.044	47	11.3412	0	17382.4	32074	0	581141	322.592	353.292	0	25200	891.3	796.314	0.777245
25380	1.28898e+07	170.437	1083	0	404	220	0	170.437	47	114	0	17380	32030.3	0	1.05389e+06	286.242	346.459	0	25380	881.679	794.882	0.775847
25560	3.28695e+06	746	689	0	404	220	0	746	47	26.4812	0	17404.3	32074	0	334292	340.806	357.592	0	25560	893.903	793.452	0.774452
25740	1.05337e+07	139.283	706	103	404	220	0	139.283	47	114	0	17380	32074	0	1.05935e+06	269.223	371.66	0	25740	887.58	792.025	0.773059
25920	7.06949e+06	93.4777	47	0	404	220	0	93.4777	47	114	0	17380	32074	0	1.02684e+06	238.258	347.891	0	25920	886.676	790.601	0.771669
26100	1.04579e+07	138.282	869	0	404	220	0	138.282	47	114	0	17380	31916	0	1.22888e+06	269.614	259.882	0	26100	872.106	789.179	0.770281
26280	2.94489e+06	891.948	803	101	404	220	0	891.948	47	22.9232	0	17413.8	31952.3	0	636285	281.466	297.059	0	26280	869.936	787.76	0.768896
26460	1.36643e+07	299.3	1564	205	404	220	0	299.3	47	85.7302	0	17380	32011.9	0	953967	258.776	324.92	0	26460	858.264	786.343	0.767513
26640	1.07195e+06	430	429	0	404	220	0	430	46	19.9188	0	17538	32016.8	0	138786	310.47	305.312	0	26640	872.725	784.929	0.766133
26820	6.0017e+06	79.3596	664	0	404	220	0	79.3596	47	113.999	0	17380	31940.4	0	554108	264.082	316.539	0	26820	865.733	783.517	0.764755
27000	1.24888e+06	871.958	428	0	404	220	0	871.958	47	15.0981	0	17459.1	31916	0	383102	305.948	341.586	0	27000	861.435	782.108	0.763379
27180	454375	603.656	442	120	404	220	0	603.656	47	10.9452	0	17458.5	31994.5	0	515827	306.19	306.485	0	27180	855.066	780.702	0.762007
27360	8.02307e+07	1441.37	8750	1105	408	224	0	1441.37	47	95.3563	0	17813.5	32283	0	1.6874e+06	340.007	288.297	0	27360	871.683	779.298	0.760636
27540	7.74283e+07	1023.81	6782	1052	403	224	0	1023.81	46.0003	114	0	17796.4	31965.5	0	1.62245e+06	332.637	356.423	0	27540	851.523	777.896	0.759268
27720	1.821e+08	2619.66	15914	2385	410	225	0	2619.66	46	108.281	0	17825	32430	0	4.11064e+06	281.789	271.711	0	27720	882.689	776.497	0.757903
27900	1.33023e+08	1844.57	11655	1965	409	225	0	1844.57	47	110.709	0	17864.4	32411.3	0	3.70204e+06	334.163	331.936	0	27900	859.407	775.101	0.75654
28080	1.67728e+08	2859.01	15743	3284	409	225	0	2859.01	47	98.1774	0	17845.4	32413.3	0	2.55751e+06	309.699	337.355	0	28080	854.828	773.707	0.755179
28260	1.12415e+08	1486.42	8985	1467	412	227	0	1486.42	47	114	0	17972.5	32605.4	0	3.26798e+06	290.948	285.349	0	28260	868.479	772.316	0.753821
28440	5.87032e+07	819.687	5417	658	411	229	0	819.687	46	110.243	0	18162.3	32590	0	1.50111e+06	306.098	347.636	0	28440	871.991	770.927	0.752466
28620	2.81195e+07	427.669	2134	308	411	229	0	427.669	47	104.78	0	18234.9	32627	0	1.83592e+06	332.829	335.648	0	28620	855.736	769.54	0.751112
28800	5.52671e+06	73.0779	0	0	411	229	0	73.0779	47	114	0	18091	32627	0	919258	259.502	374.821	0	28800	851.504	768.156	0.749762
