MS2-QUANT	v0j
Region DEFINITION, 05-Apr-2021
COMMENT	Outline definition performed in MS2-QUANT (Main program)
FILE	MAX_20201217_RI516_C12MS2128TkTat_001_visit_39.tif
PATH	/Volumes/EBL/20201217/
PARAMETERS
Pix-XY	Pix-Z	RI	Ex	Em	NA	dT	Type
79	600	1.458	488	521	1.4	180	widefield
ANALYSIS-SETTINGS	
IMAGING-BACKGROUND	150
LIMIT-FIT-SIGMA-XY-MIN	56
LIMIT-FIT-SIGMA-XY-MAX	180
LIMIT-FIT-SIGMA-Z-MIN	0
LIMIT-FIT-SIGMA-Z-MAX	0
LIMIT-FIT-BGD-MIN	93
LIMIT-FIT-BGD-MAX	94
DETECTION-THRESHOLD	500
REGION	TxSite
X_POS	181	182	182	183	184	184	185	185	186	186	186	187	187	187	188	188	189	189	189	190	190	190	191	191	191	192	192	192	193	193	194	194	194	194	194	194	194	195	195	195	195	195	195	195	195	195	196	196	196	196	196	196	196	196	196	197	197	197	197	197	197	197	197	197	197	197	197	197	197	197	197	197	197	197	196	196	196	196	196	196	196	196	196	196	196	196	196	196	196	196	196	196	196	196	196	196	196	196	196	196	196	196	196	196	196	196	196	196	196	196	196	196	196	196	196	196	196	195	195	195	195	195	195	194	194	194	194	194	193	193	193	193	192	192	192	191	191	190	190	190	189	189	189	188	188	188	187	187	187	186	186	185	185	185	184	184	184	183	183	182	182	181	181	181	180	180	179	179	178	178	177	177	176	176	175	175	175	174	174	173	173	173	172	172	172	171	171	170	170	170	169	169	169	168	168	168	167	167	166	166	165	165	164	164	164	163	163	162	162	162	161	161	161	160	160	160	160	159	159	159	159	158	158	158	158	157	157	157	157	156	156	156	156	155	155	155	155	155	154	154	154	154	153	153	153	153	153	152	152	152	152	152	152	152	152	152	152	152	152	152	152	152	152	152	152	152	151	151	151	151	151	151	151	151	151	150	150	150	150	150	150	150	149	149	149	149	149	149	149	149	149	149	149	148	148	148	148	148	148	148	148	148	148	147	147	147	147	147	147	147	147	147	147	147	147	147	147	147	147	147	147	147	147	147	147	147	146	146	146	146	146	146	146	145	145	145	145	144	144	144	143	143	143	143	142	142	142	141	141	141	141	141	141	141	141	141	140	140	140	140	140	140	140	140	140	140	140	140	140	140	140	140	140	141	141	141	141	141	141	142	142	142	142	142	142	143	143	143	143	143	143	144	144	144	144	145	145	145	145	146	146	146	146	146	147	147	147	147	148	148	148	148	148	149	149	149	149	150	150	150	150	150	151	151	151	151	152	152	152	152	153	153	153	153	154	154	154	155	155	155	156	156	156	156	157	157	158	158	158	159	159	160	160	161	161	161	162	162	163	163	163	164	164	165	165	165	165	166	166	167	167	167	168	168	168	169	169	170	170	171	171	172	172	172	173	173	174	174	174	175	175	175	176	176	177	177	177	178	178	178	179	179	179	180	180	181	181	182	182	182	183	183	184	184	185	185	185	186	186	187	187	188	188	189	189	190	190	191	191	192	192	193	193	194	194	195	195	196	196	196	197	197	198	198	198	199	199	199	199	199	200	200	200	200	201	201	201	201	201	202	202	202	202	203	203	203	203	204	204	204	205	205	205	206	206	207	207	208	208	208	209	209	209	210	210	211	211	212	212	212	213	213	214	214	215	215	216	216	217	217	217	218	218	219	219	220	220	221	221	221	222	222	223	223	223	224	224	225	225	225	225	226	226	226	226	227	227	228	228	229	229	230	230	230	230	231	231	232	232	232	232	232	232	232	232	232	232	233	233	233	233	233	233	233	233	233	233	233	233	233	233	233	233	233	233	233	233	233	233	232	232	232	232	232	232	231	231	231	230	230	230	230	229	229	229	228	228	227	227	227	226	226	226	225	225	225	224	224	224	223	223	223	222	222	221	221	220	220	219	219	218	217	217	216	216	215	215	214	214	213	213	212	212	211	211	211	210	210	209	209	208	208	207	207	206	206	205	205	204	204	204	203	203	202	202	202	201	201	200	200	199	199	199	198	198	197	197	196	196	196	195	195	194	194	194	193	193	193	193	192	192	191	191	191	191	190	190	190	189	189	189	188	188	188	188	187	187	186	186	186	185	185	185	184	184	183	183	183	182	182	181	181	180	180	180	179	179	178	178	177	177	176	176	175	175	174	174	174	173	173	172	172	172	172	171	171	171	171	171	170	170	170	170	170	170	170	170	170	170	170	170	170	170	170	170	170	170	170	171	171	171	171	172	172	172	172	173	173	174	174	174	174	175	END
Y_POS	207	207	206	206	205	205	205	205	205	204	204	204	204	204	204	204	204	203	203	203	203	202	202	202	202	201	201	201	201	200	200	200	199	199	198	198	197	197	197	196	196	195	195	194	194	193	193	193	192	192	191	191	191	190	190	190	189	189	188	188	187	187	186	186	185	185	184	184	183	183	182	181	181	180	180	179	179	178	178	177	177	176	176	175	175	174	174	173	173	172	172	171	171	170	170	169	169	168	168	167	167	166	166	165	165	164	164	163	163	162	162	161	161	160	160	159	159	158	158	157	157	157	156	156	156	155	155	155	155	154	154	154	154	154	153	153	153	153	153	152	152	152	152	152	151	151	151	151	151	151	151	151	150	150	150	150	150	150	150	150	150	150	149	149	149	149	149	149	149	149	149	149	149	149	149	149	150	150	150	150	150	150	150	150	151	151	151	151	151	152	152	152	152	152	152	153	153	153	153	153	153	154	154	154	154	154	155	155	155	155	156	156	156	156	157	157	157	157	158	158	158	158	159	159	159	159	160	160	160	160	161	161	162	162	162	163	163	164	164	164	165	165	166	166	166	167	167	168	168	169	169	169	170	170	171	171	172	172	173	173	174	174	175	175	176	176	177	177	178	178	179	179	180	180	180	181	181	182	182	183	183	184	184	184	185	185	186	186	186	187	187	188	188	188	189	189	190	190	191	191	192	192	193	193	193	194	194	195	195	196	196	197	197	198	198	199	199	200	200	201	201	202	202	203	203	204	204	204	205	205	206	206	206	207	207	207	208	208	208	208	208	209	209	209	209	210	210	210	211	211	211	212	212	213	213	214	214	214	215	215	216	216	217	217	218	218	219	219	220	220	221	221	222	222	222	223	223	223	224	224	225	225	225	226	226	227	227	228	228	228	229	229	229	230	230	231	231	232	232	232	233	233	233	234	234	235	235	236	236	237	237	237	238	238	239	239	240	240	241	241	241	242	242	242	242	243	243	243	243	244	244	244	244	245	245	245	245	246	246	246	246	247	247	247	247	248	248	248	249	249	249	249	250	250	250	251	251	251	251	252	252	252	253	253	253	253	254	254	254	255	255	255	255	255	256	256	256	256	257	257	257	257	258	258	258	258	258	259	259	259	259	259	259	260	260	260	260	260	260	261	261	261	261	261	261	262	262	262	262	262	262	262	262	262	262	263	263	263	263	263	263	263	263	263	263	263	263	263	263	262	262	262	262	262	261	261	261	261	261	260	260	260	259	259	259	259	258	258	258	257	257	257	257	256	256	256	256	255	255	255	254	254	254	254	253	253	253	253	252	252	252	252	251	251	251	251	251	251	250	250	250	250	250	250	250	250	250	250	250	249	249	249	249	249	249	249	249	249	249	249	249	249	249	249	249	249	249	249	249	248	248	248	248	248	248	248	248	248	247	247	247	247	246	246	246	246	245	245	244	244	243	243	243	243	242	242	241	241	240	240	239	239	239	238	238	237	237	236	236	235	235	234	234	233	233	232	232	231	231	230	230	229	229	228	228	227	227	226	226	226	225	225	225	224	224	223	223	222	222	222	222	221	221	221	220	220	220	219	219	219	219	218	218	218	218	218	218	217	217	217	217	217	217	217	217	217	216	216	216	216	216	216	216	216	216	216	216	216	215	215	215	215	215	215	215	215	215	215	215	215	215	215	215	215	215	215	215	215	215	215	215	215	216	216	216	216	216	216	217	217	217	217	217	217	217	218	218	218	218	219	219	219	219	220	220	220	220	220	221	221	221	221	222	222	222	222	222	223	223	223	223	223	224	224	224	224	225	225	225	225	225	225	226	226	226	226	226	226	226	227	227	227	227	227	227	227	227	227	227	227	227	227	227	227	227	227	227	227	227	226	226	226	226	225	225	225	225	224	224	224	223	223	222	222	222	221	221	220	220	219	219	218	218	217	217	216	216	215	215	215	215	214	214	213	213	213	213	212	212	212	212	211	211	END
QUANTIFICATION
Time[s]	Q_Integrate	Q_AMP	Q_Sum_pix	Q_MIP_int	Pix_Y	Pix_X	Pix_Z	AMP	BGD	SigmaXY	SigmaZ	MuY	MuX	MuZ	RES	Cent_Y	Cent_X	Cent_Z	OPB_time	OPB_INT	OPB_FIT	OPB_FIT_norm
0	910425	21.7937	262	73	166	182	0	21.7937	93	81.849	0	14536	13272	0	617207	380.398	406.567	0	0	584.196	824.075	1
180	4.86967e-10	2.47152e-14	243	0	166	182	0	2.47152e-14	93	56	0	14536	13114	0	415627	350.939	350.998	0	180	581.673	822.593	0.998202
360	1.02614e+06	52.0742	469	5	166	182	0	52.0742	93	56.003	0	14445.5	13114	0	640499	326.288	316.873	0	360	576.546	821.114	0.996406
540	633891	32.1721	341	30	166	182	0	32.1721	93	56	0	14378	13272	0	390737	310.209	295.915	0	540	565.96	819.637	0.994615
720	4.93872e+06	90.8627	430	0	166	182	0	90.8627	93	94.1194	0	14536	13272	0	754237	367.686	416.781	0	720	571.183	818.163	0.992826
900	5.6338e+07	731.341	5141	1001	166	182	0	731.341	93.782	115.325	0	14439.8	13178.6	0	1.58796e+06	284.118	318.705	0	900	568.296	816.692	0.99104
1080	1.76933e+08	1691.88	13585	1658	166	175	0	1691.88	93.9999	142.907	0	13895.9	13199.4	0	2.0198e+06	315.434	323.448	0	1080	576.927	815.223	0.989258
1260	9.30312e+07	693.009	5475	1070	169	175	0	693.009	93	180	0	13872	13509	0	2.39221e+06	306.735	372.575	0	1260	568.728	813.757	0.987479
1440	7.26895e+07	586.354	5446	519	170	177	0	586.354	93	165.827	0	13998.4	13523.3	0	1.26019e+06	272.313	323.184	0	1440	570.859	812.294	0.985703
1620	9.66057e+07	719.636	5741	875	170	178	0	719.636	94	180	0	14062	13499.5	0	2.50631e+06	266.671	309.867	0	1620	561.927	810.833	0.98393
1800	9.12937e+07	680.066	5845	671	168	175	0	680.066	94	180	0	13983	13324.2	0	2.28518e+06	365.743	302.653	0	1800	557.245	809.375	0.982161
1980	6.96701e+07	676.358	5704	685	164	180	0	676.358	94	141.213	0	14293.3	13033.4	0	884708	322.096	309.006	0	1980	557.199	807.919	0.980395
2160	7.61211e+07	658.021	5811	722	170	179	0	658.021	93	155.523	0	14234.1	13430	0	1.60191e+06	323.425	257.893	0	2160	553.958	806.466	0.978632
2340	1.48344e+07	164.806	1014	17	170	179	0	164.806	93	127.841	0	14299	13430	0	887392	432.717	247.619	0	2340	545.596	805.016	0.976872
2520	1.08437e+08	1134.94	8366	1521	167	181	0	1134.94	93.0001	133.405	0	14367.1	13258	0	2.27109e+06	312.47	317.334	0	2520	558.324	803.568	0.975115
2700	8.43595e+07	692.72	6262	534	164	181	0	692.72	93.9999	163.019	0	14369.8	13058.3	0	1.83327e+06	312.623	332.326	0	2700	547.646	802.123	0.973361
2880	7.56857e+07	782.414	5889	1109	165	182	0	782.414	94	134.624	0	14477.8	13086.5	0	1.45043e+06	315.291	309.185	0	2880	555.482	800.68	0.971611
3060	7.02864e+07	603.959	5258	609	170	180	0	603.959	94	156.354	0	14325.6	13492.6	0	1.18753e+06	322.036	306.068	0	3060	560.362	799.241	0.969863
3240	7.59119e+07	668.385	5759	1086	168	176	0	668.385	94	153.035	0	14006.2	13304.5	0	2.04534e+06	332.389	280.736	0	3240	557.461	797.803	0.968119
3420	2.24046e+07	460.925	2005	41	168	176	0	460.925	94	88.6191	0	14062	13343.7	0	1.60471e+06	428.297	290.651	0	3420	555.381	796.368	0.966378
3600	5.61574e+07	622.479	4584	670	163	180	0	622.479	94	128.044	0	14296.3	12918.2	0	1.18106e+06	331.98	299.911	0	3600	558.314	794.936	0.96464
3780	3.27895e+07	1086.96	4370	1426	166	184	0	1086.96	94	69.3337	0	14577.6	13219.7	0	1.67653e+06	307.177	324.803	0	3780	564.965	793.507	0.962905
3960	7.86012e+07	744.328	5921	605	169	178	0	744.328	93	144.021	0	14177.6	13431.6	0	1.81109e+06	348.849	312.991	0	3960	541.859	792.08	0.961174
4140	1.0378e+08	773.082	6345	1468	170	176	0	773.082	94	180	0	13983.5	13502.1	0	3.17282e+06	324.762	306.804	0	4140	569.694	790.655	0.959445
4320	5.16306e+07	447.003	3508	84	170	176	0	447.003	93	155.311	0	14062	13588	0	1.9842e+06	348.671	393.086	0	4320	576.657	789.233	0.95772
4500	1.57745e+08	1175.07	9633	1231	175	180	0	1175.07	94	180	0	14306.7	13911.1	0	2.44677e+06	318.872	319.59	0	4500	573.085	787.814	0.955997
4680	9.40159e+07	700.344	6076	754	178	177	0	700.344	94	180	0	14015	14138.5	0	1.86646e+06	294.789	311.626	0	4680	578.039	786.397	0.954278
4860	1.10864e+08	919.851	7997	795	182	175	0	919.851	93.9993	161.437	0	13921.3	14467.8	0	3.19237e+06	331.969	319.392	0	4860	584.466	784.983	0.952562
5040	9.12176e+07	715.936	6401	1097	184	183	0	715.936	93	170.383	0	14549.3	14567.1	0	1.94407e+06	321.05	283.896	0	5040	565.588	783.571	0.950849
5220	1.23693e+08	1097.54	9482	1482	187	185	0	1097.54	94	152.016	0	14673.3	14847.8	0	3.57095e+06	299.088	308.226	0	5220	586.813	782.162	0.949139
5400	5.33063e+07	599.388	4868	832	190	183	0	599.388	94	126.777	0	14584.4	15091.9	0	1.31927e+06	353.692	312.401	0	5400	591.142	780.755	0.947432
5580	6.1348e+07	647.699	5347	564	188	183	0	647.699	93	132.562	0	14544.1	14921.7	0	2.11486e+06	332.033	306.747	0	5580	606.378	779.351	0.945728
5760	5.4974e+07	409.513	4265	311	188	183	0	409.513	94	180	0	14496.5	14909.2	0	1.72068e+06	310.383	300.93	0	5760	588.631	777.95	0.944027
5940	2.47919e+07	261.591	1629	62	188	183	0	261.591	93	132.62	0	14457	15010	0	1.18612e+06	212.331	365.591	0	5940	591.366	776.551	0.94233
6120	5.93969e+07	579.747	4804	730	182	175	0	579.747	93	140.619	0	13922	14440.3	0	1.70961e+06	335.793	303.842	0	6120	600.46	775.154	0.940635
6300	1.14538e+08	853.215	7497	884	185	174	0	853.215	94	180	0	13806.8	14684.5	0	2.15201e+06	310.436	307.474	0	6300	602.32	773.76	0.938943
6480	1.65925e+08	1388.66	11103	1162	189	174	0	1388.66	93	160.145	0	13789.8	15014	0	2.60997e+06	290.702	316.554	0	6480	605.976	772.369	0.937255
6660	7.99607e+07	1020.63	7951	448	191	170	0	1020.63	94	116.563	0	13533.6	15149.8	0	2.55286e+06	358.022	310.464	0	6660	608.688	770.98	0.935569
6840	8.95815e+07	910.956	7307	954	191	173	0	910.956	94	136.283	0	13761.2	15201.2	0	1.57036e+06	306.036	337.472	0	6840	603.538	769.593	0.933887
7020	7.3363e+07	695.877	6210	356	183	166	0	695.877	93.9998	143.83	0	13183.4	14546.6	0	2.13356e+06	309.137	325.221	0	7020	601.974	768.209	0.932207
7200	9.08573e+07	866.453	7142	1271	189	170	0	866.453	94	143.215	0	13489.3	15025.1	0	1.4629e+06	295.242	315.955	0	7200	634.848	766.828	0.930531
7380	7.15038e+07	802.413	6349	1066	189	171	0	802.413	94	126.951	0	13569.8	15030.2	0	1.79526e+06	295.276	318.12	0	7380	631.273	765.448	0.928857
7560	9.59224e+07	1033.49	8196	1161	190	170	0	1033.49	94	130.639	0	13534.1	15087.3	0	2.1116e+06	336.594	315.113	0	7560	636.538	764.072	0.927187
7740	9.11039e+07	889.074	7242	1543	193	171	0	889.074	94	140.638	0	13584.7	15346.7	0	2.25667e+06	309.625	331.114	0	7740	654.418	762.698	0.92552
7920	7.76126e+07	762.022	6286	1006	191	169	0	762.022	94	139.977	0	13477.9	15221.2	0	1.35025e+06	335.266	350.368	0	7920	645.314	761.326	0.923855
8100	1.11509e+08	1350.2	8760	2112	191	169	0	1350.2	94	120.606	0	13447.4	15186.7	0	3.73275e+06	332.636	327.043	0	8100	651.274	759.957	0.922194
8280	5.49599e+07	653.64	5055	593	182	158	0	653.64	93	122.046	0	12578	14464.1	0	1.3316e+06	345.213	334.112	0	8280	648.713	758.59	0.920535
8460	6.58094e+07	703.552	5569	983	192	170	0	703.552	93	131.369	0	13473.7	15246.2	0	1.71039e+06	287.479	306.474	0	8460	650.242	757.226	0.91888
8640	2.89677e+07	321.582	977	0	192	170	0	321.582	93	127.908	0	13430	15326	0	1.88164e+06	242.381	402.373	0	8640	679.08	755.864	0.917227
8820	2.05073e+07	191.357	1802	294	192	170	0	191.357	93	145.746	0	13510.4	15168	0	641700	308.273	272.768	0	8820	682.062	754.505	0.915578
9000	1.80517e+07	174.532	1302	185	192	170	0	174.532	93	141.666	0	13588	15271.3	0	901915	345.045	323.687	0	9000	677.797	753.148	0.913931
9180	2.13856e+06	108.539	767	107	192	170	0	108.539	94	56	0	13430	15326	0	979298	302.664	373.067	0	9180	692.083	751.794	0.912288
9360	6.03919e+07	525.662	5260	818	196	167	0	525.662	94	154.579	0	13268.7	15556.9	0	2.13804e+06	323.638	309.547	0	9360	712.633	750.442	0.910647
9540	4.89314e+07	379.827	3309	334	196	167	0	379.827	93.0001	172.309	0	13225.6	15627.7	0	983270	304.84	346.437	0	9540	689.189	749.092	0.909009
9720	9.64885e+07	972.399	7626	916	199	167	0	972.399	93.0001	137.21	0	13259.7	15829.9	0	2.03103e+06	302.964	327.778	0	9720	706.104	747.745	0.907374
9900	6.18552e+07	622.326	5354	534	191	166	0	622.326	93.0001	137.384	0	13205.1	15187.8	0	1.85054e+06	323.525	328.993	0	9900	701.887	746.4	0.905743
10080	8.62392e+07	954.755	7022	1194	191	163	0	954.755	94	128.153	0	12916.9	15170	0	1.40962e+06	289.209	318.37	0	10080	697.59	745.058	0.904114
10260	9.90547e+06	502.735	1965	81	191	163	0	502.735	94	56	0	12926.8	15247	0	2.84231e+06	404.879	313.032	0	10260	716.368	743.718	0.902488
10440	2.42818e+07	196.736	1761	347	191	163	0	196.736	93	165.121	0	13033.6	15247	0	1.1022e+06	352.509	352.434	0	10440	719.16	742.381	0.900865
10620	1.976e+07	486.007	2304	74	191	163	0	486.007	94	80.7099	0	13025.7	15089	0	1.58025e+06	316.22	292.4	0	10620	719.038	741.045	0.899245
10800	4.3784e+06	139.007	880	95	191	163	0	139.007	93	70.8611	0	13035	15089	0	636554	372.03	243.107	0	10800	707.699	739.713	0.897628
10980	582113	29.544	681	229	191	163	0	29.544	93	56.0002	0	12966.8	15186.6	0	435714	319.821	324.954	0	10980	721.051	738.382	0.896013
11160	640676	32.5141	636	0	191	163	0	32.5141	93	56.002	0	13025.9	15089.4	0	411048	324.979	348.103	0	11160	730.105	737.055	0.894402
11340	1.12379e+08	1776.46	10796	2006	198	162	0	1776.46	94	102.464	0	12912.2	15764	0	2.69904e+06	338.249	355.324	0	11340	727.562	735.729	0.892793
11520	1.16842e+08	1327.26	9015	1393	206	159	0	1327.26	93.0001	125.89	0	12676	16317.5	0	1.76656e+06	340.576	294.651	0	11520	755.731	734.406	0.891188
11700	6.78585e+07	1093.56	7350	936	209	157	0	1093.56	93.9998	101.339	0	12493.3	16579.6	0	1.48058e+06	317.636	302.332	0	11700	724.706	733.085	0.889585
11880	1.10034e+08	966.636	8694	678	213	158	0	966.636	93.0001	153.336	0	12576.9	16951.8	0	3.52315e+06	326.78	344.733	0	11880	748.038	731.767	0.887985
12060	1.64466e+08	2663.92	15890	2668	217	156	0	2663.92	94	101.046	0	12385.4	17249.6	0	2.41284e+06	303.358	321.946	0	12060	745.62	730.451	0.886388
12240	1.7266e+08	2261.91	13875	3027	217	158	0	2261.91	94	114.665	0	12529.9	17177.8	0	4.58107e+06	293.944	270.864	0	12240	768.654	729.137	0.884794
12420	2.87085e+08	2235.79	17016	3451	220	155	0	2235.79	94	171.732	0	12303.9	17407.4	0	1.09309e+07	293.64	287.521	0	12420	764.656	727.826	0.883203
12600	2.25103e+08	2413.28	17560	2746	219	156	0	2413.28	94	131.105	0	12402.4	17401.9	0	4.44551e+06	309.214	334.29	0	12600	765.912	726.517	0.881615
12780	2.68083e+08	2576.43	18661	2056	227	153	0	2576.43	93	142.338	0	12136.3	18016.5	0	7.77561e+06	289.298	310.287	0	12780	794.032	725.21	0.880029
12960	2.8257e+08	2721.42	19500	2939	227	155	0	2721.42	93.0001	142.1	0	12338	17977.7	0	3.3697e+06	327.967	291.889	0	12960	784.186	723.906	0.878447
13140	1.26036e+08	1397.5	9640	2017	222	152	0	1397.5	93	128.015	0	12104.2	17677.6	0	3.36837e+06	333.597	362.78	0	13140	777.147	722.604	0.876867
13320	1.70683e+08	1666.12	12061	2162	225	157	0	1666.12	93	140.609	0	12413.7	17820.9	0	6.17146e+06	267.802	299.598	0	13320	759.49	721.305	0.87529
13500	2.66505e+08	2292.04	18445	2130	223	152	0	2292.04	93.9986	156.232	0	12119.7	17707.6	0	5.8547e+06	333.503	321.815	0	13500	781.531	720.008	0.873716
13680	9.99721e+07	1471.73	9890	1552	225	152	0	1471.73	94	106.806	0	12068.6	17865.5	0	2.85601e+06	293.602	315.771	0	13680	789.744	718.713	0.872145
13860	2.95214e+07	639.352	2289	0	225	152	0	639.352	93.9996	86.2423	0	12075.3	17933	0	1.74345e+06	310.436	426.639	0	13860	796.417	717.42	0.870576
14040	1.02842e+08	1265.99	8651	1770	228	156	0	1265.99	93	119.312	0	12389.5	18045.7	0	2.38309e+06	294.885	272.649	0	14040	801.186	716.13	0.869011
14220	4.73021e+06	240.074	1122	0	228	156	0	240.074	94	56	0	12477	18170	0	1.66464e+06	357.239	366.695	0	14220	800.043	714.842	0.867448
14400	5.49036e+07	627.468	4990	899	230	160	0	627.468	93	125.368	0	12725.8	18244.8	0	2.69537e+06	327.389	320.844	0	14400	818.136	713.557	0.865888
14580	2.83426e+07	338.664	3090	344	230	160	0	338.664	94	121.667	0	12750.1	18219	0	1.77793e+06	318.703	349.111	0	14580	810.587	712.273	0.864331
14760	1.33152e+08	1487.92	10948	1918	232	160	0	1487.92	93.9999	127.324	0	12701.4	18392.9	0	3.77851e+06	301.431	305.066	0	14760	787.176	710.993	0.862776
14940	7.19239e+07	996.254	6485	1469	236	159	0	996.254	94	110.782	0	12681.9	18737.6	0	1.94887e+06	339.34	310.688	0	14940	817.774	709.714	0.861225
15120	1.93879e+08	2217.06	15461	2199	235	160	0	2217.06	93.0002	125.317	0	12731	18647.3	0	4.67313e+06	326.992	321.143	0	15120	795.218	708.438	0.859676
15300	7.66486e+07	772.259	6389	1323	237	160	0	772.259	94	137.236	0	12738.7	18828.7	0	2.85658e+06	316.359	335.816	0	15300	813.628	707.164	0.85813
15480	2.57096e+07	356.496	1393	0	237	160	0	356.496	93.9999	110.711	0	12798	18865.3	0	1.22045e+06	392.798	329.562	0	15480	817.554	705.892	0.856586
15660	5.07877e+07	1047.74	5730	1189	241	166	0	1047.74	94	88.4889	0	13225.9	19114.7	0	1.6964e+06	332.526	335.57	0	15660	809.693	704.622	0.855046
15840	2.78052e+06	141.12	394	32	241	166	0	141.12	93	56	0	13117.3	19039	0	915616	310.067	293.08	0	15840	802.916	703.355	0.853508
16020	3.65702e+07	1364.71	5722	1621	243	171	0	1364.71	94	65.3246	0	13579	19273.5	0	1.25248e+06	303.362	308.04	0	16020	837.216	702.09	0.851973
16200	2.66977e+07	283.022	1844	91	243	171	0	283.022	93	132.171	0	13667	19355	0	1.51665e+06	362.957	365.126	0	16200	815.857	700.828	0.850441
16380	4.9611e+07	715.162	5527	781	243	173	0	715.162	94	108.148	0	13746.2	19260.1	0	2.34104e+06	311.655	313.789	0	16380	838.46	699.567	0.848912
16560	2.84685e+07	418.149	2628	216	243	173	0	418.149	93	106.949	0	13667	19312.8	0	1.3383e+06	239.157	327.031	0	16560	845.512	698.309	0.847385
16740	1.8428e+06	93.5273	452	0	243	173	0	93.5273	94	56.0002	0	13746.1	19355	0	1.30704e+06	279.295	365.766	0	16740	823.209	697.053	0.845861
16920	1.8441e+06	93.5941	1263	198	243	173	0	93.5941	93	56	0	13753.9	19227.6	0	382741	299.137	335.346	0	16920	821.464	695.8	0.84434
17100	1.59429e+07	174.072	1042	0	243	173	0	174.072	93	129.41	0	13667	19355	0	1.55442e+06	259.371	348.581	0	17100	831.882	694.548	0.842822
17280	1.32187e+08	1796.37	12052	2103	247	173	0	1796.37	93.0001	112.084	0	13722.4	19578.4	0	2.28801e+06	305.213	298.171	0	17280	830.344	693.299	0.841306
17460	6.49737e+07	1289.07	8127	931	247	171	0	1289.07	94	90.3528	0	13570.1	19599.5	0	2.5854e+06	301.075	307.507	0	17460	825.632	692.053	0.839793
17640	3.09541e+07	708.875	2625	276	247	171	0	708.875	94	83.7554	0	13511.1	19513	0	1.1889e+06	294.339	271.34	0	17640	833.613	690.808	0.838283
17820	6.51071e+07	1148.3	7807	881	245	174	0	1148.3	94	96.3314	0	13831.2	19411.3	0	2.299e+06	304.522	315.034	0	17820	835.771	689.566	0.836775
18000	5.49631e+07	619.235	4882	450	245	176	0	619.235	93.0001	126.605	0	14003.9	19463.9	0	1.70701e+06	324.117	333.793	0	18000	850.862	688.326	0.83527
18180	1.8812e+08	1709.96	12864	2175	245	175	0	1709.96	94	148.936	0	13877.9	19391.3	0	4.07421e+06	299.735	291.944	0	18180	854.127	687.088	0.833768
18360	2.12899e+08	2213.97	16204	2159	244	175	0	2213.97	93	134.037	0	13886.8	19393.8	0	4.07456e+06	298.25	348.702	0	18360	851.353	685.852	0.832269
18540	1.91466e+08	1782.96	13554	1996	245	175	0	1782.96	94	145.99	0	13915.9	19432.5	0	2.94857e+06	312.047	316.491	0	18540	868.421	684.619	0.830772
18720	1.71097e+08	1697.81	12802	1954	245	174	0	1697.81	93.9999	138.836	0	13815.7	19427.2	0	3.01325e+06	304.977	313.806	0	18720	870.07	683.387	0.829278
18900	9.54277e+07	1155.91	8809	828	240	175	0	1155.91	93.9991	120.577	0	13934.9	19063.6	0	2.16782e+06	350.285	330.262	0	18900	872.897	682.158	0.827786
19080	1.68876e+08	1790.29	12987	2172	241	173	0	1790.29	93	132.168	0	13693	19133	0	4.10587e+06	268.871	324.926	0	19080	858.371	680.932	0.826298
19260	1.99956e+08	1528.06	12897	1917	242	173	0	1528.06	93.0012	175.131	0	13795.3	19142.6	0	6.6853e+06	342.692	283.616	0	19260	878.203	679.707	0.824812
19440	2.98697e+08	3645.47	23615	3430	238	171	0	3645.47	93.9999	119.983	0	13552.1	18922.4	0	7.85258e+06	282.528	348.232	0	19440	859.975	678.485	0.823328
19620	2.13739e+08	2140.29	15647	2745	239	171	0	2140.29	94	137.877	0	13551.8	18982.2	0	6.84902e+06	299.565	332.557	0	19620	878.065	677.265	0.821848
19800	1.51566e+08	1303.69	11067	1372	238	170	0	1303.69	93.9954	156.214	0	13495.9	18865.4	0	5.83895e+06	306.228	313.727	0	19800	868.291	676.047	0.82037
19980	4.262e+07	771.374	4813	1073	236	172	0	771.374	94	94.9687	0	13667.2	18690.6	0	2.83222e+06	293.674	312.672	0	19980	850.631	674.831	0.818894
20160	1.47718e+07	749.716	2656	26	236	172	0	749.716	94	56	0	13592.5	18685.8	0	1.096e+06	279.184	369.332	0	20160	848.796	673.617	0.817422
20340	2.56188e+06	130.024	798	183	236	172	0	130.024	93	56	0	13590.6	18719.6	0	837306	339.535	255.828	0	20340	845.939	672.406	0.815952
20520	0.00116125	5.89372e-08	447	0	236	172	0	5.89372e-08	93	56	0	13588	18644.1	0	513547	240.268	352.494	0	20520	851.426	671.196	0.814484
20700	29.428	0.0011121	335	0	236	172	0	0.0011121	93	64.9129	0	13707.5	18802	0	563919	286.081	320.49	0	20700	832.526	669.989	0.81302
20880	0.237612	1.20596e-05	398	111	236	172	0	1.20596e-05	93	56	0	13588	18802	0	782677	360.985	387.351	0	20880	857.903	668.785	0.811557
21060	4.70768e+07	700.275	4997	647	252	179	0	700.275	94	106.152	0	14243.5	19996.3	0	2.59764e+06	323.07	322.428	0	21060	865.155	667.582	0.810098
21240	1.95382e+07	145.544	482	128	252	179	0	145.544	93.0001	180	0	14299	20066	0	1.64367e+06	394.257	354.571	0	21240	833.599	666.381	0.808641
21420	1.99545e+07	148.646	929	0	252	179	0	148.646	93	180	0	14299	20040.5	0	1.77553e+06	363.915	337.645	0	21420	868.895	665.183	0.807187
21600	6.6603e+07	605.899	5227	636	254	184	0	605.899	93	148.834	0	14631.3	20224	0	2.55366e+06	331.86	371.078	0	21600	846.277	663.987	0.805735
21780	2.23594e+07	304.761	2282	0	254	184	0	304.761	93	111.879	0	14536	20066	0	2.01473e+06	230.718	274.45	0	21780	832.51	662.792	0.804286
21960	6.87996e+07	1172.79	8005	1196	255	185	0	1172.79	94	98.1743	0	14686.8	20204.5	0	2.09205e+06	309.992	311.843	0	21960	848.828	661.601	0.80284
22140	4.15282e+07	1586.58	6193	1286	249	187	0	1586.58	94	64.5588	0	14825	19745.7	0	1.71894e+06	314.575	330.678	0	22140	807.444	660.411	0.801396
22320	1.33101e+07	368.069	1745	145	249	187	0	368.069	93	76.0022	0	14773	19709.5	0	889121	263.267	311.483	0	22320	811.003	659.223	0.799955
22500	2.10774e+07	696.735	2039	0	249	187	0	696.735	94	69.4326	0	14773.5	19671	0	2.96907e+06	269.063	281.469	0	22500	825.991	658.038	0.798516
22680	67696.1	1.02402	153	0	249	187	0	1.02402	93	105.112	0	14931	19829	0	666448	377.543	352.258	0	22680	794.509	656.854	0.79708
22860	617257	31.3278	778	0	249	187	0	31.3278	93	56	0	14773	19829	0	831501	302.456	357.694	0	22860	777.531	655.673	0.795647
23040	8.20611e+07	685.001	6632	513	239	201	0	685.001	93	160.531	0	15879	19006.6	0	3.366e+06	277.099	344.12	0	23040	795.328	654.494	0.794216
23220	7.7276e+07	921.883	6866	1357	234	200	0	921.883	93	121.797	0	15832	18603.2	0	2.98838e+06	272.236	350.033	0	23220	775.855	653.317	0.792788
23400	2.98086e+07	1105.9	4221	1148	231	203	0	1105.9	94	65.5168	0	16120.3	18358.2	0	2.2932e+06	333.564	312.137	0	23400	753.602	652.142	0.791362
23580	1.09974e+08	2015.44	11534	1686	237	204	0	2015.44	94	94.3201	0	16218.2	18761.2	0	2.89075e+06	328.115	288.012	0	23580	776.329	650.969	0.789939
23760	7.89161e+07	771.007	6042	673	229	212	0	771.007	93	140.514	0	16827.8	18195.4	0	2.0605e+06	306.304	333.893	0	23760	748.947	649.798	0.788518
23940	6.74907e+07	661.472	5911	790	226	210	0	661.472	94	140.169	0	16643.9	17945.6	0	2.21532e+06	308.098	331.902	0	23940	752.922	648.63	0.7871
24120	8.30229e+07	859.989	7224	933	225	211	0	859.989	93	134.425	0	16748.1	17906.3	0	2.90404e+06	313.817	360.283	0	24120	767.357	647.463	0.785684
24300	1.30983e+08	1364.66	9898	913	223	213	0	1364.66	93	133.853	0	16932.2	17693.6	0	5.22208e+06	335.704	333.023	0	24300	748.841	646.299	0.784271
24480	1.29301e+08	1667.21	11554	2124	225	219	0	1667.21	94	115.817	0	17395.8	17870.8	0	3.45744e+06	319.011	327.563	0	24480	733.644	645.137	0.782861
24660	7.67085e+07	1018.37	7379	1030	229	214	0	1018.37	94	113.715	0	17006.6	18213	0	1.88472e+06	321.858	364.055	0	24660	754.836	643.976	0.781453
24840	5.85653e+07	2008.3	8253	1709	230	219	0	2008.3	94	68.1611	0	17350.5	18214.6	0	1.20702e+06	274.605	298.226	0	24840	752.287	642.818	0.780048
25020	6.92843e+07	919.135	7406	395	238	212	0	919.135	94	113.767	0	16845.2	18861.8	0	3.39619e+06	335.448	303.069	0	25020	759.861	641.662	0.778645
25200	1.40075e+07	191.817	1522	190	238	212	0	191.817	93	111.559	0	16857.2	18802	0	1.07362e+06	314.897	241.476	0	25200	759.176	640.508	0.777245
25380	3.51091e+06	178.19	980	0	238	212	0	178.19	94	56	0	16748	18896.6	0	760170	365.869	300.119	0	25380	747.053	639.356	0.775847
25560	7.0167e+06	356.121	1467	0	238	212	0	356.121	94	56	0	16906	18960	0	876607	343.509	351.562	0	25560	773.009	638.207	0.774452
25740	8.08536e+06	63.0637	489	0	238	212	0	63.0637	93	171.466	0	16748	18960	0	872880	268.952	383.2	0	25740	765.226	637.059	0.773059
25920	735971	37.353	514	0	238	212	0	37.353	93	56	0	16906	18802	0	480095	290.443	266.097	0	25920	765.998	635.913	0.771669
26100	6.20608e+06	62.2149	806	0	238	212	0	62.2149	93	137.76	0	16748	18802	0	745199	281.107	294.965	0	26100	783	634.769	0.770281
26280	1.80861e+06	91.7925	809	129	238	212	0	91.7925	93	56.0001	0	16848.7	18814.9	0	472600	315.266	307.809	0	26280	776.894	633.628	0.768896
26460	566056	28.7282	362	0	238	212	0	28.7282	93	56.001	0	16748	18882.8	0	402417	243.131	365.782	0	26460	766.853	632.488	0.767513
26640	1.93049e+06	97.9787	703	340	238	212	0	97.9787	93	56	0	16815.4	18857.4	0	525531	329.217	261.103	0	26640	776.866	631.351	0.766133
26820	1.15196e-05	5.84657e-10	283	0	238	212	0	5.84657e-10	93	56	0	16906	18802	0	515218	345.323	276.422	0	26820	766.78	630.216	0.764755
27000	3.88252e+06	197.051	1294	0	238	212	0	197.051	93	56	0	16806.1	18806.9	0	899855	243.417	349.604	0	27000	767.276	629.082	0.763379
27180	4.22723e+06	214.545	1226	96	238	212	0	214.545	93	56.0001	0	16748	18929.1	0	598182	316.207	302.158	0	27180	791.949	627.951	0.762007
27360	6.64487e+06	337.249	1805	37	238	212	0	337.249	93	56	0	16759.8	18854.9	0	1.02593e+06	333.74	269.018	0	27360	781.749	626.822	0.760636
27540	4.90358e+07	786.054	5086	1154	236	213	0	786.054	94	101.646	0	16912.2	18712	0	2.15184e+06	312.619	290.335	0	27540	791.593	625.694	0.759268
27720	3.80112e+07	1685.81	5912	1793	237	218	0	1685.81	94	59.9093	0	17325.9	18804.4	0	2.12768e+06	306.923	295.188	0	27720	767.141	624.569	0.757903
27900	2.48617e+07	258.563	654	279	237	218	0	258.563	94	134.028	0	17222	18723	0	2.17836e+06	269.733	245.469	0	27900	781.597	623.446	0.75654
28080	9.29951e+07	1453.77	9522	1388	230	212	0	1453.77	94	103.123	0	16848.3	18216.9	0	3.27325e+06	332.424	305.063	0	28080	793.751	622.325	0.755179
28260	9.99586e+07	1499.55	9867	1275	230	218	0	1499.55	94	105.625	0	17293.7	18248.9	0	2.17594e+06	297.469	314.783	0	28260	780.963	621.205	0.753821
28440	9.40942e+07	1594.34	9905	1508	230	224	0	1594.34	94	98.5061	0	17780.7	18283.9	0	3.96512e+06	308.517	349.624	0	28440	771.787	620.088	0.752466
28620	1.80042e+08	1341.17	10077	1291	235	220	0	1341.17	93.0003	180	0	17475.5	18616.9	0	4.91361e+06	325.919	298.695	0	28620	757.732	618.973	0.751112
28800	1.22938e+08	1096.5	8327	904	232	224	0	1096.5	93.0001	151.343	0	17760	18430.4	0	3.65347e+06	302.312	329.833	0	28800	756.66	617.86	0.749762
