MS2-QUANT	v0j
Region DEFINITION, 05-Apr-2021
COMMENT	Outline definition performed in MS2-QUANT (Main program)
FILE	MAX_20201217_RI516_C12MS2128TkTat_001_visit_21.tif
PATH	/Volumes/EBL/20201217/
PARAMETERS
Pix-XY	Pix-Z	RI	Ex	Em	NA	dT	Type
79	600	1.458	488	521	1.4	180	widefield
ANALYSIS-SETTINGS	
IMAGING-BACKGROUND	150
LIMIT-FIT-SIGMA-XY-MIN	-49
LIMIT-FIT-SIGMA-XY-MAX	103
LIMIT-FIT-SIGMA-Z-MIN	0
LIMIT-FIT-SIGMA-Z-MAX	0
LIMIT-FIT-BGD-MIN	37
LIMIT-FIT-BGD-MAX	38
DETECTION-THRESHOLD	500
REGION	TxSite
X_POS	136	136	136	136	136	136	135	135	134	133	133	132	131	131	131	130	129	129	128	128	127	126	125	125	125	124	123	123	122	121	121	120	119	119	118	117	117	117	116	115	115	115	114	113	113	113	112	112	112	111	111	111	111	111	111	111	110	110	109	109	109	109	108	108	108	107	107	107	106	105	105	105	105	104	103	103	102	101	101	100	100	99	98	97	96	95	95	95	94	93	92	91	91	90	89	88	87	86	85	84	83	82	81	81	80	79	78	77	76	76	75	74	73	72	71	70	69	68	67	66	65	64	63	62	61	59	58	57	56	55	54	53	52	51	50	49	48	48	47	47	46	45	45	45	44	44	43	43	43	42	42	42	42	42	42	42	42	42	42	43	43	43	43	43	43	43	43	43	43	43	43	43	43	43	43	43	43	43	43	43	44	44	44	45	45	45	45	45	46	46	47	47	48	48	49	49	50	51	51	52	53	53	54	54	55	56	57	57	58	59	60	61	62	63	65	66	67	68	68	69	70	71	72	73	74	75	76	77	78	79	79	80	81	82	83	84	84	85	85	86	87	87	88	88	89	90	90	91	91	92	93	93	93	94	95	97	97	98	99	100	101	103	104	105	106	107	108	109	109	110	111	112	113	114	115	115	116	117	118	119	119	121	122	123	123	124	125	126	127	128	129	129	131	133	134	135	136	136	137	137	137	137	138	138	138	138	139	END
Y_POS	389	390	391	392	393	394	394	395	395	396	397	397	397	398	399	399	399	400	400	401	401	401	401	402	403	403	403	404	404	404	405	405	406	407	407	407	408	409	409	409	410	411	411	412	413	414	414	415	416	417	418	419	420	421	422	423	423	424	424	425	426	427	427	428	429	429	430	431	431	431	432	433	434	434	435	436	437	437	438	438	439	439	440	441	441	441	442	443	443	443	444	444	445	445	445	445	446	446	446	447	447	447	447	448	449	449	449	449	449	450	450	450	451	451	451	451	451	451	451	451	451	451	452	452	452	452	452	452	452	452	452	452	452	452	452	452	452	451	451	450	450	450	449	448	448	447	447	446	445	444	443	442	441	440	439	438	437	436	435	435	434	433	432	431	430	429	428	427	426	425	424	423	422	421	420	419	418	417	416	415	415	414	413	413	412	411	410	409	409	408	408	407	407	406	406	405	405	404	403	403	403	402	402	401	401	400	400	399	399	398	398	397	397	397	397	396	396	396	395	395	395	395	395	395	395	395	395	395	394	394	393	393	393	393	393	393	392	392	391	391	391	390	390	389	389	389	388	388	387	387	387	386	385	385	385	385	384	384	383	383	383	383	383	382	382	382	382	382	381	381	381	381	381	381	381	380	380	380	380	380	379	379	379	379	378	378	378	378	378	378	378	379	379	379	380	380	380	381	381	382	383	384	384	385	386	387	387	END
QUANTIFICATION
Time[s]	Q_Integrate	Q_AMP	Q_Sum_pix	Q_MIP_int	Pix_Y	Pix_X	Pix_Z	AMP	BGD	SigmaXY	SigmaZ	MuY	MuX	MuZ	RES	Cent_Y	Cent_X	Cent_Z	OPB_time	OPB_INT	OPB_FIT	OPB_FIT_norm
0	362129	353.2	271	0	430	68	0	353.2	38	12.7741	0	5372	34090.7	0	184350	267.187	337.191	0	0	811.694	1010.03	1
180	1.34115e+06	394	404	0	430	68	0	394	37	23.2756	0	5530	34093.9	0	93678.7	361.88	363.78	0	180	820.057	1008.21	0.998202
360	501008	352.883	258	4	430	68	0	352.883	37	15.032	0	5530	34052.6	0	101089	368.122	284.218	0	360	820.925	1006.4	0.996406
540	853443	841.853	238	64	430	68	0	841.853	37	12.7022	0	5372	33970	0	355842	300.767	332.079	0	540	779.236	1004.59	0.994615
720	2.17499e+06	468	661	116	430	68	0	468	37	27.1967	0	5429.97	33988.7	0	136915	326.185	310.727	0	720	743.947	1002.78	0.992826
900	778676	331.931	281	166	430	68	0	331.931	37	19.3225	0	5450.98	34048.8	0	82944.3	291.108	322.154	0	900	678.098	1000.98	0.99104
1080	3.31467e+06	858	886	0	430	68	0	858	37	24.7963	0	5530	34067.4	0	132432	354.165	306.352	0	1080	716.946	999.179	0.989258
1260	522560	440.61	361	113	430	68	0	440.61	38	13.7389	0	5473.69	34049.5	0	197585	344.36	274.567	0	1260	758.944	997.382	0.987479
1440	2.20755e-06	18.3812	25	0	430	68	0	18.3812	37	0.000138254	0	5529.61	33970.2	0	196401	359.763	315.432	0	1440	797.988	995.588	0.985703
1620	780454	358	374	0	430	68	0	358	37	18.627	0	5372	34128	0	103366	273.677	334.953	0	1620	774.976	993.798	0.983931
1800	1.21213e+06	396	298	0	430	68	0	396	37	22.0718	0	5517.25	34128	0	90379.1	327.702	341.686	0	1800	769.928	992.01	0.982161
1980	62166.1	109.087	48	0	430	68	0	109.087	37.9997	-9.52358	0	5372.98	33970	0	301088	307.245	237.863	0	1980	764.858	990.226	0.980395
2160	1.23568e+06	518	544	0	430	68	0	518	37.006	19.4849	0	5496.31	33970	0	136086	295.376	295.808	0	2160	738.612	988.446	0.978632
2340	4.42398e+06	110.578	795	2	430	68	0	110.578	37	80.0418	0	5372	34128	0	242606	321.796	346.79	0	2340	733.708	986.668	0.976872
2520	79605.6	98.2	128	18	430	68	0	98.2	37	11.3586	0	5377.24	34049.4	0	100965	290.015	340.941	0	2520	737.471	984.894	0.975115
2700	2.15922e+06	152.767	220	9	430	68	0	152.767	37.9995	47.4291	0	5530	34049	0	321865	359.013	309.958	0	2700	749.104	983.122	0.973361
2880	3.50973e+06	57.9331	290	0	430	68	0	57.9331	37	99.9683	0	5424.48	34128	0	246948	314.198	365.499	0	2880	754.251	981.354	0.971611
3060	4.58189e+06	71.7751	608	0	430	68	0	71.7751	38	103	0	5492.83	34128	0	254330	353.955	331.842	0	3060	717.415	979.589	0.969863
3240	355286	451.155	280	27	430	68	0	451.155	38	11.1953	0	5414.75	34128	0	207234	306.768	318.376	0	3240	716.069	977.828	0.968119
3420	1.67574e+06	539.999	552	184	430	68	0	539.999	38	22.2237	0	5420.85	34069.1	0	275081	339.57	316.849	0	3420	733.302	976.069	0.966378
3600	1.68667e+06	511.996	440	0	430	68	0	511.996	37	22.8977	0	5430.03	34127.3	0	203015	289.987	363.864	0	3600	733.664	974.314	0.96464
3780	2.83879e+06	779.622	765	161	430	68	0	779.622	38	24.0732	0	5414.17	34088.3	0	266973	358.292	343.176	0	3780	734.951	972.562	0.962906
3960	1.26772e+06	594	419	60	430	68	0	594	37	18.4301	0	5507.83	34034.3	0	149598	359.422	216.085	0	3960	714.5	970.813	0.961174
4140	2.02051e+06	369.065	519	122	430	68	0	369.065	38	29.5181	0	5450.33	34128	0	253483	335.604	288.17	0	4140	723.972	969.067	0.959445
4320	1.85378e+06	59.2372	344	87	430	68	0	59.2372	37.9999	70.6295	0	5530	34058.3	0	166480	332.146	336.963	0	4320	713.017	967.324	0.95772
4500	391440	385.737	187	4	430	68	0	385.737	38	12.7086	0	5373.01	34049.5	0	240102	308.742	316.116	0	4500	738.059	965.584	0.955997
4680	3.43724e+06	642	949	321	430	68	0	642	38	29.1909	0	5470.55	34026.4	0	126020	337.279	329.974	0	4680	730.289	963.848	0.954278
4860	1.73615e-07	105.488	74	0	430	68	0	105.488	38	-1.61846e-05	0	5393.28	33990.2	0	342895	308.134	269.808	0	4860	674.766	962.115	0.952562
5040	1.40742e+06	366.296	702	0	430	68	0	366.296	37	24.7289	0	5530	34128	0	115415	330.458	347.687	0	5040	638.886	960.384	0.950849
5220	1.47689e+06	562	335	20	430	68	0	562	37	20.4511	0	5528.66	34047.4	0	219265	349.375	316.039	0	5220	672.806	958.657	0.949139
5400	2.36918e+06	37.1131	304	47	430	68	0	37.1131	37	103	0	5372	34128	0	158933	274.139	337.664	0	5400	676.156	956.933	0.947432
5580	1.6122e+06	356.921	401	0	430	68	0	356.921	37.0001	26.8123	0	5529.42	34128	0	139046	320.548	324.523	0	5580	734.458	955.212	0.945728
5760	546807	593.81	217	91	430	68	0	593.81	38	12.1061	0	5372	34128	0	309548	262.197	304.089	0	5760	744.729	953.494	0.944027
5940	1.62536e+06	438.469	372	0	430	68	0	438.469	37	24.2894	0	5530	33970	0	115247	305.611	252.007	0	5940	795.069	951.78	0.94233
6120	360779	440.802	178	21	430	68	0	440.802	38	-11.4132	0	5449.93	33972.4	0	413998	345.839	284.424	0	6120	780.076	950.068	0.940635
6300	1.02672e+06	397.908	338	68	430	68	0	397.908	37	20.2649	0	5451.87	34107.8	0	106790	281.071	419.572	0	6300	792.65	948.359	0.938943
6480	1.45128e+06	443.999	381	139	430	68	0	443.999	37	22.8084	0	5436.88	34090.8	0	146696	304.931	360.405	0	6480	759.362	946.654	0.937255
6660	1.91537e+06	128.721	378	18	430	68	0	128.721	37	48.6645	0	5530	33970	0	150149	322.515	336.189	0	6660	746.132	944.951	0.935569
6840	0.0202155	50.0686	26	0	430	68	0	50.0686	37.0002	0.00801623	0	5516.41	34101.9	0	233487	332.116	420.823	0	6840	788.662	943.252	0.933887
7020	437684	421.948	206	78	430	68	0	421.948	37	12.8488	0	5372	34128	0	104130	328.728	366.429	0	7020	771.099	941.556	0.932207
7200	1.18445e+06	515.242	470	171	430	68	0	515.242	38	19.1277	0	5452.01	34078.6	0	226974	357.983	341.318	0	7200	790.816	939.862	0.930531
7380	588522	471.669	372	45	430	68	0	471.669	38	14.092	0	5391.24	34057.9	0	153893	309.42	301.175	0	7380	811.084	938.172	0.928857
7560	1.22447e+06	475.924	347	52	430	68	0	475.924	37	20.2356	0	5521.18	34049.1	0	158809	371.25	335	0	7560	830.929	936.485	0.927187
7740	1.4349e+06	539.985	436	113	430	68	0	539.985	37.1039	20.565	0	5402.64	34041.9	0	204396	356.773	266.779	0	7740	851.502	934.801	0.92552
7920	1.62597e-08	48.1331	84	46	430	68	0	48.1331	38	-7.33236e-06	0	5392.62	34095.9	0	197734	291.484	330.107	0	7920	815.696	933.12	0.923855
8100	1.41744e+06	410	609	0	430	68	0	410	37	23.4569	0	5530	33993.6	0	127400	340.829	343.447	0	8100	832.188	931.442	0.922194
8280	16764.7	0.563168	122	0	430	68	0	0.563168	37	68.8717	0	5432.6	34128	0	109866	301.968	364.541	0	8280	819.444	929.767	0.920535
8460	2.38758e+06	45.3106	90	0	430	68	0	45.3106	37	92.5436	0	5530	33970	0	210666	357.057	267.003	0	8460	817.763	928.095	0.91888
8640	1.8115e+06	206.674	671	0	430	68	0	206.674	37	37.3497	0	5372	34097.1	0	117500	337.355	345.669	0	8640	833.998	926.425	0.917227
8820	812522	547.145	184	168	430	68	0	547.145	37	15.3736	0	5450.61	34050.5	0	165861	355.45	314.903	0	8820	848.728	924.759	0.915578
9000	945582	708.387	255	124	430	68	0	708.387	38	14.5755	0	5450.43	34011.8	0	485158	277.914	342.631	0	9000	876.554	923.096	0.913931
9180	2.26597e+06	161.845	453	16	430	68	0	161.845	38	47.205	0	5372	34128	0	352544	337.377	305.959	0	9180	882.438	921.436	0.912288
9360	424330	459.68	355	0	430	68	0	459.68	37	-12.1209	0	5378.9	34128	0	123576	309.634	344.49	0	9360	893.35	919.779	0.910647
9540	566098	515.299	409	7	430	68	0	515.299	37.9084	13.2229	0	5449.46	33970.6	0	224153	301.839	294.008	0	9540	888.698	918.125	0.909009
9720	1.75554e+06	541.999	489	89	430	68	0	541.999	37	22.7047	0	5440.27	33989.2	0	150060	301.283	347.555	0	9720	910.904	916.474	0.907375
9900	1.54362e+06	481.985	327	165	430	68	0	481.985	37	22.5769	0	5490.13	34049	0	172345	293.973	333.493	0	9900	901.824	914.826	0.905743
10080	1.75126e+06	61.621	286	17	430	68	0	61.621	37	67.2832	0	5372	34128	0	263639	272.417	336.463	0	10080	891.28	913.181	0.904114
10260	2.7102e+06	42.4552	238	0	430	68	0	42.4552	38	103	0	5372	34128	0	595364	264.985	393.111	0	10260	889.076	911.538	0.902488
10440	2.14136e+06	328	612	179	430	68	0	328	38	32.2343	0	5482.28	34035.8	0	219797	296.931	365.886	0	10440	866.646	909.899	0.900865
10620	4.62073	0.228236	27	0	430	68	0	0.228236	37	1.79504	0	5451.58	33970	0	206744	237	239.044	0	10620	855.653	908.263	0.899245
10800	3.06757e+06	48.0533	406	39	430	68	0	48.0533	37	103	0	5530	34128	0	209536	366.689	375.972	0	10800	850.89	906.629	0.897628
10980	966074	467.993	239	0	430	68	0	467.993	37	18.1257	0	5372	34127.8	0	179079	341.043	258.913	0	10980	833.97	904.999	0.896013
11160	2.00177e+06	31.3577	202	15	430	68	0	31.3577	37	103	0	5372	33970	0	218530	258.271	270.225	0	11160	792.286	903.371	0.894402
11340	482830	443.994	182	0	430	68	0	443.994	37	13.1558	0	5460.12	33970	0	104100	335.369	408.989	0	11340	822.642	901.747	0.892793
11520	0.0086928	47.2209	151	0	430	68	0	47.2209	37.9999	-0.00541281	0	5380.17	33971.4	0	164785	288.637	321.187	0	11520	839.477	900.125	0.891188
11700	1.69814e+06	815.884	367	200	430	68	0	815.884	38	18.2005	0	5450.28	34013.9	0	341055	299.591	332.546	0	11700	862.86	898.506	0.889585
11880	1.97765e+06	520	382	0	430	68	0	520	37	24.6027	0	5408.39	33970	0	154563	303.633	260.92	0	11880	878.435	896.89	0.887985
12060	1.74423e+06	630	590	0	430	68	0	630	38	20.9914	0	5372	34128	0	269511	282.255	363.134	0	12060	884.697	895.277	0.886388
12240	1.9193	73.4204	118	49	430	68	0	73.4204	37.9961	0.0645019	0	5525.88	34047.6	0	189305	297.737	354.398	0	12240	910.604	893.667	0.884794
12420	155797	253.06	168	0	430	68	0	253.06	38	9.89867	0	5445.42	34124.9	0	280407	307.324	353.194	0	12420	890.869	892.06	0.883203
12600	1.4118e+06	734.961	573	206	430	68	0	734.961	38	17.485	0	5478.98	34048.1	0	218478	236.473	319.831	0	12600	885.363	890.456	0.881615
12780	5.21408e+06	101.736	519	37	430	68	0	101.736	37	91.1663	0	5372	34022.2	0	270269	256.204	322.993	0	12780	911.029	888.855	0.880029
12960	857778	517.995	328	122	430	68	0	517.995	37	16.2343	0	5454.2	34014.3	0	105656	429.537	379.295	0	12960	908.273	887.256	0.878447
13140	79334.8	117.112	225	0	430	68	0	117.112	37	-10.3834	0	5526.78	34050	0	182980	393.165	284.641	0	13140	908.922	885.66	0.876867
13320	2.66473e+06	583.973	632	0	430	68	0	583.973	37.0004	26.9488	0	5526.87	34079.2	0	133321	381.336	365.499	0	13320	906.225	884.068	0.87529
13500	5.1994e+06	119.788	444	0	430	68	0	119.788	37	83.4933	0	5530	33970	0	481446	382.211	321.836	0	13500	894.437	882.478	0.873716
13680	7.45172e+06	131.296	558	0	430	68	0	131.296	38	96.3847	0	5372	33985.2	0	418473	304.506	277.4	0	13680	896.859	880.891	0.872145
13860	624230	455.956	173	0	430	68	0	455.956	38	14.7612	0	5530	34043.2	0	198720	309.977	301.97	0	13860	899.073	879.307	0.870576
14040	9.12285e+06	142.909	1129	237	430	68	0	142.909	38	103	0	5447.53	33984.3	0	390892	308.711	287.756	0	14040	904.251	877.725	0.869011
14220	868927	699.888	394	178	430	68	0	699.888	38	14.0568	0	5450.96	34049	0	243354	341.311	333.407	0	14220	892.912	876.147	0.867448
14400	1.34934e+06	68.0772	219	0	430	68	0	68.0772	38	56.1669	0	5530	34070.9	0	398350	392.919	309.199	0	14400	887.144	874.571	0.865888
14580	1.69298e+06	590	465	0	430	68	0	590	38	21.3703	0	5438.41	33970.8	0	234682	407.233	287.655	0	14580	895.503	872.998	0.864331
14760	1.92705	5.49658	96	0	430	68	0	5.49658	37	0.236216	0	5374.32	33970	0	188740	317.278	238.734	0	14760	894.285	871.428	0.862776
14940	6318.92	220.941	274	39	430	68	0	220.941	38	2.1335	0	5448.25	34026.3	0	742871	418.546	264.102	0	14940	895.991	869.861	0.861225
15120	1.02139e+06	33.7878	223	0	430	68	0	33.7878	37	69.4071	0	5530	34049.8	0	184596	378.59	293.121	0	15120	870.237	868.297	0.859676
15300	3.70699e+07	1047.83	4742	728	430	68	0	1047.83	38	75.1583	0	5441.67	34055.5	0	998476	293.282	335.597	0	15300	903.276	866.735	0.85813
15480	9.1592e+06	143.478	1149	0	430	68	0	143.478	38	103	0	5391.11	34128	0	509242	265.22	345.665	0	15480	909.773	865.177	0.856586
15660	5.05333e+07	932.81	4989	1239	429	66	0	932.81	37	93.9485	0	5263.02	33988.3	0	1.07684e+06	279.625	347.134	0	15660	889.013	863.621	0.855046
15840	1.06939e+06	455.111	364	0	429	66	0	455.111	37	19.3384	0	5293.73	33891	0	169969	325.544	340.097	0	15840	874.437	862.067	0.853508
16020	3.33433e+06	563.49	854	0	429	66	0	563.49	38	30.6882	0	5214	33891	0	262177	293.666	355.427	0	16020	903.033	860.517	0.851973
16200	1.24623	30.5854	17	0	429	66	0	30.5854	38	0.080529	0	5355.34	33965	0	428669	414.873	329.728	0	16200	893.159	858.97	0.850441
16380	3.04646e+07	3088	5578	1544	437	69	0	3088	38	39.625	0	5567.83	34621.3	0	1.38939e+06	306.529	289.566	0	16380	928.094	857.425	0.848912
16560	1.01569e+08	1591.07	9564	1711	442	64	0	1591.07	38	103	0	5109.76	34999.4	0	3.32103e+06	296.04	316.13	0	16560	881.925	855.883	0.847385
16740	2.77986e+06	441.434	574	0	442	64	0	441.434	38	31.6584	0	5214	34968.8	0	487474	341.63	281.681	0	16740	883.408	854.344	0.845861
16920	6.03959e+07	946.099	5785	467	436	63	0	946.099	38	103	0	5064.54	34485.3	0	1.60216e+06	327.803	287.39	0	16920	899.428	852.807	0.84434
17100	5.49168e+07	860.269	5167	687	431	69	0	860.269	38	103	0	5521.39	34146.2	0	1.10025e+06	303.511	329.915	0	17100	912.794	851.274	0.842822
17280	4.40282e+07	1755.45	6211	1770	430	68	0	1755.45	38	63.1914	0	5460.6	34070.3	0	1.14184e+06	343.603	339.613	0	17280	897.745	849.743	0.841306
17460	1.0577e+06	615.451	476	0	430	68	0	615.451	38	16.5384	0	5372.89	34125.6	0	200671	244.611	368.792	0	17460	916.232	848.215	0.839793
17640	2.5981e+06	836	423	0	430	68	0	836	38	-22.24	0	5530	33970	0	322033	320.236	334.716	0	17640	921.264	846.689	0.838283
17820	2.6253e+06	132.1	415	0	430	68	0	132.1	37	56.2417	0	5372	34058.7	0	230813	263.405	342.691	0	17820	900.655	845.166	0.836775
18000	3.32951e+06	864	1268	0	430	68	0	864	38	24.7653	0	5530	34028.9	0	226405	316	316.209	0	18000	902.958	843.647	0.83527
18180	8.88187e+06	139.134	812	123	430	68	0	139.134	38	103	0	5372	33970	0	778927	289.849	249.861	0	18180	927.965	842.129	0.833768
18360	660012	343.102	320	0	430	68	0	343.102	38	17.4974	0	5530	34048.5	0	329023	329.568	342.378	0	18360	932.332	840.615	0.832269
18540	555659	551.932	220	0	430	68	0	551.932	37	-12.6582	0	5530	33970	0	169754	261.963	267.175	0	18540	888.186	839.103	0.830772
18720	110600	147.166	119	0	430	68	0	147.166	38	-10.9366	0	5449.34	34126	0	282524	281.741	306.291	0	18720	910.886	837.594	0.829278
18900	835009	504.291	296	52	430	68	0	504.291	38	16.2336	0	5512.51	34049.2	0	235958	314.664	319.852	0	18900	872.505	836.088	0.827787
19080	3.75112e+06	62.5358	66	0	430	68	0	62.5358	38	99.4092	0	5427.63	33970	0	635173	313.814	308.169	0	19080	921.038	834.584	0.826298
19260	1.00174e+06	826.166	342	0	430	68	0	826.166	38	13.8917	0	5372.18	34049.2	0	438092	329.167	312.23	0	19260	885.136	833.083	0.824812
19440	2.46814e+06	704	573	0	430	68	0	704	38	23.6216	0	5421.35	34128	0	342990	303.598	292.753	0	19440	885.217	831.585	0.823329
19620	1.67152e+06	766	667	0	430	68	0	766	38	18.6359	0	5502.65	33970	0	355217	352.236	402.41	0	19620	898.814	830.09	0.821848
19800	4.27537e+07	1326.59	5302	1363	422	56	0	1326.59	38	71.6869	0	4511.81	33383.6	0	1.12905e+06	334.84	287.801	0	19800	881.733	828.597	0.82037
19980	1.31876e+06	997.34	380	0	422	56	0	997.34	38	14.5068	0	4424.08	33415.9	0	574717	327.028	222.367	0	19980	921.689	827.107	0.818895
20160	1.30167e+06	814	316	11	422	56	0	814	38	15.9532	0	4582	33496	0	704618	325.852	309.579	0	20160	904.634	825.619	0.817422
20340	1.54292e+07	241.698	772	316	422	56	0	241.698	38	103	0	4582	33338	0	1.90016e+06	413.414	249.943	0	20340	927.36	824.134	0.815952
20520	1.30118e+06	75.9691	280	91	422	56	0	75.9691	37	52.2111	0	4576.57	33496	0	320604	302.032	376.6	0	20520	917.137	822.652	0.814484
20700	6.73901e+06	105.566	741	0	422	56	0	105.566	38	103	0	4582	33338	0	567243	362.543	299.057	0	20700	920.376	821.173	0.81302
20880	1.26536e+07	198.219	854	0	422	56	0	198.219	38	103	0	4582	33338	0	1.07662e+06	435.71	272.752	0	20880	931.45	819.696	0.811558
21060	910760	322	219	0	422	56	0	322	37	21.217	0	4488.2	33338	0	74249.3	264.44	253.405	0	21060	943.671	818.222	0.810098
21240	704288	907.291	525	0	422	56	0	907.291	38	11.1151	0	4426.19	33416.1	0	914843	427.745	336.91	0	21240	951.541	816.75	0.808641
21420	37435.9	152.048	122	0	422	56	0	152.048	38	6.25984	0	4568.96	33496	0	351649	325.89	381.21	0	21420	957.254	815.282	0.807187
21600	2.35691e+06	531.998	460	207	422	56	0	531.998	37.8042	26.5538	0	4502.97	33460.5	0	236021	339.133	283.869	0	21600	980.003	813.815	0.805735
21780	44.213	28.1238	209	66	422	56	0	28.1238	37	0.500205	0	4540.95	33338	0	155050	344.417	239.968	0	21780	990.894	812.352	0.804286
21960	1.05801e+06	513.762	578	0	422	56	0	513.762	37	-18.104	0	4503.01	33338	0	244137	263.016	290.374	0	21960	1008.15	810.891	0.80284
22140	216950	267.04	111	72	422	56	0	267.04	37	11.3711	0	4503.14	33417.1	0	262775	312.85	354.434	0	22140	966.798	809.433	0.801396
22320	2.27809e+08	3568.62	20592	2646	419	69	0	3568.62	38	103	0	5511.28	33144.8	0	4.14012e+06	297.917	291.484	0	22320	948.498	807.977	0.799955
22500	1.97963e+08	3101.09	16630	2132	419	73	0	3101.09	38	103	0	5809.79	33168.9	0	6.97053e+06	281.5	296.736	0	22500	974.038	806.524	0.798516
22680	7.43426e+07	1164.57	6563	1076	418	72	0	1164.57	38	103	0	5748.77	33098.6	0	3.58208e+06	311.82	294.779	0	22680	944.126	805.073	0.79708
22860	7.84477e+06	122.888	381	124	418	72	0	122.888	38	103	0	5846	33180	0	548551	370.199	375.013	0	22860	923.264	803.626	0.795647
23040	1.05915e+07	781.199	2071	361	418	72	0	781.199	38	46.4524	0	5709.74	33088.3	0	419126	323.916	313.504	0	23040	961.946	802.18	0.794216
23220	4.55977	20.8087	119	0	418	72	0	20.8087	37	-0.186749	0	5688.06	33180	0	131372	253.042	368.727	0	23220	936.899	800.738	0.792788
23400	3.28273e+08	5142.39	29685	3593	415	82	0	5142.39	38	103	0	6554.62	32831.7	0	1.13254e+07	324.883	295.471	0	23400	939.766	799.298	0.791362
23580	4.52526e+08	7088.8	35936	4652	406	85	0	7088.8	38	103	0	6827.56	32191.8	0	7.17071e+07	345.443	346.575	0	23580	961.93	797.86	0.789939
23760	2.92429e+08	4580.89	23056	3814	407	83	0	4580.89	38	103	0	6621.29	32194.6	0	3.56948e+07	318.97	273.692	0	23760	944.365	796.425	0.788518
23940	8.57069e+07	1342.6	7300	1190	406	82	0	1342.6	38	103	0	6545.77	32118.4	0	2.32198e+06	326.653	285.477	0	23940	949.45	794.993	0.7871
24120	1.55645e+06	598	280	0	406	82	0	598	37	20.3529	0	6478	32074.4	0	204967	266.099	277.682	0	24120	975.606	793.564	0.785684
24300	1.2114e+06	160.053	271	0	406	82	0	160.053	38	34.7074	0	6636	32133.9	0	391191	357.432	309.452	0	24300	973.117	792.136	0.784272
24480	1.90806e+06	1099.98	818	28	406	82	0	1099.98	38	16.6155	0	6478	32074	0	531377	346.397	326.831	0	24480	974.868	790.712	0.782861
24660	8.2234e+06	288.917	697	0	406	82	0	288.917	38	67.3343	0	6636	32130.6	0	699611	311.235	289.709	0	24660	989.089	789.29	0.781453
24840	3.43347e+06	478.074	745	4	406	82	0	478.074	38	33.8088	0	6600.03	32074	0	311514	365.516	311.249	0	24840	1011.06	787.87	0.780048
25020	161966	331.394	304	0	406	82	0	331.394	38	-8.81962	0	6634.95	32230.6	0	740905	444.266	342.05	0	25020	1025.98	786.453	0.778645
25200	6.40054e+07	1150.85	6110	1274	406	81	0	1150.85	37	95.3119	0	6520.53	32179.1	0	1.70888e+06	364.702	342.906	0	25200	1055.27	785.039	0.777245
25380	4.77439e+07	822.578	4906	854	409	82	0	822.578	38	97.5924	0	6525.22	32404.5	0	1.06634e+06	295.887	326.675	0	25380	1055.83	783.627	0.775847
25560	660578	915.798	243	0	409	82	0	915.798	38	10.7145	0	6556.84	32464.1	0	1.11469e+06	221.909	208.422	0	25560	1052.83	782.218	0.774452
25740	1.17294e+07	183.74	1145	0	409	82	0	183.74	38	103	0	6511.51	32311	0	842152	298.935	244.433	0	25740	1085.12	780.811	0.773059
25920	7.06745e+06	110.711	508	0	409	82	0	110.711	38	103	0	6636	32311	0	452822	331.985	263.627	0	25920	1061.19	779.407	0.771669
26100	1.5143e+07	237.214	809	0	409	82	0	237.214	38	103	0	6590.38	32311	0	1.2092e+06	317.493	288.124	0	26100	1093.4	778.005	0.770281
26280	2.81672e+08	4412.38	24801	3680	409	83	0	4412.38	38	103	0	6636.78	32417.2	0	7.65263e+06	308.836	337.327	0	26280	1084.04	776.606	0.768896
26460	1.54104e+08	2414.04	14666	1691	409	85	0	2414.04	38	103	0	6807.17	32388.3	0	3.97311e+06	329.44	309.195	0	26460	1107.43	775.21	0.767513
26640	3.54605e+08	5554.87	30592	3967	414	82	0	5554.87	38	103	0	6525.89	32789.2	0	2.00893e+07	302.822	308.438	0	26640	1069.02	773.816	0.766133
26820	1.76131e+08	2759.09	14586	2384	412	84	0	2759.09	38	103	0	6673.33	32639.4	0	6.83752e+06	266.863	328.04	0	26820	1122.06	772.424	0.764755
27000	3.59919e+08	5638.11	29876	4209	412	89	0	5638.11	38	103	0	7134.39	32651.4	0	3.36125e+07	316.332	321.092	0	27000	1127.05	771.035	0.763379
27180	4.82936e+08	7565.18	40204	5230	409	87	0	7565.18	38	103	0	6963.02	32394.9	0	6.99035e+07	323.601	328.174	0	27180	1162.58	769.648	0.762007
27360	2.28619e+08	3581.31	19753	2514	407	85	0	3581.31	38	103	0	6799.6	32251.8	0	1.16505e+07	306.475	329.554	0	27360	1130.05	768.264	0.760636
27540	1.19508e+08	2023.37	11687	1903	401	85	0	2023.37	38	98.5496	0	6812	31760.2	0	3.12756e+06	325.532	326.359	0	27540	1137.88	766.882	0.759268
27720	1.58418e+08	2481.62	14911	2287	400	85	0	2481.62	38	103	0	6804.34	31668.3	0	3.82314e+06	328.438	302.049	0	27720	1137.08	765.503	0.757903
27900	1.93469e+08	3030.69	17912	2654	400	86	0	3030.69	38	103	0	6875.17	31671.1	0	3.60112e+06	322.039	316.286	0	27900	1168.92	764.127	0.75654
28080	1.83146e+08	2868.98	16902	2520	402	84	0	2868.98	38	103	0	6722.94	31833.1	0	3.55349e+06	335.906	319.421	0	28080	1208.69	762.752	0.755179
28260	1.12144e+08	1756.73	9621	1906	400	88	0	1756.73	38	103	0	7062.2	31717.7	0	2.29705e+06	356.795	353.136	0	28260	1203.33	761.381	0.753821
28440	1.11489e+08	2077.55	11556	1808	400	89	0	2077.55	38	93.4657	0	7128.2	31699.6	0	3.09125e+06	334.89	324.441	0	28440	1179.1	760.012	0.752466
28620	1.25578e+08	2018.16	11735	1700	398	90	0	2018.16	38	101.499	0	7220.04	31547.4	0	3.75021e+06	330.135	339.066	0	28620	1223.5	758.645	0.751112
28800	1.24115e+08	1944.25	10926	1682	406	88	0	1944.25	38	103	0	7061.07	32126.1	0	3.62479e+06	343.141	294.351	0	28800	1221.73	757.28	0.749762
