MS2-QUANT	v0j
Region DEFINITION, 05-Apr-2021
COMMENT	Outline definition performed in MS2-QUANT (Main program)
FILE	MAX_20201217_RI516_C12MS2128TkTat_001_visit_5.tif
PATH	/Volumes/EBL/20201217/
PARAMETERS
Pix-XY	Pix-Z	RI	Ex	Em	NA	dT	Type
79	600	1.458	488	521	1.4	180	widefield
ANALYSIS-SETTINGS	
IMAGING-BACKGROUND	150
LIMIT-FIT-SIGMA-XY-MIN	-39
LIMIT-FIT-SIGMA-XY-MAX	101
LIMIT-FIT-SIGMA-Z-MIN	0
LIMIT-FIT-SIGMA-Z-MAX	0
LIMIT-FIT-BGD-MIN	53
LIMIT-FIT-BGD-MAX	54
DETECTION-THRESHOLD	500
REGION	TxSite
X_POS	364	364	364	363	363	362	362	362	361	361	360	360	359	359	358	358	357	357	356	356	355	354	354	353	353	352	351	351	350	350	350	349	349	348	348	348	347	346	346	345	345	344	344	343	342	341	341	340	340	339	339	338	338	338	337	337	337	337	336	336	336	336	335	335	335	335	334	334	334	334	334	333	333	333	333	332	332	332	331	331	331	330	330	330	330	329	329	329	328	328	327	327	326	326	325	325	325	324	324	323	323	322	322	321	321	320	320	319	319	318	318	317	317	316	316	315	315	314	314	314	313	313	312	312	312	311	311	310	310	309	309	309	308	308	307	307	307	306	305	305	304	304	304	303	303	302	302	302	301	301	300	300	299	299	299	299	298	298	297	297	297	296	296	295	295	294	294	294	293	293	292	292	291	291	290	290	289	289	288	288	287	287	287	286	286	285	285	285	284	284	284	284	283	283	283	283	282	282	282	281	281	281	280	280	280	280	280	279	279	279	279	279	279	279	279	279	279	279	279	279	279	279	280	280	280	280	280	281	281	281	281	281	282	282	282	282	282	283	283	283	284	284	284	284	285	285	285	285	286	286	286	287	287	287	287	288	288	288	289	289	289	289	290	290	291	291	291	291	291	292	292	292	293	293	293	293	294	294	294	295	295	295	295	295	296	296	296	297	297	298	299	299	299	300	300	300	300	301	301	301	302	302	302	303	303	304	304	305	305	305	306	306	307	307	308	308	308	309	309	309	310	310	311	311	312	312	312	313	313	313	314	314	314	315	315	315	316	316	317	317	317	318	318	319	319	320	320	320	321	321	321	322	322	322	322	323	323	323	323	324	324	325	325	325	326	326	327	327	327	328	328	329	329	330	330	331	331	331	332	332	332	333	333	333	334	334	335	335	335	336	336	336	337	337	338	338	338	339	339	340	340	340	341	341	342	342	342	343	343	344	344	344	345	345	345	345	346	346	346	346	347	347	347	348	348	348	348	348	349	349	349	349	349	350	350	350	350	350	350	350	351	351	351	351	351	351	352	352	352	352	352	352	353	353	353	353	353	353	353	353	353	354	354	354	355	355	355	356	356	357	357	357	358	358	359	359	360	360	361	361	362	362	363	363	364	364	365	365	366	366	367	367	368	368	369	369	369	370	370	371	371	372	372	372	373	373	373	374	374	374	375	375	375	375	375	376	376	376	376	376	376	376	376	377	377	377	377	377	377	377	377	377	377	377	377	377	377	377	377	377	376	376	376	376	376	376	376	376	376	376	376	376	376	376	376	377	377	377	378	379	379	380	380	380	381	381	381	382	382	382	382	383	383	383	383	384	384	385	385	385	385	386	386	386	387	387	387	387	387	387	387	387	387	387	387	387	387	387	387	387	386	386	385	385	385	385	385	384	383	383	383	383	382	382	382	381	380	380	380	379	379	379	379	378	378	378	378	378	377	377	377	376	376	376	376	376	375	375	374	374	374	374	373	373	373	372	372	372	372	372	371	371	371	371	370	370	END
Y_POS	337	336	336	336	335	335	335	334	334	334	334	334	334	334	334	334	334	334	334	334	334	334	334	335	335	335	336	336	336	336	336	336	336	336	337	337	337	337	337	338	338	338	338	338	338	338	338	338	338	338	337	337	337	336	336	336	335	335	335	334	334	333	333	332	332	332	332	331	331	330	330	330	329	329	329	328	328	327	327	327	327	327	326	326	326	325	325	325	325	324	324	324	323	323	323	323	322	322	322	322	322	322	322	321	321	321	321	321	321	320	320	320	320	320	319	319	319	319	319	318	318	318	318	318	318	318	318	318	317	317	317	317	317	317	317	317	316	316	316	316	316	316	316	316	316	316	315	315	315	315	315	315	315	314	314	314	314	314	314	313	313	313	313	313	313	313	312	312	312	312	312	312	312	312	312	312	312	312	312	313	313	313	313	313	314	314	314	314	314	315	315	315	315	316	316	317	317	318	318	318	319	319	320	320	321	321	322	322	322	323	323	324	324	325	325	326	326	327	327	328	328	329	329	329	330	330	331	331	331	332	332	332	332	333	333	333	334	334	334	334	335	335	335	336	336	336	336	337	337	337	338	338	338	338	339	339	339	339	339	340	340	340	340	341	341	341	341	342	342	342	343	343	343	344	344	345	345	345	345	345	346	346	346	347	347	347	347	347	348	348	348	349	349	349	349	349	350	350	350	350	350	350	351	351	351	351	351	351	352	352	352	352	353	353	353	353	353	354	354	354	354	354	355	355	355	355	355	355	356	356	356	356	356	356	357	357	357	357	358	358	358	358	359	359	359	359	360	360	360	361	361	361	361	361	362	362	362	362	363	363	363	363	364	364	364	365	365	365	365	365	366	366	366	366	366	366	367	367	367	367	367	368	368	368	368	369	369	369	369	369	369	370	370	370	370	370	371	371	371	371	371	372	372	372	372	372	372	372	373	373	373	373	373	374	374	374	374	375	375	375	375	375	376	376	376	376	377	377	377	378	378	378	379	379	379	380	380	380	381	381	382	382	383	384	384	385	385	385	386	386	387	387	387	388	388	389	389	389	390	390	391	391	392	392	392	393	393	394	394	394	394	394	394	394	394	394	395	395	395	395	395	395	395	395	395	395	395	395	395	395	395	395	395	395	395	395	394	394	394	394	394	393	393	393	393	393	392	392	392	392	391	391	391	390	390	390	389	389	388	388	388	387	387	387	386	386	385	385	385	384	384	383	383	382	382	381	381	380	380	379	379	379	378	378	377	377	376	376	375	375	374	374	373	373	373	372	372	372	371	371	370	370	370	370	369	369	369	369	368	368	368	368	367	367	367	367	366	366	366	365	365	365	364	364	364	363	363	362	362	361	361	360	360	359	359	358	358	357	357	356	356	355	355	355	354	354	354	353	353	352	352	352	352	351	351	350	350	349	349	349	348	348	348	348	347	347	347	346	346	346	346	346	345	345	345	344	344	344	344	343	343	343	343	342	342	342	341	341	341	340	340	340	340	339	339	339	END
QUANTIFICATION
Time[s]	Q_Integrate	Q_AMP	Q_Sum_pix	Q_MIP_int	Pix_Y	Pix_X	Pix_Z	AMP	BGD	SigmaXY	SigmaZ	MuY	MuX	MuZ	RES	Cent_Y	Cent_X	Cent_Z	OPB_time	OPB_INT	OPB_FIT	OPB_FIT_norm
0	1.1414e+06	467.985	509	0	328	299	0	467.985	53	19.7021	0	23703.4	26069.9	0	111535	325.781	314.416	0	0	728.892	768.512	1
180	0.0108154	59.5809	68	0	328	299	0	59.5809	53.0001	-0.00537498	0	23670.3	26040.5	0	221579	298.395	358.409	0	180	707.59	767.13	0.998202
360	1.0322e+06	21.5462	297	0	328	299	0	21.5462	53	87.9374	0	23621	26070	0	231719	266.451	374.703	0	360	730.45	765.75	0.996406
540	884942	568	424	0	328	299	0	568	53	15.7468	0	23621	26070	0	144123	285.24	304.88	0	540	720.558	764.373	0.994614
720	4.17133e+06	213.108	981	223	328	299	0	213.108	53	55.8158	0	23771.2	26012.2	0	356602	303.489	348.085	0	720	707.736	762.998	0.992826
900	919249	661.916	601	46	328	299	0	661.916	53	14.8671	0	23779	26061.7	0	251049	321.766	405.669	0	900	721.905	761.626	0.99104
1080	111306	157.605	71	71	328	299	0	157.605	53	10.6019	0	23700.6	25991.5	0	256325	327.619	319.931	0	1080	707.665	760.257	0.989258
1260	849318	532	255	0	328	299	0	532	53	15.94	0	23621	26025.8	0	194318	353.648	325.836	0	1260	719.638	758.889	0.987479
1440	5.09511e+06	307.358	1035	35	328	299	0	307.358	53	51.3649	0	23779	25912	0	346965	332.434	258.005	0	1440	711.658	757.525	0.985703
1620	0.00160755	42.7429	0	0	328	299	0	42.7429	53	0.00244659	0	23771.4	26016.1	0	220711	330.77	398.788	0	1620	697.833	756.162	0.98393
1800	3.73897e+06	366.823	794	0	328	299	0	366.823	54	40.277	0	23779	26011	0	411984	339.775	319.557	0	1800	688.974	754.802	0.982161
1980	2.0166e+06	1074.49	716	0	328	299	0	1074.49	54	17.283	0	23745.7	25948.4	0	587946	374.146	288.676	0	1980	696.496	753.445	0.980395
2160	1.48461e+06	857.585	533	192	328	299	0	857.585	53	16.5988	0	23736	25993.2	0	338312	344.881	327.903	0	2160	685.882	752.09	0.978632
2340	1.31835e+06	562	444	0	328	299	0	562	53	-19.3222	0	23621	25912	0	264513	342.826	290.455	0	2340	667.072	750.737	0.976872
2520	1.41724e+06	555.939	645	73	328	299	0	555.939	53	20.1427	0	23734	25936.7	0	186714	300.766	296.789	0	2520	685.599	749.387	0.975115
2700	1.90994e+06	747.995	606	283	328	299	0	747.995	53	20.1591	0	23674.3	25991	0	351006	305.405	309.761	0	2700	667.021	748.04	0.973361
2880	9.62798	62.471	311	57	328	299	0	62.471	53.0009	0.156617	0	23758.1	26010.1	0	305705	280.043	276.483	0	2880	672.203	746.694	0.971611
3060	1.15752	26.098	113	33	328	299	0	26.098	53	-0.0840179	0	23742.7	25912	0	296730	318.43	238.556	0	3060	659.052	745.352	0.969863
3240	1.97707e+06	975.974	585	0	328	299	0	975.974	53	17.9557	0	23761.3	26050.6	0	523044	407.983	376.008	0	3240	663.93	744.011	0.968119
3420	1.57867e+06	519.998	549	109	328	299	0	519.998	53	21.9814	0	23690.2	26044	0	227668	305.299	360.025	0	3420	680.973	742.673	0.966378
3600	4.43449e+06	800	1174	227	328	299	0	800	53	29.7021	0	23721.3	26043.7	0	253797	334.085	350.6	0	3600	668.425	741.337	0.96464
3780	532140	467.53	258	70	328	299	0	467.53	54	13.4592	0	23648	25991.4	0	291545	330.038	325.518	0	3780	671.394	740.004	0.962905
3960	0.000656911	119.938	175	0	328	299	0	119.938	53.2932	-0.000933652	0	23747	26036.3	0	417526	343.882	355.303	0	3960	671.882	738.673	0.961174
4140	0.027352	57.3963	170	0	328	299	0	57.3963	53.8747	0.00870889	0	23778.7	26063.4	0	398117	371.291	378.927	0	4140	665.692	737.345	0.959445
4320	1.72883e+06	945.002	640	29	328	299	0	945.002	54	-17.0636	0	23703.1	26068	0	647348	301.588	297.682	0	4320	680.222	736.019	0.95772
4500	2.27317e+06	792	778	0	328	299	0	792	54	21.3729	0	23779	26070	0	397266	353.898	349.532	0	4500	669.455	734.695	0.955997
4680	3.17381e+06	760	887	249	328	299	0	760	53	25.7806	0	23721.9	25946	0	312378	283.528	344.767	0	4680	676.652	733.374	0.954278
4860	179539	311.666	149	0	328	299	0	311.666	53.0148	-9.57514	0	23626.1	25986	0	435766	304.156	306.018	0	4860	667.516	732.055	0.952562
5040	905097	719.998	335	0	328	299	0	719.998	53	14.1446	0	23663	26070	0	260535	312.954	330.506	0	5040	673.409	730.739	0.950849
5220	1.05098e+06	917.035	391	17	328	299	0	917.035	53	13.5056	0	23621.9	25982.6	0	394992	349.04	336.856	0	5220	669.053	729.425	0.949139
5400	889593	14.4207	205	0	328	299	0	14.4207	53	101	0	23779	26070	0	275050	386.306	363.908	0	5400	661.017	728.113	0.947432
5580	872602	448	259	12	328	299	0	448	53	17.6067	0	23621.1	25912	0	169535	300.007	395.676	0	5580	655.553	726.803	0.945728
5760	1.87762e+06	529.964	658	24	328	299	0	529.964	53	23.746	0	23623.7	25936.7	0	173981	283.233	306.117	0	5760	667.223	725.496	0.944027
5940	8.40919e+06	267.206	1072	181	328	299	0	267.206	54	70.8304	0	23779	26050.4	0	506248	349.198	342.39	0	5940	654.669	724.192	0.94233
6120	401186	103.263	288	0	328	299	0	103.263	53	24.8663	0	23621	26070	0	234132	244.524	331.416	0	6120	664.615	722.889	0.940635
6300	2.23075e+06	740	1054	0	328	299	0	740	53	21.9038	0	23689.5	26070	0	223017	278.368	366.163	0	6300	668.518	721.589	0.938943
6480	967379	708.928	449	64	328	299	0	708.928	53	-14.7369	0	23700	25928.3	0	256647	303.022	401.662	0	6480	668.473	720.291	0.937255
6660	1.60863e+06	26.0766	279	55	328	299	0	26.0766	53	101	0	23779	25976.8	0	368650	347.735	315.632	0	6660	658.192	718.996	0.935569
6840	39.8452	46.9683	301	0	328	299	0	46.9683	54	-0.367448	0	23621	26043.4	0	595844	268.793	376.829	0	6840	664.612	717.703	0.933887
7020	1.41861e+06	825.997	455	0	328	299	0	825.997	54	16.533	0	23621	25941.5	0	505492	310.132	279.153	0	7020	664.048	716.412	0.932207
7200	6.41571e+07	1040.01	6400	965	328	299	0	1040.01	54	101	0	23718.3	25996.4	0	1.28139e+06	305.85	334.539	0	7200	670.233	715.124	0.930531
7380	7.58373e+07	1229.35	6670	1580	327	302	0	1229.35	54	101	0	23954.4	25895	0	2.60589e+06	331.591	310.81	0	7380	665.318	713.838	0.928857
7560	5.66474e+07	918.279	6141	1089	335	304	0	918.279	54	101	0	24089.5	26552.3	0	2.06439e+06	318.132	300.016	0	7560	664.071	712.554	0.927187
7740	3.48259e+06	56.4542	325	18	335	304	0	56.4542	54	101	0	24174	26465	0	500992	319.873	238.177	0	7740	674.977	711.273	0.92552
7920	6.83541e+07	1108.05	6384	1124	329	307	0	1108.05	54	101	0	24309.8	26115.8	0	2.17527e+06	286.877	358.152	0	7920	664.514	709.994	0.923855
8100	5.41727e+07	878.162	5451	589	330	315	0	878.162	54	101	0	24947.2	26146.9	0	1.65184e+06	293.773	321.906	0	8100	660.685	708.717	0.922194
8280	3.35206e+07	543.383	1809	201	330	315	0	543.383	54	101	0	24885	26102	0	1.68011e+06	250.79	287.34	0	8280	652.462	707.442	0.920535
8460	1.44326e+07	233.958	1119	110	330	315	0	233.958	54	101	0	24960.7	26228	0	614472	311.945	380.101	0	8460	651.22	706.17	0.91888
8640	3.33376e+06	857.999	1006	232	330	315	0	857.999	54	24.8676	0	24922.2	26175.8	0	611055	356.994	304.918	0	8640	650.829	704.9	0.917227
8820	13.9482	94.9821	311	0	330	315	0	94.9821	54	0.152879	0	25034.2	26144.8	0	643265	367.039	324.299	0	8820	661.966	703.632	0.915578
9000	4.321e+07	700.451	3333	271	330	315	0	700.451	53	101	0	24885	26228	0	815170	264.478	384.685	0	9000	665.115	702.367	0.913931
9180	1.96621e+07	318.73	854	0	330	315	0	318.73	54	101	0	24885	26070	0	1.5155e+06	257.938	234.306	0	9180	653.566	701.104	0.912288
9360	3.72834e+06	60.438	143	0	330	315	0	60.438	54	101	0	24885	26070	0	989262	263.795	251.565	0	9360	669.023	699.843	0.910647
9540	2.82982e+06	894	794	315	330	315	0	894	54	22.4451	0	24967.6	26183.3	0	513743	351.333	358.658	0	9540	662.736	698.584	0.909009
9720	3.42311e+06	597.988	913	183	330	315	0	597.988	53	30.1838	0	24913.1	26110.3	0	259954	269.516	354.387	0	9720	669.174	697.328	0.907374
9900	816724	592.82	625	0	330	315	0	592.82	53	14.8077	0	25042.2	26070	0	244404	340.375	321.437	0	9900	669.953	696.074	0.905743
10080	4.36025e+06	656.929	1010	0	330	315	0	656.929	54	32.5017	0	24944.4	26070	0	315437	334.252	274.992	0	10080	680.482	694.822	0.904114
10260	2.94594e+06	900	789	0	330	315	0	900	53	22.8245	0	24885	26078.7	0	306309	286.908	330.8	0	10260	675.16	693.573	0.902488
10440	785848	403.88	403	82	330	315	0	403.88	53	17.5976	0	24910.9	26146.4	0	190646	289.941	309.255	0	10440	686.622	692.325	0.900865
10620	4.1343e+06	384.537	469	27	330	315	0	384.537	53.9999	41.3659	0	24964.5	26070	0	701672	336.862	332.668	0	10620	685.434	691.08	0.899245
10800	230464	352.767	128	0	330	315	0	352.767	53	10.1969	0	24885.8	26070	0	237345	297.101	183.344	0	10800	679.501	689.837	0.897628
10980	2.07449e+06	67.7779	445	0	330	315	0	67.7779	53	69.8428	0	24931.3	26070	0	273480	274.753	256.484	0	10980	683.715	688.597	0.896013
11160	301095	357.724	159	82	330	315	0	357.724	53.0001	11.5741	0	24927.3	26149.2	0	397658	320.659	332.961	0	11160	689.701	687.358	0.894402
11340	1.75013e+06	550	815	0	330	315	0	550	53	22.5042	0	25043	26170	0	215981	321.113	311.088	0	11340	681.576	686.122	0.892793
11520	3.70094e+06	852	985	220	330	315	0	852	54	26.2934	0	24911.1	26145.4	0	490354	314.747	312.558	0	11520	697.897	684.888	0.891188
11700	3.44334e+06	177.192	713	173	330	315	0	177.192	53.0001	55.6143	0	24944	26228	0	243772	288.726	341.721	0	11700	689.793	683.657	0.889585
11880	2.43906e+06	767.983	966	0	330	315	0	767.983	54	22.4825	0	25017.2	26207.4	0	518071	294.528	338.276	0	11880	695.254	682.427	0.887985
12060	891160	762.979	497	198	330	315	0	762.979	54	13.6343	0	24964.5	26148.8	0	480961	284.609	330.409	0	12060	694.954	681.2	0.886388
12240	1.46865e+06	679.745	695	53	330	315	0	679.745	54	18.5437	0	25032.1	26227.6	0	310805	349.838	280.88	0	12240	693.083	679.975	0.884794
12420	2.11129e+06	646	548	10	330	315	0	646	53	22.807	0	25023.5	26227.1	0	281256	300.238	357.857	0	12420	710.829	678.752	0.883203
12600	5.2565e+07	887.263	5705	811	333	303	0	887.263	53.6413	98.7179	0	24010.7	26357.6	0	1.53234e+06	299.866	288.546	0	12600	720.804	677.531	0.881615
12780	9.85294e+07	1597.2	9555	1091	329	304	0	1597.2	54	101	0	24081.2	26054	0	2.71021e+06	303.559	304.58	0	12780	718.298	676.313	0.880029
12960	9.99139e+07	1619.65	9076	1164	328	302	0	1619.65	54	101	0	23960.2	25984.7	0	4.4882e+06	325.134	310.892	0	12960	728.159	675.097	0.878447
13140	1.03432e+08	1676.68	9174	1687	332	309	0	1676.68	54	101	0	24473.2	26273.8	0	2.95809e+06	304.854	274.267	0	13140	726.679	673.883	0.876867
13320	2.46604e+07	399.756	1857	0	332	309	0	399.756	54	101	0	24466.7	26386	0	2.3111e+06	329.923	393.49	0	13320	706.764	672.671	0.87529
13500	5.35036e+06	193.348	952	0	332	309	0	193.348	53	66.3876	0	24569	26363.3	0	499082	296.82	361.294	0	13500	724.18	671.461	0.873716
13680	2.15112e+06	850	549	0	332	309	0	850	53	20.0694	0	24411	26316.6	0	313235	297.115	337.284	0	13680	729.417	670.253	0.872145
13860	5.38631e+06	87.3143	344	0	332	309	0	87.3143	54	101	0	24411	26228	0	471100	309.357	281.564	0	13860	726.41	669.048	0.870576
14040	8.99154e+06	145.757	842	0	332	309	0	145.757	54	101	0	24548.3	26228	0	827216	326.035	274.994	0	14040	718.515	667.845	0.869011
14220	1.24813e+06	216.243	647	48	332	309	0	216.243	54	30.3088	0	24425.9	26228	0	429788	319.54	267.726	0	14220	727.957	666.644	0.867448
14400	5.83078e+07	1110.1	6459	1398	338	316	0	1110.1	54	92.3826	0	25019.2	26765.9	0	1.61372e+06	278.08	305.758	0	14400	704.154	665.445	0.865888
14580	6.62695e+07	1074.26	6530	888	341	320	0	1074.26	54	101	0	25332.1	27009.8	0	2.8122e+06	313.626	311.276	0	14580	734.084	664.248	0.86433
14760	8.23335e+07	1334.66	7743	1400	336	321	0	1334.66	54	101	0	25405.9	26599.2	0	3.39611e+06	314.016	295.941	0	14760	728.824	663.054	0.862776
14940	1.53921e+08	2495.12	13944	1567	335	323	0	2495.12	54	101	0	25622.4	26559.3	0	5.22804e+06	330.125	330.921	0	14940	725.547	661.861	0.861225
15120	7.65462e+07	1240.85	7070	1494	341	323	0	1240.85	54	101	0	25596.1	27005.4	0	2.34548e+06	305.051	287.801	0	15120	717.742	660.671	0.859676
15300	4.69971e+07	903.235	4933	1082	340	327	0	903.235	54	91.9127	0	25903.7	26908.4	0	1.19415e+06	300.588	312.363	0	15300	713.296	659.483	0.85813
15480	6.95986e+07	1128.22	6589	964	344	326	0	1128.22	54	101	0	25808.1	27252.5	0	2.13337e+06	300.587	319.298	0	15480	718.762	658.297	0.856586
15660	794213	763.212	369	119	344	326	0	763.212	53	12.8693	0	25872	27253.5	0	428870	375.619	363.942	0	15660	706.347	657.113	0.855046
15840	5.78189e+07	937.269	5880	798	350	333	0	937.269	54	101	0	26341.6	27710.6	0	2.63139e+06	292.107	297.667	0	15840	705.503	655.931	0.853508
16020	3.96875e+07	643.351	3358	356	350	333	0	643.351	54	101	0	26391.2	27650	0	1.75722e+06	329.848	231.695	0	16020	691.223	654.752	0.851973
16200	1.7899e+07	290.151	1010	0	350	333	0	290.151	54	101	0	26465	27768.4	0	1.30136e+06	367.347	329.8	0	16200	703.533	653.574	0.850441
16380	1.31947e+07	213.891	635	0	350	333	0	213.891	54	101	0	26465	27808	0	1.57191e+06	353.915	367.108	0	16380	694.812	652.399	0.848912
16560	4.55924e+07	1574.64	6317	1475	351	344	0	1574.64	54	67.9165	0	27272.3	27800.2	0	1.22708e+06	323.629	324.084	0	16560	695.518	651.225	0.847385
16740	1.61432e+08	2616.88	15166	2635	353	349	0	2616.88	54	101	0	27651.9	27924	0	3.57336e+06	313.429	277.441	0	16740	692.147	650.054	0.845861
16920	2.71431e+08	4400.02	24519	3663	354	354	0	4400.02	54	101	0	28007.8	28037.3	0	1.28133e+07	270.814	326.99	0	16920	707.819	648.885	0.84434
17100	2.81556e+08	4564.15	24890	2658	354	351	0	4564.15	54	101	0	27794.3	28041.2	0	2.22952e+07	313.929	322.8	0	17100	698.311	647.718	0.842822
17280	2.97985e+08	4830.46	25916	3833	353	351	0	4830.46	54	101	0	27842.8	27996.2	0	9.6497e+06	347.003	345.398	0	17280	696.695	646.554	0.841306
17460	1.74575e+08	2829.94	15806	2446	355	353	0	2829.94	54	101	0	27975	28106.2	0	6.10841e+06	312.104	311.546	0	17460	698.247	645.391	0.839793
17640	8.52131e+07	1381.34	7975	2132	350	360	0	1381.34	54	101	0	28502.1	27731.4	0	3.59223e+06	288.61	306.565	0	17640	659.89	644.23	0.838283
17820	2.55253e+07	413.776	1927	444	350	360	0	413.776	54	101	0	28598	27763.3	0	1.33412e+06	387.893	315.063	0	17820	690.597	643.072	0.836775
18000	1.73409e+07	281.102	1630	0	350	360	0	281.102	54	101	0	28598	27759.3	0	908842	352.331	358.71	0	18000	703.891	641.915	0.83527
18180	8.42883e+07	1411.33	8370	1613	351	367	0	1411.33	54	99.1653	0	29105.8	27834.1	0	2.21414e+06	337.322	337.506	0	18180	702.046	640.761	0.833768
18360	5.76279e+07	934.172	5254	1251	348	367	0	934.172	54	101	0	29055.3	27536.9	0	2.36146e+06	287.388	283.644	0	18360	698.385	639.608	0.832269
18540	3.3092e+07	536.435	2314	0	348	367	0	536.435	54	101	0	28993	27582	0	1.75078e+06	261.347	331.104	0	18540	673.696	638.458	0.830772
18720	1.89544e+07	307.258	964	113	348	367	0	307.258	54	101	0	28993	27492	0	1.99115e+06	259.441	279.228	0	18720	684.421	637.31	0.829278
18900	1.42986e+07	231.786	729	0	348	367	0	231.786	54	101	0	28993	27650	0	1.09764e+06	278.674	364.736	0	18900	710.126	636.164	0.827786
19080	8.8322e+07	1431.74	8554	1183	349	363	0	1431.74	54	101	0	28780.6	27610.6	0	3.0366e+06	331.634	275.735	0	19080	691.473	635.02	0.826298
19260	1.39366e+08	2259.19	12613	2266	352	363	0	2259.19	54	101	0	28762.1	27872.1	0	3.41121e+06	327.09	292.716	0	19260	694.853	633.878	0.824812
19440	2.13657e+07	346.348	1232	87	352	363	0	346.348	54	101	0	28835	27966	0	1.80077e+06	390.239	400.669	0	19440	688.522	632.738	0.823328
19620	2.50079e+06	1228.77	603	163	352	363	0	1228.77	54	17.9975	0	28788	27850.7	0	1.44616e+06	343.34	355.098	0	19620	679.813	631.6	0.821848
19800	3.45018e+06	847.999	660	424	352	363	0	847.999	54	25.4468	0	28782.9	27887	0	556532	334.435	359.096	0	19800	686.87	630.464	0.82037
19980	384511	469.863	224	115	352	363	0	469.863	53.0115	-11.4125	0	28756	27887.1	0	259069	330.677	317.963	0	19980	690.582	629.33	0.818894
20160	4.43858e+07	940.373	5279	764	362	365	0	940.373	54	87.2484	0	28893.1	28694.3	0	1.20111e+06	314.67	319.535	0	20160	683.456	628.198	0.817422
20340	1.75965e+08	2852.46	16563	2699	366	366	0	2852.46	54	101	0	29008.7	28979	0	5.47455e+06	323.201	305.558	0	20340	675.754	627.069	0.815952
20520	1.8859e+08	3057.13	15973	2656	370	365	0	3057.13	54	101	0	28927.9	29273.5	0	1.18738e+07	350.17	282.823	0	20520	671.442	625.941	0.814484
20700	1.96927e+08	3192.27	17211	2158	372	363	0	3192.27	54	101	0	28761.9	29499.4	0	1.01647e+07	324.302	343.556	0	20700	691.273	624.815	0.81302
20880	2.7343e+08	4432.41	24359	3659	370	366	0	4432.41	54	101	0	29017.3	29354.5	0	1.14612e+07	337.375	358.793	0	20880	675.475	623.692	0.811557
21060	1.4362e+08	2328.13	13390	1595	375	365	0	2328.13	54	101	0	28891.1	29684.8	0	7.85539e+06	287.736	298.969	0	21060	681.093	622.57	0.810098
21240	1.09911e+08	1781.71	10706	1508	374	365	0	1781.71	54	101	0	28942.4	29603.9	0	3.19398e+06	334.327	282.652	0	21240	669.035	621.45	0.808641
21420	1.05755e+08	1714.33	9314	1502	381	365	0	1714.33	54	101	0	28953.5	30153	0	4.70109e+06	345.697	306.839	0	21420	661.02	620.333	0.807187
21600	9.35242e+07	1516.07	8714	1481	384	363	0	1516.07	54	101	0	28803.7	30387.5	0	4.47496e+06	387.439	289.97	0	21600	663.994	619.217	0.805735
21780	5.38496e+07	1450.42	6299	1249	380	365	0	1450.42	54	77.0307	0	28913.1	30135.9	0	2.18415e+06	322.775	334.663	0	21780	655.608	618.104	0.804286
21960	2.98059e+06	784	1081	30	380	365	0	784	54	24.5982	0	28835	30043	0	560003	333.744	323.852	0	21960	653.996	616.992	0.80284
22140	3.3529e+06	950	808	92	380	365	0	950	54	-23.7006	0	28841.7	30085.4	0	612441	334.343	322.824	0	22140	643.148	615.882	0.801396
22320	938769	601.424	468	145	380	365	0	601.424	54	15.7615	0	28942	30073.9	0	583117	311.002	338.637	0	22320	630.383	614.775	0.799955
22500	5.37188e+06	720	1195	330	380	365	0	720	54	34.4593	0	28888.8	30069.2	0	402677	306.438	315.592	0	22500	627.036	613.669	0.798516
22680	570310	213.731	255	15	380	365	0	213.731	53.534	20.6078	0	28835	30020.1	0	565950	263.421	329.371	0	22680	625.67	612.566	0.79708
22860	4.07399e+06	653.53	965	115	380	365	0	653.53	54	31.4983	0	28975.4	30020	0	451598	267.989	285.78	0	22860	636.675	611.464	0.795647
23040	2.31004e+06	862	802	280	380	365	0	862	53.4258	20.6522	0	28882	30107.5	0	328525	264.074	277.002	0	23040	624.749	610.364	0.794216
23220	880008	748.137	424	0	380	365	0	748.137	53	13.6824	0	28835.1	30100.8	0	360476	325.32	305.2	0	23220	603.856	609.267	0.792788
23400	1.3057e+06	464.484	778	0	380	365	0	464.484	54	21.1517	0	28859.1	30178	0	755997	396.471	351.506	0	23400	620.124	608.171	0.791362
23580	1.50064e+06	755.995	624	0	380	365	0	755.995	54	17.7741	0	28964.3	30025.5	0	460427	327.596	306.828	0	23580	601.074	607.077	0.789939
23760	2.62069e+06	679.999	740	147	380	365	0	679.999	53	24.7665	0	28971.4	30112.2	0	347392	314.944	283.169	0	23760	604.913	605.985	0.788518
23940	1.84339e+06	763.747	393	348	380	365	0	763.747	54	19.5994	0	28913.9	30098.9	0	379349	346.689	338.346	0	23940	615.683	604.896	0.7871
24120	2.95808e+06	642	834	151	380	365	0	642	53	27.0799	0	28931.4	30149.2	0	182329	298.142	304.585	0	24120	626.971	603.808	0.785684
24300	1.36129e+06	525.826	565	79	380	365	0	525.826	53	20.2985	0	28866.6	30022.7	0	240100	345.844	268.563	0	24300	602.301	602.722	0.784271
24480	1.59997e+06	463.969	445	232	380	365	0	463.969	53	23.4272	0	28911.8	30071.1	0	188883	282.358	329.259	0	24480	607.088	601.638	0.782861
24660	2.02178e+06	922	572	0	380	365	0	922	54	18.6815	0	28918.3	30020	0	676310	315.52	252.046	0	24660	615.108	600.556	0.781453
24840	3.30116e+06	704	920	326	380	365	0	704	54	27.3185	0	28880.6	30082.7	0	465319	285.378	298.958	0	24840	620.053	599.476	0.780048
25020	2.46269e+06	343.508	491	96	380	365	0	343.508	53	33.779	0	28905.8	30020	0	222374	275.091	247.729	0	25020	618.247	598.398	0.778645
25200	976886	459.562	309	0	380	365	0	459.562	53	18.3933	0	28993	30098.9	0	167321	313.996	243.813	0	25200	635.488	597.322	0.777245
25380	6.33219e+06	161.699	955	0	380	365	0	161.699	54	79.1649	0	28993	30178	0	617405	352.071	277.075	0	25380	615.961	596.248	0.775847
25560	3.98202e+06	133.888	514	0	380	365	0	133.888	53	68.84	0	28835	30020	0	383120	282.26	301.948	0	25560	623.617	595.175	0.774452
25740	0.75151	44.2973	296	0	380	365	0	44.2973	53	0.0519624	0	28992.8	30020.3	0	354141	380.006	259.17	0	25740	625.798	594.105	0.773059
25920	1.99002e+06	998	429	0	380	365	0	998	53	17.8145	0	28993	30131.3	0	387905	392.917	285.175	0	25920	619.092	593.037	0.771669
26100	2.09798e+06	1013.96	572	147	380	365	0	1013.96	53	18.1468	0	28883	30150.9	0	356404	338.022	274.475	0	26100	619.218	591.97	0.770281
26280	578032	710.501	263	0	380	365	0	710.501	54	11.379	0	28873.4	30178	0	393375	380.371	335.631	0	26280	621.436	590.905	0.768896
26460	65.8094	3.70268	212	0	380	365	0	3.70268	53	1.68188	0	28977.7	30020	0	169085	317.299	265.019	0	26460	601.309	589.843	0.767513
26640	786728	831.982	397	0	380	365	0	831.982	53	12.2678	0	28993	30178	0	324437	336.421	328.436	0	26640	647.544	588.782	0.766133
26820	2.85564e+06	46.2911	635	0	380	365	0	46.2911	53	101	0	28835	30074.7	0	488339	267.165	334.262	0	26820	633.583	587.723	0.764755
27000	1.59249e+06	727.297	619	173	380	365	0	727.297	54	18.6678	0	28881.1	30073.4	0	517601	323.893	311.862	0	27000	630.439	586.666	0.763379
27180	1.17719e+06	155.1	519	0	380	365	0	155.1	53	34.7558	0	28835	30020	0	239279	223.424	311.927	0	27180	613.505	585.611	0.762007
27360	653872	754.127	417	158	380	365	0	754.127	53	11.7472	0	28911.1	30099.4	0	358969	301.217	325.008	0	27360	619.346	584.558	0.760636
27540	2.73807e+06	870	531	0	380	365	0	870	53	22.3807	0	28968.9	30020	0	358182	372.049	270.965	0	27540	630.194	583.507	0.759268
27720	1.63224e+06	612	651	0	380	365	0	612	53	20.6028	0	28993	30094.1	0	351193	320.645	312.864	0	27720	615.351	582.457	0.757903
27900	4.2584e+06	69.0304	667	0	380	365	0	69.0304	54	101	0	28993	30178	0	593538	349.577	353.561	0	27900	614.212	581.41	0.75654
28080	4.91256e+07	796.347	4290	1066	351	376	0	796.347	54	101	0	29815.1	27835.9	0	1.90861e+06	333.201	319.984	0	28080	616.601	580.364	0.755179
28260	903739	1063.09	253	0	351	376	0	1063.09	54	-11.6318	0	29862	27757.8	0	525788	280.462	328.811	0	28260	592.917	579.321	0.753821
28440	6.99341e+07	1133.66	6435	801	359	379	0	1133.66	54	101	0	30012.3	28400.8	0	2.70625e+06	301.562	280.309	0	28440	601.276	578.279	0.752466
28620	2.09439e+07	339.509	461	0	359	379	0	339.509	54	101	0	29941	28519	0	2.16642e+06	208.375	425.587	0	28620	603.197	577.239	0.751112
28800	3.62396e+07	920.246	3515	237	359	379	0	920.246	54	79.393	0	30099	28434.2	0	1.40235e+06	410.279	298.935	0	28800	588.349	576.201	0.749762
