MS2-QUANT	v0j
Region DEFINITION, 05-Apr-2021
COMMENT	Outline definition performed in MS2-QUANT (Main program)
FILE	MAX_20201217_RI516_C12MS2128TkTat_001_visit_30.tif
PATH	/Volumes/EBL/20201217/
PARAMETERS
Pix-XY	Pix-Z	RI	Ex	Em	NA	dT	Type
79	600	1.458	488	521	1.4	180	widefield
ANALYSIS-SETTINGS	
IMAGING-BACKGROUND	150
LIMIT-FIT-SIGMA-XY-MIN	-44
LIMIT-FIT-SIGMA-XY-MAX	94
LIMIT-FIT-SIGMA-Z-MIN	0
LIMIT-FIT-SIGMA-Z-MAX	0
LIMIT-FIT-BGD-MIN	38
LIMIT-FIT-BGD-MAX	39
DETECTION-THRESHOLD	500
REGION	TxSite
X_POS	132	132	131	131	130	130	129	128	127	127	126	125	124	123	122	121	120	119	119	118	117	117	117	116	115	115	115	114	114	113	113	113	113	113	113	113	113	113	113	113	113	114	114	115	115	115	116	116	116	117	117	118	119	120	121	121	122	123	124	125	126	127	128	129	130	131	132	133	134	135	135	135	136	137	137	137	137	138	138	139	139	139	139	140	140	140	140	140	140	140	140	139	139	139	139	138	138	138	137	137	136	136	135	135	135	134	133	END
Y_POS	219	218	218	217	216	215	215	215	215	214	214	214	214	214	214	214	214	214	215	215	215	216	217	217	218	219	220	220	221	222	223	224	225	226	227	228	229	230	231	232	233	233	234	235	236	237	237	238	239	239	240	240	241	241	242	243	243	243	243	243	243	243	243	243	243	243	243	243	243	243	242	241	241	241	240	239	238	238	237	236	235	234	233	233	232	231	230	229	228	227	226	226	225	224	223	223	222	221	221	220	220	219	219	218	217	217	217	END
QUANTIFICATION
Time[s]	Q_Integrate	Q_AMP	Q_Sum_pix	Q_MIP_int	Pix_Y	Pix_X	Pix_Z	AMP	BGD	SigmaXY	SigmaZ	MuY	MuX	MuZ	RES	Cent_Y	Cent_X	Cent_Z	OPB_time	OPB_INT	OPB_FIT	OPB_FIT_norm
0	2.74163e+06	656	965	148	229	127	0	656	39	25.7907	0	10167.6	18166.3	0	348850	265.672	344.037	0	0	659.327	727.153	1
180	1.11187e+06	591.335	473	160	229	127	0	591.335	38	17.299	0	10190.2	18248.3	0	160528	377.048	288.423	0	180	672.98	724.328	0.996114
360	3.85227e+06	680	996	177	229	127	0	680	39	30.0271	0	10145.3	18108	0	337077	326.849	275.129	0	360	665.418	721.515	0.992246
540	1.18893e+07	219.249	1004	242	229	127	0	219.249	39	94	0	10043.2	18091	0	398987	264.771	235.175	0	540	652.468	718.713	0.988393
720	1.15542e+06	569.901	307	0	229	127	0	569.901	38.0107	17.9631	0	10033	18170.6	0	175607	289.692	281.889	0	720	661.872	715.922	0.984555
900	261849	372.981	113	81	229	127	0	372.981	38.9991	10.5704	0	10113.8	18169.8	0	392822	396.307	268.819	0	900	645.162	713.142	0.980732
1080	1.88757e+06	811.794	407	333	229	127	0	811.794	38.2999	19.2371	0	10112.1	18170.1	0	294807	261.821	295.533	0	1080	661.408	710.373	0.976923
1260	0.00129162	40.2481	119	0	229	127	0	40.2481	39	0.00225998	0	10033	18245.1	0	243558	250.553	301.662	0	1260	656.314	707.615	0.97313
1440	19.2925	31.4731	102	0	229	127	0	31.4731	38	0.312345	0	10190.6	18091	0	151352	364.124	251.413	0	1440	658.055	704.867	0.969351
1620	830710	624.087	428	89	229	127	0	624.087	39	14.555	0	10111.8	18214.4	0	366812	348.762	282.021	0	1620	657.248	702.13	0.965587
1800	3.35816e+06	156.925	480	0	229	127	0	156.925	39	58.3627	0	10033	18216.4	0	357983	337.361	364.259	0	1800	649.726	699.403	0.961837
1980	726302	414	405	0	229	127	0	414	38	16.7097	0	10191	18091	0	103326	390.55	420.354	0	1980	645.262	696.687	0.958102
2160	5.27861e+06	97.3419	270	0	229	127	0	97.3419	39	94	0	10191	18091	0	523331	389.791	238.195	0	2160	637.495	693.982	0.954381
2340	2.75071e+06	50.7254	246	0	229	127	0	50.7254	39	94	0	10191	18170.5	0	331062	349.865	265.289	0	2340	650.565	691.287	0.950675
2520	6.02441e+06	111.095	859	0	229	127	0	111.095	39	94	0	10157.7	18102.4	0	278232	334.841	327.786	0	2520	641.644	688.602	0.946984
2700	1.49157e-05	10.5722	216	0	229	127	0	10.5722	39	0.000473859	0	10066.2	18186.6	0	570272	232.599	292.776	0	2700	658.503	685.928	0.943306
2880	2.15763e+06	96.2111	128	0	229	127	0	96.2111	38	59.7472	0	10033	18249	0	223134	221.2	359.45	0	2880	649.914	683.265	0.939643
3060	3.36128e+06	1034	692	55	229	127	0	1034	38	22.7459	0	10033.3	18096.7	0	329361	275.41	244.86	0	3060	656.053	680.611	0.935994
3240	3.41411e+06	314.007	557	148	229	127	0	314.007	38	41.5986	0	10191	18193.5	0	119534	345.625	311.112	0	3240	655.21	677.969	0.93236
3420	1.51132e+06	82.8324	182	0	229	127	0	82.8324	38	53.8881	0	10041.6	18249	0	273422	269.949	380.958	0	3420	662.827	675.336	0.928739
3600	1.65315e+06	683.758	626	258	229	127	0	683.758	38.0031	19.6162	0	10112.8	18150.7	0	271211	309.912	253.499	0	3600	654.948	672.713	0.925133
3780	568455	562.191	129	0	229	127	0	562.191	38	12.6857	0	10111.9	18091.1	0	224679	314.195	303.85	0	3780	653.972	670.101	0.92154
3960	1.84286e+06	80.3436	479	79	229	127	0	80.3436	38	60.4253	0	10191	18142.2	0	139978	318.863	277.493	0	3960	660.607	667.499	0.917962
4140	796040	27.0587	105	17	229	127	0	27.0587	38	68.4632	0	10120	18091	0	142425	283.934	278.042	0	4140	656.678	664.907	0.914397
4320	714772	576.515	237	123	229	127	0	576.515	39	14.0472	0	10081	18170.2	0	286493	307.777	312.284	0	4320	672.813	662.325	0.910846
4500	2.02324e+06	39.4947	360	16	229	127	0	39.4947	39	91.1442	0	10033	18099.5	0	237196	323.256	333.617	0	4500	673.502	659.753	0.907309
4680	2.30783	45.9422	256	0	229	127	0	45.9422	39	-0.0894141	0	10149.2	18148.4	0	279517	384.801	307.165	0	4680	666.373	657.191	0.903786
4860	0.258971	107.671	97	0	229	127	0	107.671	38.8936	-0.0195653	0	10065.3	18125.6	0	332050	270.14	293.976	0	4860	679.122	654.639	0.900276
5040	3.07928e+06	524	876	262	229	127	0	524	38	30.5822	0	10138.9	18187.6	0	131149	293.439	289.262	0	5040	652.575	652.097	0.89678
5220	2.31948e-08	4.57945	86	42	229	127	0	4.57945	38	-2.83922e-05	0	10033	18249	0	93918	282.926	388.145	0	5220	669.832	649.565	0.893298
5400	877322	550.649	630	0	229	127	0	550.649	38.0595	15.924	0	10033	18170	0	246131	239.484	249.418	0	5400	655.951	647.042	0.889829
5580	1.63543e+06	495.976	465	0	229	127	0	495.976	38	22.9085	0	10080.2	18249	0	136565	279.568	311.41	0	5580	657.901	644.53	0.886374
5760	0.00252121	35.2558	320	0	229	127	0	35.2558	38.7185	-0.00337365	0	10162.1	18121.5	0	275539	362.056	266.086	0	5760	662.955	642.027	0.882932
5940	983160	329.003	410	0	229	127	0	329.003	38	21.8083	0	10033	18091	0	90073.9	268.568	325.955	0	5940	654.926	639.534	0.879503
6120	0.000312413	158.936	79	49	229	127	0	158.936	39	-0.000559325	0	10170	18113.8	0	411688	302.176	318.661	0	6120	651.122	637.05	0.876088
6300	1.27708e+06	337.805	447	0	229	127	0	337.805	39	24.5294	0	10080.4	18249	0	262736	269.773	320.297	0	6300	641.845	634.576	0.872686
6480	1.11489e+06	517.864	305	0	229	127	0	517.864	39	18.5105	0	10111.4	18248.9	0	234285	304.136	320.669	0	6480	646.697	632.112	0.869297
6660	1.34872e+06	875.999	432	0	229	127	0	875.999	39	15.6538	0	10138.4	18091.1	0	386765	341.248	333.524	0	6660	631.541	629.658	0.865921
6840	0.00525839	69.4192	62	0	229	127	0	69.4192	38	0.00347214	0	10087.3	18248.9	0	173751	280.005	390.23	0	6840	645.141	627.212	0.862559
7020	823993	511.965	227	0	229	127	0	511.965	38	16.0049	0	10033.1	18091	0	151772	244.006	255.853	0	7020	642.777	624.777	0.859209
7200	1.21778e+06	303.994	413	0	229	127	0	303.994	38	25.2501	0	10072.9	18242.8	0	104533	286.763	331.567	0	7200	635.17	622.351	0.855873
7380	4.31306e+06	133.026	301	23	229	127	0	133.026	38	71.9053	0	10191	18209.6	0	359058	381.61	314.69	0	7380	644.937	619.934	0.852549
7560	3.34519e+06	300.439	390	0	229	127	0	300.439	38	42.0962	0	10191	18249	0	195406	362.397	277.48	0	7560	626.715	617.527	0.849238
7740	4.46005e+06	82.2471	616	0	229	127	0	82.2471	39	94	0	10191	18196.9	0	281177	366.68	309.624	0	7740	637.154	615.129	0.845941
7920	4.87664e+06	89.9294	524	0	229	127	0	89.9294	39	94	0	10191	18236	0	438836	329.77	335.003	0	7920	615.747	612.74	0.842656
8100	274128	407.368	280	0	229	127	0	407.368	39	-10.3489	0	10190.6	18169.5	0	427531	352.685	335.865	0	8100	630.549	610.361	0.839383
8280	2.54198e+06	754.552	1117	51	229	127	0	754.552	39	23.1554	0	10191	18171.5	0	253398	323.84	337.327	0	8280	617.498	607.99	0.836124
8460	1.46366	91.1723	87	0	229	127	0	91.1723	39	0.0505473	0	10191	18111.1	0	494225	378.268	282.535	0	8460	613.797	605.629	0.832877
8640	349388	623.254	116	95	229	127	0	623.254	39	9.44565	0	10112.6	18169.4	0	755511	401.598	284.949	0	8640	622.848	603.278	0.829643
8820	134551	6.11861	0	0	229	127	0	6.11861	38	59.1634	0	10169.6	18091	0	198044	340.216	253.22	0	8820	614.067	600.935	0.826421
9000	1.90377e+06	632	354	0	229	127	0	632	38	21.8957	0	10115.8	18249	0	107164	304.19	324.292	0	9000	626.26	598.601	0.823212
9180	1.52665e+06	249.794	464	0	229	127	0	249.794	39	31.1881	0	10160.2	18091	0	220164	271.337	302.485	0	9180	631.329	596.277	0.820015
9360	2.05274e+06	676	701	102	229	127	0	676	38	21.9838	0	10066.8	18106.3	0	221629	253.305	299.995	0	9360	627.878	593.961	0.816831
9540	2.87205e+06	556	638	278	229	127	0	556	38	28.6727	0	10136.2	18149.6	0	143221	322.681	312.177	0	9540	622.072	591.655	0.813659
9720	289221	312.669	219	39	229	127	0	312.669	39	-12.1334	0	10111.9	18109.5	0	387313	375.438	300.372	0	9720	643.46	589.357	0.810499
9900	4.58458e+06	84.5436	708	0	229	127	0	84.5436	38.298	94	0	10033	18091	0	351592	284.181	246.746	0	9900	637.02	587.069	0.807352
10080	3.53899e+06	564	800	0	229	127	0	564	39	31.6017	0	10171.8	18210.3	0	284235	278.583	331.437	0	10080	626.185	584.789	0.804217
10260	0.789904	215.955	261	0	229	127	0	215.955	38.9998	0.0241277	0	10145.2	18133.1	0	441098	345.353	274.827	0	10260	615.196	582.518	0.801094
10440	5.68964e+06	148.143	853	0	229	127	0	148.143	39	78.3785	0	10110.6	18091	0	281320	277.642	328.956	0	10440	628.832	580.256	0.797983
10620	155559	277.689	116	0	229	127	0	277.689	38	9.44231	0	10185	18172.6	0	105209	402.402	217.492	0	10620	623.005	578.003	0.794884
10800	185062	293.754	85	68	229	127	0	293.754	38.0077	10.0133	0	10110.4	18173.2	0	233580	274.904	288.876	0	10800	605.813	575.758	0.791798
10980	29105.7	106.922	80	0	229	127	0	106.922	38	6.58211	0	10188.4	18168	0	146262	350.359	277.95	0	10980	599.111	573.523	0.788723
11160	1.2546e+06	468	540	19	229	127	0	468	38	20.6557	0	10035.9	18170.4	0	204790	310.464	337.134	0	11160	593.839	571.295	0.78566
11340	5.53293e+06	102.032	574	75	229	127	0	102.032	39	94	0	10191	18091	0	416179	328.231	240.914	0	11340	598.784	569.077	0.782609
11520	788929	665.769	301	0	229	127	0	665.769	39	13.7331	0	10176.4	18247	0	324678	339.112	330.346	0	11520	596.259	566.867	0.77957
11700	1.40032e+06	615.956	395	204	229	127	0	615.956	38.0001	19.0217	0	10115.2	18196.8	0	189237	343.696	328.033	0	11700	596.048	564.666	0.776543
11880	690172	767.804	395	0	229	127	0	767.804	39	11.9609	0	10033	18121.8	0	308027	264.35	239.642	0	11880	588.411	562.473	0.773527
12060	3.27439e+06	620	568	13	229	127	0	620	39	28.9921	0	10191	18136.4	0	299728	330.169	314.405	0	12060	586.845	560.289	0.770524
12240	4.7598e+06	87.7746	705	0	229	127	0	87.7746	38	94	0	10191	18091	0	295766	342.873	236.365	0	12240	594.832	558.113	0.767532
12420	709153	597.818	359	28	229	127	0	597.818	38.0078	13.7403	0	10112	18246.1	0	190233	336.999	299.273	0	12420	597.596	555.946	0.764551
12600	179925	271.597	143	21	229	127	0	271.597	38	10.2682	0	10181.1	18170	0	149850	340.18	315.644	0	12600	601.472	553.787	0.761582
12780	8.53427e+06	157.379	75	0	229	127	0	157.379	39	94	0	10033	18249	0	866139	290.108	334.437	0	12780	593.562	551.637	0.758625
12960	9.69045e+06	178.7	1007	193	229	127	0	178.7	39	94	0	10153.3	18249	0	590487	318.835	352.41	0	12960	593.456	549.494	0.755679
13140	2.70388e+06	485.999	599	57	229	127	0	485.999	38	29.7568	0	10039.1	18207.4	0	143683	357.88	321.72	0	13140	590.728	547.361	0.752744
13320	2.33415e+06	538.98	746	70	229	127	0	538.98	39	26.2535	0	10191	18091	0	172674	317.926	318.385	0	13320	603.706	545.235	0.749821
13500	420877	454.028	179	106	229	127	0	454.028	38.0861	-12.1464	0	10111.7	18169.7	0	222917	312.39	388.068	0	13500	603.439	543.118	0.74691
13680	2.17321e+06	633.912	429	268	229	127	0	633.912	39	23.3586	0	10141.2	18170	0	314266	321.032	348.16	0	13680	597.861	541.009	0.744009
13860	3.81195e+06	471.432	1056	0	229	127	0	471.432	38	35.8735	0	10182.3	18117.7	0	193577	324.022	283.614	0	13860	605.433	538.908	0.74112
14040	4.38268e+06	103.2	776	0	229	127	0	103.2	39	82.5506	0	10191	18249	0	394877	369.603	288.361	0	14040	599.405	536.815	0.738242
14220	5.77712e+06	106.535	793	0	229	127	0	106.535	38	94	0	10033	18188.7	0	450926	267.084	357.1	0	14220	593.012	534.731	0.735375
14400	433520	459.568	109	0	229	127	0	459.568	39	12.2529	0	10112.2	18093.9	0	295517	310.961	321.484	0	14400	588.787	532.654	0.73252
14580	441665	515.368	188	0	229	127	0	515.368	39	11.6788	0	10033	18139.4	0	264489	316.951	305.979	0	14580	588.395	530.586	0.729675
14760	5.31539e+06	138.335	444	226	229	127	0	138.335	39	78.3969	0	10191	18249	0	566687	346.805	304.483	0	14760	581.454	528.525	0.726842
14940	1.12962e+06	102.631	233	0	229	127	0	102.631	38	41.8538	0	10038.2	18091	0	173784	298.334	294.948	0	14940	581.2	526.473	0.724019
15120	1.44402e+06	38.2539	22	0	229	127	0	38.2539	38	77.6875	0	10191	18091	0	199559	316.144	275.058	0	15120	562.699	524.429	0.721208
15300	1.25531	20.0218	58	0	229	127	0	20.0218	38	0.0998926	0	10190.6	18230.5	0	217248	355.936	353.416	0	15300	566.599	522.392	0.718407
15480	2.92092e+06	111.276	446	6	229	127	0	111.276	38	64.6513	0	10059.3	18091	0	258578	310.55	264.822	0	15480	561.574	520.364	0.715617
15660	1.00228e+06	25.6707	133	0	229	127	0	25.6707	38	79.0436	0	10128.8	18249	0	165741	322.932	371.401	0	15660	564.355	518.343	0.712838
15840	1.46391e+06	979.909	459	0	229	127	0	979.909	39	15.4196	0	10112	18249	0	461937	403.268	321.167	0	15840	558.84	516.33	0.71007
16020	420145	521.092	286	0	229	127	0	521.092	38.44	11.328	0	10188.4	18169.2	0	223320	315.757	344.521	0	16020	532.683	514.325	0.707313
16200	5.7042e+06	105.19	551	25	229	127	0	105.19	39	94	0	10191	18249	0	469778	377.612	363.774	0	16200	554.619	512.328	0.704566
16380	1.42978e+06	537.792	340	161	229	127	0	537.792	39	20.5702	0	10110.3	18131.9	0	307902	294.353	212.627	0	16380	544.047	510.338	0.70183
16560	1.01188e+07	186.599	1007	250	229	127	0	186.599	38	94	0	10191	18144.3	0	548731	399.781	331.937	0	16560	540.458	508.357	0.699105
16740	2.49574e+06	46.0235	249	0	229	127	0	46.0235	39	94	0	10033	18091	0	696313	248.339	272.423	0	16740	536.507	506.383	0.69639
16920	2.98767e+06	55.0951	364	30	229	127	0	55.0951	39	94	0	10033	18211	0	381310	249.321	347.095	0	16920	543.352	504.416	0.693686
17100	1.81479e+06	635.987	459	318	229	127	0	635.987	39	21.3108	0	10113.2	18170.1	0	358217	311.866	330.508	0	17100	532.166	502.457	0.690992
17280	421495	626.902	207	0	229	127	0	626.902	38.6192	10.3444	0	10033	18130.7	0	269938	282.022	380.651	0	17280	520.128	500.506	0.688309
17460	4.20198e+06	1002	1178	0	229	127	0	1002	38	25.8347	0	10088.8	18091	0	282200	292.473	332.428	0	17460	516.962	498.563	0.685636
17640	3.22529e+06	489.943	622	191	229	127	0	489.943	38	32.3684	0	10033	18247	0	269703	282.373	335.861	0	17640	512.081	496.627	0.682974
17820	4.66388e+06	173.071	544	0	229	127	0	173.071	39	65.5089	0	10191	18173.7	0	1.18798e+06	323.01	345.332	0	17820	506.435	494.698	0.680321
18000	1.50797e+06	465.89	328	105	229	127	0	465.89	39	22.6968	0	10112	18225.8	0	233142	382.949	301.317	0	18000	502.881	492.777	0.67768
18180	2.51823e+06	544	704	88	229	127	0	544	38	27.143	0	10153	18096.9	0	129561	296.953	350.544	0	18180	495.082	490.864	0.675048
18360	1.56528e+06	613.97	367	284	229	127	0	613.97	38	20.1434	0	10111.8	18170.1	0	178911	256.267	334.653	0	18360	506.84	488.957	0.672427
18540	7.59429e+06	140.045	553	0	229	127	0	140.045	39	94	0	10191	18091	0	706887	356.398	262	0	18540	489.661	487.059	0.669816
18720	1.14352e+06	760.41	409	46	229	127	0	760.41	39	15.4706	0	10111.7	18102.6	0	334783	273.189	323.574	0	18720	494.006	485.167	0.667214
18900	5.56973e+06	839.744	1057	0	229	127	0	839.744	38.9999	32.4903	0	10191	18091	0	234103	346.227	314.931	0	18900	489.642	483.283	0.664624
19080	6.36086e+06	117.3	378	0	229	127	0	117.3	39	94	0	10191	18249	0	764054	386.139	359.577	0	19080	481.254	481.407	0.662043
19260	2.73131e+06	291.243	992	95	229	127	0	291.243	39	38.6339	0	10104.4	18106.1	0	174851	331.569	330.064	0	19260	465.307	479.537	0.659472
19440	5.67904e+06	114.807	518	144	229	127	0	114.807	39	89.4496	0	10033	18091	0	311397	343.513	309.699	0	19440	473.115	477.675	0.656911
19620	2.30657e+06	189.619	277	42	229	127	0	189.619	39	-44	0	10075.1	18091	0	374465	315.289	368.096	0	19620	456.267	475.82	0.65436
19800	2.78556e+06	1061.96	542	0	229	127	0	1061.96	39	20.4321	0	10166.2	18246.8	0	458962	348.493	347.03	0	19800	457.618	473.972	0.651819
19980	416839	522.368	266	105	229	127	0	522.368	38	11.2695	0	10111.7	18170.4	0	214164	330.849	311.162	0	19980	454.131	472.132	0.649288
20160	4.87259e+06	302.191	754	35	229	127	0	302.191	39	50.6583	0	10033	18091	0	365107	273.724	315.573	0	20160	434.197	470.298	0.646766
20340	2.92484e+06	890	576	0	229	127	0	890	39	22.87	0	10191	18167.9	0	212131	284.861	329.743	0	20340	438.228	468.472	0.644255
20520	3.08914e+06	950	819	14	229	127	0	950	39	22.7493	0	10191	18171.3	0	173378	344.939	311.432	0	20520	451.535	466.653	0.641753
20700	2.44607e+06	313.269	524	4	229	127	0	313.269	38	35.2522	0	10126.5	18249	0	226833	284.378	333.698	0	20700	430.637	464.841	0.639261
20880	3.56159e+06	820	708	0	229	127	0	820	39	26.2921	0	10062.3	18091	0	378901	276.297	281.121	0	20880	427.303	463.036	0.636779
21060	430048	597.757	490	0	229	127	0	597.757	39	10.7006	0	10191	18093.1	0	609254	359.88	305.754	0	21060	445.644	461.238	0.634306
21240	1.31976e+06	764	395	88	229	127	0	764	39	16.581	0	10033	18091	0	399107	306.906	283.421	0	21240	428.533	459.447	0.631843
21420	2.16413e+06	740	570	27	229	127	0	740	39	21.5742	0	10075.8	18092.8	0	233488	306.429	323.036	0	21420	436.763	457.663	0.629389
21600	550965	400	284	88	229	127	0	400	38	14.8061	0	10033	18249	0	128263	308.896	349.628	0	21600	424.876	455.885	0.626945
21780	549789	97.903	297	33	229	127	0	97.903	39	29.8958	0	10033	18249	0	331457	324.871	332.235	0	21780	434.51	454.115	0.624511
21960	266022	358.773	211	0	229	127	0	358.773	38.9996	10.8632	0	10190.9	18171.8	0	365405	385.157	416.728	0	21960	426.143	452.352	0.622085
22140	1.06784e+06	847.738	392	0	229	127	0	847.738	38	14.159	0	10140.6	18245.6	0	253932	298.063	388.485	0	22140	407.371	450.595	0.61967
22320	4.8777e+06	89.949	408	0	229	127	0	89.949	39	93.9999	0	10033	18249	0	414220	302.271	374.406	0	22320	409.994	448.845	0.617263
22500	3.18245e+06	178.256	475	0	229	127	0	178.256	39	53.3056	0	10129.2	18091	0	249935	329.124	348.24	0	22500	413.013	447.102	0.614867
22680	851297	552	226	2	229	127	0	552	38	15.6668	0	10153.4	18091	0	175680	352.908	331.366	0	22680	401.973	445.366	0.612479
22860	0.0541889	82.1116	43	0	229	127	0	82.1116	39	-0.0102486	0	10065.7	18127.3	0	299454	296.669	303.446	0	22860	394.432	443.637	0.6101
23040	757984	652.295	388	0	229	127	0	652.295	39	13.5993	0	10033.3	18170.3	0	264250	297.228	289.868	0	23040	401.95	441.914	0.607731
23220	3.94635e+06	90.6762	510	0	229	127	0	90.6762	38	83.6101	0	10115.4	18249	0	274046	274.251	354.913	0	23220	391.655	440.198	0.605371
23400	4.27548e+06	436.742	699	228	229	127	0	436.742	38	39.4721	0	10185.3	18249	0	191237	346.344	357.251	0	23400	394.372	438.488	0.603021
23580	1.96791e+06	548	858	0	229	127	0	548	39	23.9068	0	10186.6	18231	0	254051	301.845	349.44	0	23580	395.588	436.786	0.600679
23760	893544	419.323	246	171	229	127	0	419.323	38	18.4159	0	10099.9	18172.9	0	133068	306.733	384.044	0	23760	389.703	435.09	0.598346
23940	3.17363e-12	2.22045e-14	211	0	229	127	0	2.22045e-14	38	4.76945	0	10103.4	18091	0	218622	251.879	238.373	0	23940	393.562	433.4	0.596023
24120	5.61288e+06	1074	944	0	229	127	0	1074	39	28.8404	0	10035.6	18223.6	0	375144	324.016	315.393	0	24120	395.345	431.717	0.593708
24300	1.70683e+06	747.994	425	303	229	127	0	747.994	38	19.057	0	10113.2	18168.5	0	266554	284.851	274.77	0	24300	389.949	430.041	0.591403
24480	1.85735e+06	156.985	393	0	229	127	0	156.985	38.9977	43.3938	0	10191	18091	0	308881	318.929	270.036	0	24480	393.708	428.371	0.589106
24660	4.48641e+06	82.7333	483	44	229	127	0	82.7333	38	93.9999	0	10190.4	18249	0	292361	350.962	340.712	0	24660	389.775	426.707	0.586819
24840	2.7786e+06	78.8008	285	0	229	127	0	78.8008	38.9974	75.032	0	10033	18249	0	431061	306.133	387.6	0	24840	385.58	425.05	0.58454
25020	1.18962e+06	264.765	334	27	229	127	0	264.765	38.0432	26.7414	0	10191	18168.7	0	262435	286.885	391.308	0	25020	395.75	423.4	0.58227
25200	3.40972e+06	1026	600	0	229	127	0	1026	39	22.9983	0	10124.5	18249	0	387089	357.291	385.083	0	25200	393.022	421.755	0.580009
25380	7.76634e-06	73.5389	105	0	229	127	0	73.5389	38.9997	0.000129646	0	10152.5	18209.2	0	165609	338.464	348.765	0	25380	388.963	420.118	0.577757
25560	249141	360.607	279	0	229	127	0	360.607	39	10.4861	0	10113.4	18093.4	0	226905	305.363	299.069	0	25560	380.134	418.486	0.575513
25740	6.43405e+06	701.359	920	23	229	127	0	701.359	39	38.2104	0	10191	18249	0	265217	298.86	358.26	0	25740	392.312	416.861	0.573278
25920	511359	657.765	370	0	229	127	0	657.765	39	11.1234	0	10191	18091	0	256853	326.503	275.893	0	25920	386.014	415.242	0.571052
26100	1.35035e+06	623.524	326	110	229	127	0	623.524	39	18.5655	0	10160.3	18170.9	0	284538	400.289	325.337	0	26100	391.923	413.63	0.568835
26280	3.01531e+06	56.3574	40	24	229	127	0	56.3574	38.0003	93.3134	0	10147.7	18091	0	343921	313.413	274.018	0	26280	390.543	412.024	0.566626
26460	1.99304e+06	656.529	397	0	229	127	0	656.529	39	21.9807	0	10191	18091	0	660508	266.044	250.713	0	26460	380.908	410.424	0.564425
26640	423988	559.495	431	0	229	127	0	559.495	38	10.9822	0	10187.3	18091	0	194804	304.839	317.47	0	26640	388.778	408.83	0.562233
26820	6.04096e+06	1082	1173	0	229	127	0	1082	39	29.8091	0	10185	18122	0	466239	287.23	315.423	0	26820	387.477	407.242	0.56005
27000	1.04999e+06	913.006	287	20	229	127	0	913.006	39	13.529	0	10191	18169.8	0	666945	389.842	330.22	0	27000	395.574	405.661	0.557875
27180	1.96607e+06	36.2561	197	0	229	127	0	36.2561	39	94	0	10185.4	18249	0	419541	301.629	377.181	0	27180	392.682	404.086	0.555709
27360	779268	947.417	262	0	229	127	0	947.417	39	11.4415	0	10072.8	18249	0	387644	316.033	320.822	0	27360	388.619	402.517	0.553551
27540	441360	445.887	140	31	229	127	0	445.887	38	12.5515	0	10186.8	18170.3	0	143125	311.073	300.342	0	27540	393.315	400.954	0.551402
27720	952150	641.199	436	149	229	127	0	641.199	39	15.3733	0	10112	18200.8	0	290237	317.046	287.214	0	27720	381.68	399.397	0.54926
27900	3.06374e+06	579.135	726	1	229	127	0	579.135	38.9968	29.0166	0	10033	18248.7	0	329610	326.339	327.848	0	27900	376.582	397.846	0.547127
28080	2.74081e+06	50.5428	255	0	229	127	0	50.5428	39	94	0	10033	18091	0	488879	274.681	243.902	0	28080	395.234	396.301	0.545003
28260	1.31985e+06	688	551	0	229	127	0	688	39	17.4735	0	10064.4	18091	0	259665	318.645	282.072	0	28260	387.499	394.762	0.542886
28440	2.19105e+06	733.999	823	78	229	127	0	733.999	38	21.7966	0	10190.7	18246.3	0	228276	366.568	282.366	0	28440	372.927	393.229	0.540778
28620	205890	382.857	305	0	229	127	0	382.857	39	9.25144	0	10033.7	18092.5	0	526950	302.58	308.575	0	28620	375.181	391.702	0.538678
28800	1.98989e+06	622	600	0	229	127	0	622	38	22.5647	0	10191	18236.3	0	188050	347.869	353.461	0	28800	374.671	390.181	0.536587
