MS2-QUANT	v0j
Region DEFINITION, 05-Apr-2021
COMMENT	Outline definition performed in MS2-QUANT (Main program)
FILE	MAX_20201217_RI516_C12MS2128TkTat_001_visit_20.tif
PATH	/Volumes/EBL/20201217/
PARAMETERS
Pix-XY	Pix-Z	RI	Ex	Em	NA	dT	Type
79	600	1.458	488	521	1.4	180	widefield
ANALYSIS-SETTINGS	
IMAGING-BACKGROUND	150
LIMIT-FIT-SIGMA-XY-MIN	44
LIMIT-FIT-SIGMA-XY-MAX	190
LIMIT-FIT-SIGMA-Z-MIN	0
LIMIT-FIT-SIGMA-Z-MAX	0
LIMIT-FIT-BGD-MIN	42
LIMIT-FIT-BGD-MAX	43
DETECTION-THRESHOLD	500
REGION	TxSite
X_POS	124	124	124	123	123	123	123	122	121	120	120	119	118	117	117	116	116	115	114	113	112	111	110	110	109	109	108	108	107	106	105	104	104	103	103	102	102	101	101	100	100	99	99	98	98	97	97	96	96	95	95	95	94	93	93	92	92	92	91	91	90	89	89	88	87	87	87	86	85	85	84	83	82	81	80	80	79	78	78	77	77	76	76	75	74	74	74	73	73	72	72	71	70	69	68	68	66	66	65	64	63	63	62	62	62	61	59	58	57	56	55	54	52	52	51	51	50	49	49	48	47	46	46	45	44	44	44	43	42	42	41	41	40	40	39	38	37	36	35	35	34	33	33	32	32	31	30	30	29	29	28	28	27	27	26	25	24	24	24	23	23	22	21	21	20	19	19	18	18	18	17	17	17	17	16	16	15	15	15	14	14	14	13	13	12	12	12	11	11	11	10	10	10	9	9	9	8	8	8	8	7	7	7	7	7	7	7	6	6	6	6	6	6	6	6	6	6	6	6	6	7	7	7	7	7	7	7	7	7	8	8	8	8	8	8	9	9	9	9	9	10	10	11	11	12	12	13	14	14	14	14	15	15	15	16	16	17	17	17	18	18	19	20	20	21	21	22	22	23	23	24	24	25	26	27	28	28	28	29	30	30	31	31	32	33	34	34	35	35	35	36	37	37	38	39	40	40	41	42	42	43	44	45	46	47	47	48	49	50	50	51	52	52	53	54	55	55	56	57	58	58	59	59	60	60	61	62	63	63	64	64	65	65	66	67	67	68	68	69	69	70	70	71	71	72	72	73	74	75	77	78	79	80	80	81	82	82	84	85	86	87	88	88	89	89	90	91	91	92	93	93	94	94	94	95	96	96	97	97	98	98	99	99	100	100	100	101	101	102	103	103	103	104	105	105	105	106	106	106	106	106	107	107	107	107	108	108	108	108	108	108	108	108	108	108	109	109	109	109	109	109	109	109	109	109	109	109	109	109	109	109	109	109	109	109	109	109	109	109	110	110	110	110	110	110	110	111	111	111	111	111	111	111	111	112	112	112	112	112	112	113	113	113	113	113	113	113	114	114	114	114	114	115	115	115	115	115	116	116	116	116	117	117	117	118	118	118	118	118	119	119	119	120	120	120	120	121	121	121	121	121	121	122	122	122	122	123	123	123	123	124	124	124	125	125	125	125	126	126	127	127	127	127	128	128	128	128	129	129	129	129	129	129	129	129	130	130	130	130	130	130	130	130	130	130	130	130	130	130	130	129	129	129	END
Y_POS	129	128	128	128	127	127	126	126	126	126	126	126	125	125	125	125	125	125	125	125	126	126	126	126	126	126	126	126	126	126	127	127	127	127	127	127	128	128	128	128	128	129	129	129	129	129	129	130	130	130	130	131	131	131	131	131	131	132	132	132	132	133	133	133	133	134	134	134	134	134	135	135	135	135	135	136	136	136	136	136	136	136	136	136	136	137	137	137	137	137	137	137	138	138	138	138	139	139	139	139	140	140	140	140	140	140	141	141	141	142	142	142	143	143	143	143	143	143	143	143	144	144	144	144	144	144	144	144	144	144	144	144	145	145	145	145	145	145	146	146	146	146	147	147	147	147	147	147	147	147	148	148	148	148	148	148	148	148	149	149	149	149	149	149	149	150	150	150	150	151	151	151	151	152	152	152	152	152	153	153	153	154	154	154	155	155	155	156	156	156	156	157	157	158	158	159	159	160	160	161	161	161	162	162	163	163	164	164	164	165	165	166	166	167	167	168	168	169	169	170	172	172	173	173	174	175	176	177	177	178	178	178	179	179	180	180	181	181	181	182	182	182	183	183	184	184	185	185	185	185	186	186	186	186	187	187	187	187	187	188	188	188	189	189	189	189	190	190	190	191	191	191	192	192	193	193	193	194	194	195	195	195	195	196	196	196	196	196	197	197	197	197	198	198	198	198	199	199	199	199	200	200	200	201	201	201	201	201	202	202	202	202	202	203	203	203	203	203	203	203	203	203	203	203	204	204	204	204	204	204	204	204	205	205	205	205	205	205	205	205	205	205	205	205	205	205	205	205	206	206	206	206	206	206	206	206	206	206	206	206	206	206	206	206	206	206	206	206	206	206	206	206	206	206	205	205	205	205	204	204	204	203	203	203	203	202	202	201	201	201	201	200	200	199	199	198	198	198	198	197	197	196	196	196	195	195	195	194	194	194	193	193	192	192	191	191	190	190	189	188	188	187	187	186	185	184	184	183	183	182	182	181	181	180	180	179	179	179	178	178	178	177	177	177	176	176	176	175	175	174	174	174	173	173	173	172	172	172	171	171	171	170	170	170	169	169	168	168	168	168	167	166	166	165	165	164	164	164	163	163	162	161	161	160	160	159	159	158	158	158	157	157	156	155	155	155	154	154	153	153	153	152	152	152	151	151	150	150	150	149	149	148	148	148	147	147	147	146	146	146	145	145	144	144	143	143	143	142	142	141	141	140	140	139	139	139	138	138	137	137	136	136	135	135	134	134	133	133	132	132	132	131	131	END
QUANTIFICATION
Time[s]	Q_Integrate	Q_AMP	Q_Sum_pix	Q_MIP_int	Pix_Y	Pix_X	Pix_Z	AMP	BGD	SigmaXY	SigmaZ	MuY	MuX	MuZ	RES	Cent_Y	Cent_X	Cent_Z	OPB_time	OPB_INT	OPB_FIT	OPB_FIT_norm
0	56407.8	2.70795	173	0	196	77	0	2.70795	42	57.5806	0	6083	15484	0	295170	247.664	304.117	0	0	503.106	603.503	1
180	847423	69.6651	379	57	196	77	0	69.6651	43	44	0	6094.08	15547.6	0	211831	257.141	396.871	0	180	507.95	602.417	0.998202
360	1.11837e+07	158.089	891	225	196	77	0	158.089	42	109.427	0	6083	15642	0	317305	279.179	391.917	0	360	506.385	601.334	0.996406
540	7.47411e+06	281.654	1151	267	196	77	0	281.654	42	65.0052	0	6114	15534.7	0	299220	258.801	295.704	0	540	509.502	600.253	0.994615
720	2.05101e+08	1634.91	12949	1780	196	77	0	1634.91	42	167.768	0	6191.19	15570.8	0	2.78867e+06	338.269	327.386	0	720	517.705	599.173	0.992826
900	1.49559e+08	1062.58	7658	1275	190	76	0	1062.58	43	190	0	6118.48	15121.1	0	1.87514e+06	329.922	335.509	0	900	502.665	598.096	0.99104
1080	1.62987e+08	1157.98	8591	1038	185	72	0	1157.98	43	190	0	5731.58	14708.1	0	2.36111e+06	298.643	321.035	0	1080	513.083	597.02	0.989258
1260	1.29395e+08	1034.21	8638	875	177	66	0	1034.21	42.002	167.324	0	5331.6	14079.6	0	2.67575e+06	340.854	331.102	0	1260	495.823	595.946	0.987479
1440	1.11916e+08	847.557	6311	1228	179	65	0	847.557	42.9998	176.818	0	5208.42	14235.1	0	2.56615e+06	315.938	330.584	0	1440	505.236	594.874	0.985703
1620	2.54881e+07	312.244	2571	357	179	65	0	312.244	43	119.689	0	5228.18	14228.7	0	668469	332.099	319.829	0	1620	476.275	593.805	0.98393
1800	1.41701e+07	147.824	1386	366	179	65	0	147.824	42	133.726	0	5135	14275	0	492904	242.486	350.204	0	1800	480.032	592.737	0.982161
1980	8.984e+06	218.928	764	0	179	65	0	218.928	43	81.097	0	5284.82	14141	0	626260	321.64	302.008	0	1980	481.727	591.671	0.980395
2160	9.21385e+07	685.252	5549	808	190	70	0	685.252	42	180.319	0	5688	15080.5	0	2.02596e+06	373.502	314.074	0	2160	475.242	590.607	0.978632
2340	2.32673	0.000191274	132	0	190	70	0	0.000191274	42	44.0002	0	5530	15076.3	0	97813	279.171	273.615	0	2340	473.022	589.545	0.976872
2520	8.00642e+07	806.645	6352	750	185	64	0	806.645	43	137.24	0	5149	14710.9	0	1.11087e+06	327.414	323.981	0	2520	475.16	588.484	0.975115
2700	8.1299e+07	577.611	5306	620	179	61	0	577.611	43	190	0	4843.29	14229.6	0	1.30253e+06	291.984	328.737	0	2700	481.805	587.426	0.973361
2880	7.95336e+07	581.221	5181	471	176	62	0	581.221	42.9861	183.882	0	4949.88	13965.3	0	863913	300.862	313.413	0	2880	468.588	586.37	0.971611
3060	9.11945e+07	647.916	5062	643	175	69	0	647.916	43	190	0	5485.96	13909.5	0	1.03766e+06	292.963	320.445	0	3060	477.854	585.315	0.969863
3240	1.04581e+08	900.832	7134	1086	176	67	0	900.832	42	156.016	0	5429.76	14019.7	0	1.66135e+06	356.26	337.776	0	3240	481.266	584.263	0.968119
3420	6.80336e+07	613.403	4478	1028	169	70	0	613.403	42.9994	149.957	0	5553.01	13415.9	0	1.47591e+06	282.962	315.645	0	3420	474.686	583.212	0.966378
3600	4.13631e+07	366.407	3271	467	169	70	0	366.407	42.0001	152.234	0	5585.57	13468	0	1.52407e+06	293.517	325.117	0	3600	476.024	582.163	0.96464
3780	3.24004e+06	28.139	484	0	169	70	0	28.139	42	154.884	0	5530	13385.5	0	322695	265.283	309.736	0	3780	472.038	581.116	0.962905
3960	5.13935e+06	95.197	415	29	169	70	0	95.197	42	93.7717	0	5530	13397.9	0	308977	225.742	308.354	0	3960	461.191	580.071	0.961174
4140	5.94406e+06	42.2312	814	0	169	70	0	42.2312	43	190	0	5688	13376.4	0	322380	323.697	282.15	0	4140	468.738	579.028	0.959445
4320	1.80012e+06	147.984	660	99	169	70	0	147.984	43	44	0	5588.25	13399.5	0	260970	265.485	354.02	0	4320	471.835	577.986	0.95772
4500	1.94174e+07	170.334	908	0	169	70	0	170.334	42	153.529	0	5530	13509	0	606704	225.253	336.517	0	4500	483.307	576.947	0.955997
4680	0.000221256	1.81891e-08	109	0	169	70	0	1.81891e-08	43	44	0	5530	13351	0	323092	269.37	285.087	0	4680	463.329	575.909	0.954278
4860	1.63021e+06	12.9331	82	44	169	70	0	12.9331	42	168.56	0	5530	13509	0	410681	270.144	338.212	0	4860	474.741	574.874	0.952562
5040	8.94593e+07	931.215	6891	750	181	60	0	931.215	43	133.94	0	4845.99	14371.1	0	1.33516e+06	333.054	292.479	0	5040	474.101	573.84	0.950849
5220	3.95613e+07	416.255	1600	249	181	60	0	416.255	42	132.892	0	4740	14328.9	0	1.10833e+06	210.388	294.197	0	5220	476.074	572.808	0.949139
5400	1.33475e+07	97.0636	223	57	181	60	0	97.0636	42.0001	184.913	0	4898	14299	0	533394	335.506	229.768	0	5400	471.417	571.778	0.947432
5580	6.33668e+06	47.0719	508	0	181	60	0	47.0719	42	180.552	0	4804.54	14299	0	280458	304.743	249.959	0	5580	479.965	570.75	0.945728
5760	6.93464e+07	551.821	4426	802	177	61	0	551.821	42	168.054	0	4874.61	14129.2	0	1.04261e+06	310.541	364.093	0	5760	500.813	569.723	0.944027
5940	3.23521e+07	229.854	687	21	177	61	0	229.854	43	190	0	4819	14141	0	1.00557e+06	254.119	356.697	0	5940	493.51	568.699	0.94233
6120	9.01652e+07	649.576	5634	884	183	54	0	649.576	43	186.916	0	4325.31	14550.2	0	1.52003e+06	310.114	319.389	0	6120	492.007	567.676	0.940635
6300	7.98002e+07	746.645	5849	471	182	53	0	746.645	43	145.426	0	4274.82	14441.3	0	1.02841e+06	320.295	313.628	0	6300	489.627	566.655	0.938943
6480	1.97727e+07	176.638	673	14	182	53	0	176.638	42	151.136	0	4226.22	14378	0	1.42618e+06	276.568	200.455	0	6480	481.037	565.636	0.937255
6660	7.5553e+07	622.86	5199	833	173	50	0	622.86	42	162.412	0	4018.79	13802.3	0	1.20621e+06	304.153	359.777	0	6660	464.062	564.619	0.935569
6840	1.15075e+08	949.855	7704	1052	178	43	0	949.855	43	162.223	0	3536.22	14168.3	0	1.95475e+06	355.692	334.496	0	6840	494.544	563.603	0.933887
7020	8.41979e+07	926.405	6976	1612	175	49	0	926.405	43	128.711	0	3968.33	13926	0	1.71517e+06	340.207	336.934	0	7020	480.652	562.59	0.932207
7200	2.00698e+08	1476.79	11934	1881	177	52	0	1476.79	42.0004	182.464	0	4208.09	14119.7	0	3.83809e+06	333.404	349.851	0	7200	502.009	561.578	0.930531
7380	1.25062e+08	888.538	7632	868	183	56	0	888.538	43	190	0	4493.66	14548.2	0	3.15847e+06	309.738	319.418	0	7380	510.583	560.568	0.928857
7560	1.09813e+08	780.194	6236	993	183	54	0	780.194	43	190	0	4304.26	14535.6	0	1.82174e+06	296.293	316.509	0	7560	505.285	559.56	0.927187
7740	1.27437e+08	905.41	7464	972	181	59	0	905.41	43	190	0	4777.11	14377.5	0	2.52393e+06	330.216	317.523	0	7740	522.123	558.554	0.92552
7920	1.03654e+08	1028.4	8035	718	181	58	0	1028.4	43	138.853	0	4644.79	14410.1	0	1.6255e+06	297.357	331.977	0	7920	505.156	557.549	0.923855
8100	8.21958e+07	589.098	4881	1003	178	50	0	589.098	42	188.051	0	4089.13	14151.9	0	1.24051e+06	353.826	322.268	0	8100	507.442	556.546	0.922194
8280	7.96565e+07	565.941	4796	934	181	51	0	565.941	43	190	0	4097.95	14384.8	0	2.18336e+06	311.044	315.024	0	8280	496.877	555.545	0.920535
8460	1.16427e+08	827.189	6523	789	186	51	0	827.189	43	190	0	4081.35	14740.4	0	1.68538e+06	304.499	298.706	0	8460	507.234	554.546	0.91888
8640	1.22088e+08	867.403	6860	1009	187	56	0	867.403	43	190	0	4485.42	14837.5	0	2.70255e+06	302.613	316.006	0	8640	498.283	553.549	0.917227
8820	7.37628e+07	571.717	3728	443	187	56	0	571.717	42	172.576	0	4424	14931	0	1.0521e+06	262.167	375.887	0	8820	495.962	552.554	0.915578
9000	1.0411e+08	784.624	6173	1016	188	48	0	784.624	42.9999	177.738	0	3813.62	14912.8	0	2.52133e+06	288.235	307.487	0	9000	501.917	551.56	0.913931
9180	1.44715e+08	1215.85	9261	838	189	47	0	1215.85	42.998	159.573	0	3784.45	15008.2	0	2.55947e+06	310.865	315.199	0	9180	508.26	550.568	0.912288
9360	7.50339e+07	552.42	4229	586	189	47	0	552.42	42	182.354	0	3718.23	15089	0	983599	274.099	373.085	0	9360	517.153	549.578	0.910647
9540	7.60559e+07	607.158	5475	304	189	45	0	607.158	42.0001	167.523	0	3685.97	14986.7	0	2.20474e+06	353.409	303.108	0	9540	518.267	548.59	0.909009
9720	2.07034e+07	261.275	1095	124	189	45	0	261.275	42	117.412	0	3713	14934.3	0	701686	415.575	265.917	0	9720	513.415	547.603	0.907374
9900	1.65494e+07	126.241	1222	0	189	45	0	126.241	42	175.466	0	3713	14931	0	723560	361.353	232.218	0	9900	515.336	546.618	0.905743
10080	2.44825e+07	281.213	1122	15	189	45	0	281.213	42	124.938	0	3713	14958.6	0	871609	413.09	269.345	0	10080	512.561	545.635	0.904114
10260	1.41686e+07	100.664	954	175	189	45	0	100.664	43	190	0	3713	14931	0	631705	342.515	237.238	0	10260	519.083	544.654	0.902488
10440	3.67139e+06	301.818	929	0	189	45	0	301.818	42	44	0	3572.15	14931	0	248995	303.369	283.636	0	10440	497.043	543.674	0.900865
10620	1.49771e+06	123.124	385	17	189	45	0	123.124	42	44	0	3703.81	15014.7	0	293238	297.88	328.847	0	10620	500.501	542.697	0.899245
10800	6.41676e+06	527.51	919	167	189	45	0	527.51	42	44	0	3556.99	14931	0	377490	280.012	282.164	0	10800	497.197	541.721	0.897628
10980	478257	39.3163	262	0	189	45	0	39.3163	42	44.0002	0	3555	14936.9	0	190292	283.999	343.876	0	10980	492.118	540.746	0.896013
11160	461446	37.9346	105	1	189	45	0	37.9346	42	44	0	3555	14999	0	253817	334.184	303.337	0	11160	505.055	539.774	0.894402
11340	37097.6	3.04971	107	0	189	45	0	3.04971	42	44.0001	0	3563.51	14931	0	114329	278.49	236.72	0	11340	493.508	538.803	0.892793
11520	1.67277e+06	137.515	322	36	189	45	0	137.515	42	44	0	3555	14931	0	141353	254.67	334.834	0	11520	489.14	537.834	0.891188
11700	1.70294e+06	139.996	341	242	189	45	0	139.996	42	44	0	3629.03	15005.6	0	151175	206.788	309.895	0	11700	497.317	536.867	0.889585
11880	494834	40.6662	201	17	189	45	0	40.6662	43	44.0071	0	3713	15081.1	0	219985	320.826	287.254	0	11880	495.908	535.902	0.887985
12060	1.65647e+06	136.175	241	0	189	45	0	136.175	43	44.0001	0	3555	14994.1	0	282423	276.547	267.644	0	12060	493.97	534.938	0.886388
12240	1.87942e+06	47.9057	148	0	189	45	0	47.9057	43	79.2388	0	3555	15089	0	439690	333.725	300.993	0	12240	497.868	533.976	0.884794
12420	6.14675e+06	71.9377	735	57	189	45	0	71.9377	42	123.365	0	3563	15084.2	0	333528	277.138	355.089	0	12420	486.557	533.015	0.883203
12600	2.54401e+06	209.139	746	0	189	45	0	209.139	42	44	0	3555	14931	0	278154	206.67	324.255	0	12600	488.104	532.057	0.881615
12780	4.66002e+06	36.8262	411	0	189	45	0	36.8262	43	169.215	0	3713	14931	0	438456	337.117	308.657	0	12780	493.516	531.1	0.880029
12960	1.31345e+06	31.8378	48	0	189	45	0	31.8378	42	81.3198	0	3713	14931	0	269384	386.999	281.063	0	12960	499.842	530.145	0.878447
13140	311867	6.65393	179	44	189	45	0	6.65393	42	86.9251	0	3711.6	14931	0	120413	341.257	274.809	0	13140	475.985	529.192	0.876867
13320	1.3493e+06	110.923	211	0	189	45	0	110.923	42	44	0	3625.84	14931	0	224304	369.47	324.831	0	13320	495.03	528.24	0.87529
13500	48.7321	0.00400605	120	88	189	45	0	0.00400605	42	44.0007	0	3667.91	15073.5	0	248784	305.046	317.81	0	13500	481.413	527.29	0.873716
13680	3.09076e+06	254.085	607	0	189	45	0	254.085	42	44	0	3626.93	14937.9	0	206249	342.89	324.505	0	13680	479.367	526.342	0.872145
13860	3.5816e+06	38.6301	292	0	189	45	0	38.6301	42	130.539	0	3555	14931	0	269311	267.638	255.43	0	13860	474.423	525.395	0.870576
14040	3.80253e+06	64.6393	151	0	189	45	0	64.6393	42	98.3278	0	3713	15089	0	228307	364.779	341.876	0	14040	482.374	524.45	0.869011
14220	7.80307e+06	78.058	445	318	189	45	0	78.058	42	137.983	0	3686.43	14956.1	0	358934	315.252	300.108	0	14220	485.805	523.507	0.867448
14400	1.33727e+06	10.3121	270	0	189	45	0	10.3121	42	173.488	0	3555	14931	0	277751	249.297	276.686	0	14400	476.572	522.566	0.865888
14580	1.81529e+06	149.231	493	46	189	45	0	149.231	42	44	0	3696.73	15021.6	0	107441	334.254	331.934	0	14580	467.948	521.626	0.864331
14760	73066.3	5.99982	425	8	189	45	0	5.99982	42	44.025	0	3712.29	15089	0	135705	390.625	348.714	0	14760	475.445	520.688	0.862776
14940	2.54261e+06	42.4964	279	0	189	45	0	42.4964	42	99.2667	0	3555	15089	0	288646	270.193	400.206	0	14940	476.182	519.751	0.861225
15120	0.00608079	4.9974e-07	123	0	189	45	0	4.9974e-07	42	44.0066	0	3555	14997.4	0	103029	268.991	335.801	0	15120	469.829	518.817	0.859676
15300	1.48089e+06	60.9792	202	0	189	45	0	60.9792	42	62.1785	0	3713	14931	0	262360	361.327	304.191	0	15300	471.095	517.884	0.85813
15480	0.0866277	7.1215e-06	253	0	189	45	0	7.1215e-06	43	44	0	3555	15022.7	0	271231	278.516	323.517	0	15480	469.221	516.952	0.856586
15660	3.21299e+06	264.134	479	20	189	45	0	264.134	42	44	0	3708.95	14931	0	275220	353.662	251.02	0	15660	457.423	516.023	0.855046
15840	1.8234e+06	149.898	444	55	189	45	0	149.898	42	44	0	3636.22	14931	0	132703	325.382	251.704	0	15840	452.95	515.095	0.853508
16020	0.0430743	3.54105e-06	61	0	189	45	0	3.54105e-06	42	44	0	3588.61	15089	0	183601	429.456	331.161	0	16020	468.941	514.168	0.851973
16200	2.84353e+06	195.424	502	208	189	45	0	195.424	42	48.1227	0	3713	15047.5	0	165289	299.415	360.894	0	16200	478.596	513.244	0.850441
16380	2.85528e+06	234.728	543	0	189	45	0	234.728	42	44	0	3643	14931.1	0	157988	337.285	294.15	0	16380	495.592	512.321	0.848912
16560	7.11874e+07	725.051	5462	750	174	33	0	725.051	42	136.122	0	2664.99	13774.5	0	1.41175e+06	305.015	277.509	0	16560	502.662	511.399	0.847385
16740	1.67186e+08	1686.77	12553	1591	175	32	0	1686.77	42	137.094	0	2613.35	13867.7	0	2.23856e+06	323.399	289.71	0	16740	503.879	510.479	0.845861
16920	1.71692e+08	1303.26	10428	1262	161	40	0	1303.26	42.9983	176.383	0	3201.84	12796	0	3.39748e+06	296.935	312.494	0	16920	513.981	509.561	0.84434
17100	1.89606e+08	1465.66	11949	1607	158	46	0	1465.66	43	173.053	0	3728.1	12568.7	0	3.01879e+06	321.976	325.344	0	17100	521.617	508.645	0.842822
17280	2.31543e+08	2286.07	16264	2307	179	51	0	2286.07	42	139.375	0	4065.2	14175.2	0	4.29058e+06	275.391	281.035	0	17280	522.701	507.73	0.841306
17460	2.25429e+08	1776.95	14742	1349	177	49	0	1776.95	42.9995	169.647	0	3955.91	14079.3	0	5.12369e+06	319.176	327.874	0	17460	533.761	506.817	0.839793
17640	1.77364e+08	1419.91	11811	1991	179	54	0	1419.91	42.0001	167.058	0	4337.31	14167.8	0	5.21956e+06	312.106	277.723	0	17640	519.315	505.906	0.838283
17820	1.81709e+08	1291	10993	1036	178	61	0	1291	42.9995	190	0	4888.99	14124.1	0	5.26204e+06	313.546	304.788	0	17820	543.201	504.996	0.836775
18000	1.90557e+08	1666.59	12852	2207	175	66	0	1666.59	43	153.932	0	5300.64	13891.1	0	3.67053e+06	325.486	303.763	0	18000	537.685	504.088	0.83527
18180	1.905e+08	1498.98	12062	1554	179	67	0	1498.98	42.001	169.946	0	5402.26	14162	0	4.42993e+06	340.871	279.016	0	18180	546.767	503.181	0.833768
18360	2.15239e+08	1529.22	11903	1175	172	72	0	1529.22	43	190	0	5803.61	13650.7	0	4.3243e+06	334.233	308.678	0	18360	557.692	502.276	0.832269
18540	1.34828e+08	992.58	7983	674	175	74	0	992.58	42.0002	182.366	0	5936.85	13960.7	0	2.88135e+06	326.086	348.943	0	18540	561.299	501.373	0.830772
18720	2.35895e+08	1675.98	13622	1588	177	75	0	1675.98	43	190	0	5958.52	14059.2	0	5.07963e+06	292.075	315.017	0	18720	582.326	500.471	0.829278
18900	2.54242e+08	1845.12	14736	2611	177	79	0	1845.12	43	185.341	0	6307.17	14101.2	0	4.60992e+06	309.373	333.153	0	18900	573.531	499.571	0.827786
19080	1.23447e+08	988.732	7337	1131	178	79	0	988.732	42	166.982	0	6250.6	14164.4	0	3.94169e+06	275.05	329.405	0	19080	571.028	498.673	0.826298
19260	1.53252e+08	1438.9	10486	2090	183	81	0	1438.9	43	145.016	0	6511.69	14534.6	0	4.06572e+06	332.811	322.803	0	19260	570.211	497.776	0.824812
19440	1.45434e+08	1033.27	8524	1221	180	79	0	1033.27	43	190	0	6399	14305.8	0	3.40717e+06	369.219	315.812	0	19440	567.933	496.881	0.823328
19620	1.36749e+08	1011.52	7973	1578	186	84	0	1011.52	42.0004	181.404	0	6735.52	14734.7	0	3.76506e+06	329.242	293.56	0	19620	581.504	495.987	0.821848
19800	1.46831e+08	1445.66	10816	1550	185	83	0	1445.66	43	139.674	0	6608.02	14715.8	0	2.02302e+06	294.518	325.345	0	19800	582.938	495.095	0.82037
19980	9.61144e+07	1098.76	7880	1553	183	83	0	1098.76	43	125.343	0	6649.7	14513.4	0	2.90084e+06	342.358	305.486	0	19980	589.994	494.205	0.818895
20160	1.03901e+08	844.145	6866	1437	172	80	0	844.145	43	164.685	0	6429.78	13686.5	0	2.39297e+06	327.469	325.542	0	20160	576.847	493.316	0.817422
20340	1.3653e+08	1267.8	9892	997	171	79	0	1267.8	43	146.327	0	6263.16	13626.1	0	4.01843e+06	286.046	349.217	0	20340	582.8	492.429	0.815952
20520	8.78468e+07	864.629	6907	1175	180	81	0	864.629	43	139.711	0	6474.5	14343.8	0	2.46999e+06	306.175	352.993	0	20520	576.257	491.544	0.814484
20700	1.04701e+08	1449.16	9562	1334	173	77	0	1449.16	43	110.833	0	6174.51	13758.4	0	2.19104e+06	331.557	327.71	0	20700	586.916	490.66	0.81302
20880	1.19437e+08	931.446	7224	1876	170	78	0	931.446	43	171.491	0	6210.93	13555.8	0	4.04718e+06	298.716	339.895	0	20880	577.789	489.777	0.811558
21060	6.11626e+07	434.546	2569	194	170	78	0	434.546	43	190	0	6162	13464.6	0	1.82494e+06	244.898	302.474	0	21060	582.74	488.896	0.810098
21240	1.11474e+08	1193.88	8474	1363	167	76	0	1193.88	43	131.199	0	6129.44	13236.7	0	3.16812e+06	350.898	296.618	0	21240	587.1	488.017	0.808641
21420	1.03853e+08	739.91	6065	644	165	76	0	739.91	42	189.371	0	6127.49	13155.1	0	2.90365e+06	337.896	337.143	0	21420	595.976	487.139	0.807187
21600	3.53454e+07	251.121	868	237	165	76	0	251.121	43	190	0	6044.4	13035	0	1.71986e+06	284.778	254.959	0	21600	588.422	486.263	0.805735
21780	6.61761e+07	920.879	5934	1011	165	77	0	920.879	43	110.472	0	6154.18	13079.9	0	2.38346e+06	317.607	301.082	0	21780	607.008	485.389	0.804286
21960	4.20127e+07	368.734	1895	260	165	77	0	368.734	42.9999	153.46	0	6083	13096.5	0	1.09196e+06	244.982	309.72	0	21960	589.168	484.516	0.80284
22140	1.28812e+07	91.5179	572	0	165	77	0	91.5179	43	190	0	6083	13035	0	711635	230.198	279.759	0	22140	589.423	483.645	0.801396
22320	2.34434e+06	192.724	583	94	165	77	0	192.724	43	44	0	6138.66	13158.7	0	537841	268.119	306.046	0	22320	572.676	482.775	0.799955
22500	1.26909e+07	116.295	685	61	165	77	0	116.295	42	147.934	0	6195.2	13193	0	545352	322.126	364.331	0	22500	585.437	481.907	0.798516
22680	3.49344e+06	34.6393	572	36	165	77	0	34.6393	42	138.917	0	6241	13091.2	0	321360	364.432	325.093	0	22680	588.933	481.04	0.79708
22860	1.57703e+07	112.045	838	0	165	77	0	112.045	43	190	0	6234.13	13193	0	1.01698e+06	359.088	369.447	0	22860	564.158	480.175	0.795647
23040	1.32068e+08	1233.79	10061	963	150	69	0	1233.79	43	145.608	0	5500.41	11938.6	0	3.34086e+06	302.76	336.1	0	23040	602.465	479.311	0.794216
23220	1.36167e+08	1548.87	10609	2035	152	73	0	1548.87	43	125.774	0	5866.2	12145.3	0	2.85794e+06	333.598	367.936	0	23220	577.476	478.449	0.792788
23400	1.08839e+08	1342.98	9337	1118	153	74	0	1342.98	43	119.128	0	5942.19	12175.6	0	2.63158e+06	336.78	327.491	0	23400	595.342	477.589	0.791362
23580	1.12287e+08	1354.83	9501	1190	154	79	0	1354.83	42.0001	120.887	0	6301.71	12246.4	0	3.11012e+06	297.989	328.831	0	23580	598.625	476.73	0.789939
23760	1.18039e+08	1626.9	10260	1477	155	80	0	1626.9	42.9999	111.119	0	6439.74	12318.5	0	2.44407e+06	358.504	322.729	0	23760	601.507	475.873	0.788518
23940	6.91573e+07	1498.75	7428	1586	154	80	0	1498.75	43	86.2122	0	6397.22	12272.3	0	2.30863e+06	298.851	324.276	0	23940	604.004	475.017	0.7871
24120	8.43364e+07	1060.84	7698	404	151	83	0	1060.84	42.0001	117.659	0	6654.02	12049.1	0	2.9552e+06	333.346	345.404	0	24120	605.264	474.163	0.785684
24300	5.5459e+07	638.358	4639	299	151	83	0	638.358	42.9999	124.759	0	6637.09	11951.3	0	1.43366e+06	321.065	280.783	0	24300	612.679	473.31	0.784272
24480	5.08523e+06	243.59	651	206	151	83	0	243.59	42	57.6439	0	6715	11939.6	0	289303	391.559	271.435	0	24480	601.233	472.459	0.782861
24660	5.37108e+06	441.546	949	260	151	83	0	441.546	42	44	0	6684.34	12006	0	346865	391.037	318.68	0	24660	601.108	471.609	0.781453
24840	5.866e+07	855.863	5241	1164	150	93	0	855.863	43	107.374	0	7399.89	11909.3	0	1.40926e+06	300.354	315.216	0	24840	602.007	470.761	0.780048
25020	9.38129e+07	1320.83	8525	1272	145	86	0	1320.83	42	109.691	0	6892.14	11561.9	0	1.19702e+06	332.676	346.3	0	25020	608.454	469.914	0.778645
25200	7.66399e+07	1067.84	6632	944	145	86	0	1067.84	42	110.387	0	6852.51	11496.1	0	1.66985e+06	302.424	286.107	0	25200	613.42	469.069	0.777245
25380	3.02559e+07	227.512	1097	118	145	86	0	227.512	42	178.169	0	6952	11455	0	1.61077e+06	370.17	252.747	0	25380	608.208	468.226	0.775847
25560	4.23123e+06	347.842	566	33	145	86	0	347.842	43	44	0	6794	11455	0	642463	280.541	308.186	0	25560	610.915	467.384	0.774452
25740	9.85173e+07	1714.05	9896	1386	156	96	0	1714.05	43	97.0621	0	7640.34	12389.5	0	2.66486e+06	298.55	314.425	0	25740	622.097	466.543	0.773059
25920	1.40582e+08	1962.66	12527	1443	156	91	0	1962.66	42.9998	110.253	0	7297.43	12388.1	0	3.7372e+06	337.849	302.006	0	25920	615.517	465.704	0.771669
26100	1.33993e+08	1346.52	9407	1451	157	89	0	1346.52	42.9999	137.506	0	7082.25	12466.2	0	3.59093e+06	291.367	305.009	0	26100	623.827	464.867	0.770281
26280	8.99299e+07	1093.19	8074	1236	160	89	0	1093.19	43	120.297	0	7151.32	12731.7	0	2.98182e+06	343.953	314.552	0	26280	618.89	464.031	0.768896
26460	7.6809e+07	1131.11	6980	1413	160	97	0	1131.11	43	106.785	0	7736.18	12693.3	0	1.40367e+06	295.424	303.136	0	26460	627.711	463.196	0.767513
26640	1.24741e+07	88.6256	313	0	160	97	0	88.6256	43	190	0	7821	12798	0	730388	366.093	381.234	0	26640	629.166	462.363	0.766133
26820	1.87807e+07	202.836	1645	246	160	97	0	202.836	42.0001	130.414	0	7821	12717.2	0	552995	350.789	349.46	0	26820	632.673	461.532	0.764755
27000	6.83118e+07	682.925	6128	261	154	101	0	682.925	43	138.049	0	8069.85	12265.1	0	2.41484e+06	322.078	342.777	0	27000	631.291	460.702	0.763379
27180	8.87057e+07	1015.17	7218	1315	151	104	0	1015.17	43	125.25	0	8245.11	11974.5	0	2.00805e+06	289.238	281.65	0	27180	630.903	459.873	0.762007
27360	7.5529e+07	662.485	5127	923	153	102	0	662.485	43	153.543	0	8183.26	12242.4	0	2.68938e+06	348.824	354.651	0	27360	624.827	459.046	0.760636
27540	3.47967e+07	247.223	1000	34	153	102	0	247.223	43	190	0	8216	12213.2	0	2.17909e+06	397.214	322.205	0	27540	623.511	458.22	0.759268
27720	7.62957e+07	1212.2	7630	1127	143	104	0	1212.2	43	102.166	0	8324.85	11410.6	0	1.32766e+06	337.197	344.163	0	27720	625.261	457.396	0.757903
27900	1.05844e+08	1302.16	8658	1173	140	103	0	1302.16	43	119.358	0	8259.63	11160.5	0	1.55966e+06	357.687	332.13	0	27900	616.712	456.574	0.75654
28080	9.96545e+07	1851.69	10200	1854	138	106	0	1851.69	43	93.6121	0	8467.05	10974.2	0	2.2652e+06	327.944	307.468	0	28080	617.691	455.753	0.755179
28260	8.5252e+07	950.117	6598	1409	137	110	0	950.117	43	127.561	0	8761.75	10878.9	0	2.94427e+06	310.96	310.351	0	28260	625.929	454.933	0.753821
28440	1.05492e+07	867.226	1405	264	137	110	0	867.226	43	44	0	8759.5	10823	0	791107	322.495	277.728	0	28440	630.946	454.115	0.752466
28620	2.2674e+07	227.263	1593	280	137	110	0	227.263	43	137.779	0	8848	10888	0	582249	371.668	322.702	0	28620	640.544	453.298	0.751112
28800	7.66803e+07	1082.14	7124	941	130	119	0	1082.14	43	109.536	0	9470.93	10373.1	0	1.60924e+06	325.442	329.588	0	28800	635.081	452.483	0.749762
