MS2-QUANT	v0j
Region DEFINITION, 05-Apr-2021
COMMENT	Outline definition performed in MS2-QUANT (Main program)
FILE	MAX_20201217_RI516_C12MS2128TkTat_001_visit_35.tif
PATH	/Volumes/EBL/20201217/
PARAMETERS
Pix-XY	Pix-Z	RI	Ex	Em	NA	dT	Type
79	600	1.458	488	521	1.4	180	widefield
ANALYSIS-SETTINGS	
IMAGING-BACKGROUND	150
LIMIT-FIT-SIGMA-XY-MIN	-50
LIMIT-FIT-SIGMA-XY-MAX	96
LIMIT-FIT-SIGMA-Z-MIN	0
LIMIT-FIT-SIGMA-Z-MAX	0
LIMIT-FIT-BGD-MIN	54
LIMIT-FIT-BGD-MAX	55
DETECTION-THRESHOLD	500
REGION	TxSite
X_POS	326	325	324	323	322	321	321	320	319	319	318	317	317	316	316	315	315	314	314	313	313	312	312	311	311	311	310	310	310	309	309	309	309	309	309	309	308	308	308	308	308	308	308	308	308	308	308	308	309	309	309	310	310	311	311	312	312	313	314	314	315	315	316	317	318	319	320	321	322	323	324	325	325	326	326	327	328	328	329	329	330	330	331	331	332	332	333	333	334	335	335	335	335	336	336	337	337	337	337	338	338	338	338	338	339	339	339	339	339	339	339	339	339	339	338	337	337	336	336	335	335	334	334	333	333	332	END
Y_POS	255	255	255	255	256	256	257	257	257	258	258	258	259	259	260	260	261	261	262	262	263	264	265	265	266	267	267	268	269	269	270	271	272	273	274	275	275	276	277	278	279	280	281	282	283	284	285	286	286	287	288	288	289	289	290	290	291	291	291	292	292	293	293	293	293	293	293	293	293	293	293	293	292	292	291	291	291	290	290	289	289	288	288	287	287	286	285	284	283	283	282	281	280	280	279	279	278	277	276	275	274	273	272	271	271	270	269	268	267	266	265	264	263	262	261	261	260	260	259	259	258	258	257	257	256	256	END
QUANTIFICATION
Time[s]	Q_Integrate	Q_AMP	Q_Sum_pix	Q_MIP_int	Pix_Y	Pix_X	Pix_Z	AMP	BGD	SigmaXY	SigmaZ	MuY	MuX	MuZ	RES	Cent_Y	Cent_X	Cent_Z	OPB_time	OPB_INT	OPB_FIT	OPB_FIT_norm
0	1.18597e+06	737.514	538	0	274	324	0	737.514	54	15.9979	0	25754	21725	0	266216	304.047	347.912	0	0	808.098	918.377	1
180	3.66444e+06	65.0343	455	0	274	324	0	65.0343	54	96	0	25596	21804	0	391533	301.615	354.42	0	180	792.847	916.725	0.998202
360	2.60397e+06	256.5	407	0	274	324	0	256.5	55	40.1961	0	25596	21684.1	0	308040	283.142	310.73	0	360	805.502	915.077	0.996406
540	978553	442	388	57	274	324	0	442	54	18.7712	0	25754	21804	0	162883	339.006	371.823	0	540	795.442	913.431	0.994615
720	671708	723.347	461	162	274	324	0	723.347	54	12.157	0	25677.4	21724.9	0	303681	316.838	273.117	0	720	787.899	911.788	0.992826
900	6.51579e+06	115.639	886	190	274	324	0	115.639	55	95.9998	0	25687.4	21804	0	490301	325.119	383.001	0	900	791.887	910.149	0.99104
1080	3.77467e+06	858	854	0	274	324	0	858	54.5956	26.461	0	25646	21646	0	350426	312.122	267.107	0	1080	794.967	908.512	0.989258
1260	4.50829e+06	80.0105	322	0	274	324	0	80.0105	54	96	0	25754	21646	0	338715	368.483	272.348	0	1260	777.397	906.878	0.987479
1440	3.79281e+06	67.3126	752	0	274	324	0	67.3126	55	96	0	25754	21698.8	0	424545	354.545	323.845	0	1440	776.867	905.247	0.985703
1620	1.8407e+06	140.366	363	0	274	324	0	140.366	54	45.6847	0	25612.9	21646	0	490835	264.047	305.576	0	1620	746.48	903.619	0.98393
1800	2.15875e+06	171.125	538	83	274	324	0	171.125	55	44.8079	0	25674.6	21804	0	447742	352.948	306.01	0	1800	770.98	901.994	0.982161
1980	1.31103e+06	858.978	649	0	274	324	0	858.978	55	15.5857	0	25672.8	21804	0	324540	293.481	303.11	0	1980	759.273	900.372	0.980395
2160	1.41332e+06	815.945	649	0	274	324	0	815.945	54	16.6035	0	25739.9	21666.6	0	292773	327.488	316.869	0	2160	756.881	898.753	0.978632
2340	4.9475e+06	87.8053	755	0	274	324	0	87.8053	55	96	0	25596	21646	0	479209	299.085	295.996	0	2340	757.226	897.136	0.976872
2520	4.06764e+06	72.19	591	3	274	324	0	72.19	55	96	0	25754	21804	0	559607	327.629	339.003	0	2520	742.946	895.523	0.975115
2700	3.87544e+06	89.9699	566	0	274	324	0	89.9699	54	83.1621	0	25754	21667	0	263899	377.57	283.846	0	2700	749.809	893.912	0.973361
2880	1.18527e+06	98.1599	558	20	274	324	0	98.1599	54	43.8381	0	25606.8	21646	0	261613	318.13	290.909	0	2880	752.902	892.305	0.971611
3060	159197	281.576	134	54	274	324	0	281.576	55	-9.48594	0	25732.4	21725.2	0	419061	336.769	255.946	0	3060	743.683	890.7	0.969863
3240	2.62811e+06	782	995	62	274	324	0	782	54.8346	23.1275	0	25744.2	21712.1	0	362825	294.75	265.418	0	3240	735.974	889.098	0.968119
3420	3.32045e+06	129.564	743	140	274	324	0	129.564	54	63.8788	0	25683.1	21646	0	313794	292.909	335.56	0	3420	742.788	887.499	0.966378
3600	3.18136e+06	56.461	447	15	274	324	0	56.461	55	96	0	25596	21646	0	345523	332.62	299.835	0	3600	748.496	885.903	0.96464
3780	1.15362	153.59	67	0	274	324	0	153.59	54.9294	0.0345748	0	25704.3	21735.8	0	485799	343.11	326.637	0	3780	747.254	884.31	0.962905
3960	1.98256e+06	686	488	0	274	324	0	686	54	21.4467	0	25754	21646	0	293537	291.453	257.934	0	3960	741.721	882.72	0.961174
4140	526894	538.293	466	102	274	324	0	538.293	55	12.4814	0	25637.2	21724.5	0	304765	303.716	307.433	0	4140	738.248	881.132	0.959445
4320	1.01131e+06	485.999	678	0	274	324	0	485.999	54	18.1984	0	25659.9	21804	0	253181	295.636	325.373	0	4320	728.949	879.548	0.95772
4500	1.2693e+06	562.939	605	199	274	324	0	562.939	55	18.9436	0	25675.3	21753.8	0	279363	346.578	327.489	0	4500	743.147	877.966	0.955997
4680	1.14977e+06	658	547	118	274	324	0	658	54.3423	16.6764	0	25630.8	21736.8	0	313740	367.862	300.683	0	4680	741.775	876.387	0.954278
4860	1.83345e+06	704	744	224	274	324	0	704	55	20.3591	0	25641.2	21709.9	0	457946	280.006	291.291	0	4860	739.569	874.811	0.952562
5040	1.09069e+06	561.63	662	0	274	324	0	561.63	55	-17.5807	0	25754	21724.9	0	246851	318.037	296.746	0	5040	738.253	873.238	0.950849
5220	1.82979e+06	505.989	440	253	274	324	0	505.989	54	23.9906	0	25704.5	21725	0	165985	276.086	293.256	0	5220	732.11	871.667	0.949139
5400	8.77596	67.7626	172	0	274	324	0	67.7626	54.0007	0.14357	0	25601.5	21647.2	0	351948	260.551	263.333	0	5400	734.307	870.1	0.947432
5580	969291	679.985	335	0	274	324	0	679.985	55	-15.0622	0	25596	21737.1	0	372565	331.816	364.886	0	5580	730.521	868.535	0.945728
5760	2.76239e+06	185.157	642	0	274	324	0	185.157	55	48.7285	0	25754	21658.4	0	505899	333.362	272.974	0	5760	726.801	866.973	0.944027
5940	0.152951	98.3173	213	0	274	324	0	98.3173	54	-0.0157352	0	25655.4	21746.1	0	457741	319.764	228.713	0	5940	723.388	865.414	0.94233
6120	485523	660.171	178	0	274	324	0	660.171	54	10.819	0	25674.3	21802.1	0	342915	324.818	302.822	0	6120	724.558	863.858	0.940635
6300	787210	770.063	465	0	274	324	0	770.063	54.0038	12.7553	0	25596.7	21724.5	0	349445	269.792	279.293	0	6300	739.054	862.304	0.938943
6480	2.21105e+06	96.2502	445	0	274	324	0	96.2502	54	60.471	0	25613.3	21804	0	298317	318.727	406.881	0	6480	713.948	860.753	0.937255
6660	485024	614.236	256	0	274	324	0	614.236	54	-11.2105	0	25596	21646.2	0	314341	306.597	343.378	0	6660	727.803	859.205	0.935569
6840	3.39897e+06	150.615	966	94	274	324	0	150.615	55	59.9353	0	25664.8	21646	0	290629	319.457	337.192	0	6840	735.796	857.66	0.933887
7020	1.98625e+06	175.713	587	55	274	324	0	175.713	54	42.4155	0	25602.7	21646	0	283765	309.959	300.971	0	7020	729.509	856.118	0.932207
7200	498111	637.075	360	8	274	324	0	637.075	54	11.1552	0	25649.1	21804	0	278221	293.255	310.586	0	7200	744.153	854.578	0.930531
7380	1.96604e+06	126.698	692	0	274	324	0	126.698	54	49.6961	0	25596	21804	0	287790	297.54	363.558	0	7380	744.475	853.041	0.928857
7560	3.53064e+06	931.75	1339	326	274	324	0	931.75	55	24.5577	0	25677.5	21688	0	589892	298.949	287.513	0	7560	746.239	851.507	0.927187
7740	1.3083e+06	515.999	650	258	274	324	0	515.999	54	20.0881	0	25679.4	21727	0	177918	312.914	306.355	0	7740	754.739	849.976	0.92552
7920	2.55714e+06	1054	1143	0	274	324	0	1054	54	19.6502	0	25623.6	21646	0	468891	258.98	320.447	0	7920	726.933	848.447	0.923855
8100	429449	555.111	497	0	274	324	0	555.111	55	11.0962	0	25599.7	21724	0	434695	299.056	343.202	0	8100	733.973	846.921	0.922194
8280	1.14247e+06	572	654	172	274	324	0	572	54	17.8293	0	25684.2	21693.8	0	181385	281.096	375.484	0	8280	729.351	845.398	0.920535
8460	1.07434e+06	782.55	280	228	274	324	0	782.55	54	14.7817	0	25674.9	21725	0	347726	315.145	361.36	0	8460	735.76	843.878	0.91888
8640	2.46653e+06	68.355	487	108	274	324	0	68.355	54	75.9189	0	25671.6	21646	0	452372	302.358	238.815	0	8640	721.121	842.36	0.917227
8820	486364	792.522	235	48	274	324	0	792.522	54	-9.88291	0	25596	21646	0	365700	293.74	288.32	0	8820	738.328	840.845	0.915578
9000	1.15703e+06	544.572	456	203	274	324	0	544.572	54	18.3889	0	25650.8	21726.6	0	279134	298.761	392.402	0	9000	754.314	839.333	0.913931
9180	2.2326e+06	781.957	485	0	274	324	0	781.957	54	21.3169	0	25754	21646.7	0	241053	350.481	313.087	0	9180	731.847	837.824	0.912288
9360	291618	374.266	215	102	274	324	0	374.266	55	11.136	0	25675.3	21725.3	0	453295	328.502	302.143	0	9360	730.054	836.317	0.910647
9540	2.56347	51.0052	142	0	274	324	0	51.0052	55	0.0894369	0	25652.2	21803.7	0	649113	288.47	342.866	0	9540	763.904	834.813	0.909009
9720	297.516	218.263	194	0	274	324	0	218.263	55	-0.465774	0	25598.5	21777.4	0	680687	255.095	359.824	0	9720	773.159	833.312	0.907374
9900	2.45609e+06	982	537	313	274	324	0	982	54	19.9515	0	25677.1	21755.7	0	451829	332.55	407.222	0	9900	748.788	831.813	0.905743
10080	0.504066	48.6815	0	0	274	324	0	48.6815	54.002	-0.0405949	0	25596.5	21661.5	0	550717	251.305	276.854	0	10080	756.549	830.317	0.904114
10260	981393	753.156	803	0	274	324	0	753.156	55	14.4009	0	25704.6	21647.8	0	441170	315.088	280.398	0	10260	756.438	828.824	0.902488
10440	2.59743e+06	103.693	414	0	274	324	0	103.693	54.0005	63.1514	0	25614.5	21804	0	431563	323.568	350.543	0	10440	759.359	827.333	0.900865
10620	519521	570.538	313	6	274	324	0	570.538	55	12.0384	0	25693.7	21647.1	0	364386	312.718	318.442	0	10620	772.561	825.846	0.899245
10800	4.06317e+06	710	1194	68	274	324	0	710	55	30.1796	0	25754	21689.4	0	443366	332.788	274.218	0	10800	786.039	824.36	0.897628
10980	3.17713e+06	1035.74	697	0	274	324	0	1035.74	55	22.0954	0	25718.6	21804	0	571210	321.14	267.45	0	10980	781.011	822.878	0.896013
11160	590515	429.007	329	65	274	324	0	429.007	54	14.8011	0	25616.1	21724.4	0	240345	323.877	336.377	0	11160	785.23	821.398	0.894402
11340	0.197626	179.926	15	0	274	324	0	179.926	54.9795	-0.0132216	0	25740.9	21736.1	0	480414	373.22	310.892	0	11340	800.844	819.921	0.892793
11520	892335	548.112	434	171	274	324	0	548.112	54	16.0968	0	25649.4	21725.8	0	299467	363.46	206.992	0	11520	781.614	818.446	0.891188
11700	523172	639.565	412	119	274	324	0	639.565	54	11.4101	0	25644.1	21726.1	0	440817	286.176	281.736	0	11700	816.27	816.974	0.889585
11880	1.83617e+06	506	753	0	274	324	0	506	54	24.0321	0	25754	21672.3	0	150926	345.293	302.841	0	11880	822.66	815.505	0.887985
12060	3.48633e+06	162.185	447	0	274	324	0	162.185	54	58.494	0	25705.6	21646	0	376556	319.17	279.328	0	12060	829.487	814.039	0.886388
12240	1.58258e+06	494	577	0	274	324	0	494	54	22.5803	0	25699	21646	0	148970	302.92	322.941	0	12240	823.668	812.575	0.884794
12420	765810	925.876	394	0	274	324	0	925.876	54.9985	11.4735	0	25753.1	21724.6	0	501949	320.398	284.596	0	12420	824.732	811.113	0.883203
12600	4.73698e+06	84.0692	778	0	274	324	0	84.0692	55	96	0	25596	21646	0	866265	245.677	268.866	0	12600	840.265	809.655	0.881615
12780	3.54185e+06	1150	950	32	274	324	0	1150	54	-22.1399	0	25750.2	21705	0	555880	252.757	279.869	0	12780	850.585	808.199	0.880029
12960	1.31957e+06	258.035	270	0	274	324	0	258.035	54	28.529	0	25754	21646	0	375178	300.922	232.24	0	12960	857.632	806.745	0.878447
13140	6.69524e+06	1276	1257	0	274	324	0	1276	54	28.898	0	25612.4	21667.5	0	286448	283.65	289.488	0	13140	869.691	805.294	0.876867
13320	800099	465.768	295	0	274	324	0	465.768	54	16.5347	0	25596	21725	0	151714	236.577	247.41	0	13320	868.738	803.846	0.87529
13500	705.578	71.3383	50	0	274	324	0	71.3383	54	-1.25465	0	25730.9	21671.8	0	279592	331.587	223.319	0	13500	861.42	802.4	0.873716
13680	1.92512e+06	674	1022	0	274	324	0	674	54	21.3211	0	25721.7	21804	0	365202	354.191	287.882	0	13680	872.906	800.957	0.872145
13860	0.12076	67.4802	43	0	274	324	0	67.4802	54	0.0168765	0	25682.9	21666.2	0	167893	319.977	302.561	0	13860	872.514	799.517	0.870576
14040	4.61859e+06	120.64	620	52	274	324	0	120.64	54.9999	78.2505	0	25596	21728.7	0	1.12048e+06	299.454	312.905	0	14040	882.868	798.079	0.869011
14220	1.19418e+06	466	536	0	274	324	0	466	54	20.1954	0	25754	21646	0	167006	326.315	309.655	0	14220	892.972	796.644	0.867448
14400	2.34253e+06	519.362	723	0	274	324	0	519.362	55	26.7927	0	25754	21804	0	632473	321.157	312.995	0	14400	913.069	795.211	0.865888
14580	2.41444e+06	634	729	232	274	324	0	634	54	24.6192	0	25684.6	21765	0	261899	352.242	272.127	0	14580	915.384	793.781	0.864331
14760	721901	625.85	483	16	274	324	0	625.85	55	13.5492	0	25675.6	21803.1	0	419696	289.308	320.352	0	14760	908.841	792.354	0.862776
14940	2.40167e+06	85.3248	603	0	274	324	0	85.3248	54.7979	66.9581	0	25596	21804	0	517918	295.742	312.963	0	14940	926.262	790.929	0.861225
15120	2.93838e+06	144.255	237	0	274	324	0	144.255	54	56.9394	0	25622.5	21804	0	320749	323.273	364.623	0	15120	926.131	789.506	0.859676
15300	2.16079e+06	815.977	895	217	274	324	0	815.977	55	20.5294	0	25674.4	21765.4	0	628725	303.108	302.598	0	15300	923.116	788.086	0.85813
15480	1.05532e+06	1047.98	314	80	274	324	0	1047.98	55	12.6597	0	25675.4	21777.9	0	788342	387.667	387.758	0	15480	937.717	786.669	0.856586
15660	153499	190.711	192	74	274	324	0	190.711	54	11.3181	0	25645.3	21726.4	0	220613	218.399	275.778	0	15660	955.056	785.254	0.855046
15840	985193	986.418	422	0	274	324	0	986.418	54.0002	12.6078	0	25751.1	21759.8	0	530743	359.612	260.256	0	15840	978.177	783.842	0.853508
16020	1.97816e+06	430.258	547	32	274	324	0	430.258	54	27.0505	0	25744.6	21646	0	493471	310.382	248.996	0	16020	969.501	782.433	0.851973
16200	6.12266	126.738	13	0	274	324	0	126.738	54.2702	0.0876853	0	25685.8	21687.9	0	579090	321.283	228.852	0	16200	970.097	781.026	0.850441
16380	4.58072e+06	346.188	435	82	274	324	0	346.188	55	45.8903	0	25672.6	21646	0	547688	334.298	226.501	0	16380	973.915	779.621	0.848912
16560	870475	687.794	340	0	274	324	0	687.794	54	14.1925	0	25638	21646	0	269248	340.539	286.635	0	16560	972.907	778.219	0.847385
16740	1.83397e+06	781.993	670	0	274	324	0	781.993	55	19.3199	0	25596	21804	0	625144	292.323	351.525	0	16740	988.84	776.819	0.845861
16920	6.12458e+06	116.207	386	300	274	324	0	116.207	54	92.5534	0	25754	21804	0	497763	402.087	388.907	0	16920	999.38	775.422	0.84434
17100	5.16567e+06	1148	1229	0	274	324	0	1148	54	26.761	0	25648.3	21804	0	389414	238.089	387.532	0	17100	976.803	774.028	0.842822
17280	0.0250151	67.7458	45	0	274	324	0	67.7458	54	0.00766602	0	25621.5	21745.1	0	325534	276.659	304.094	0	17280	1015.03	772.636	0.841306
17460	317072	356.912	286	98	274	324	0	356.912	54	11.8907	0	25648.3	21725.9	0	297910	226.41	259.992	0	17460	998.816	771.246	0.839793
17640	1.38709e+06	1145.98	422	0	274	324	0	1145.98	54	13.8795	0	25596	21656	0	530484	189.761	344.855	0	17640	988.598	769.859	0.838283
17820	136.214	147.544	511	43	274	324	0	147.544	55	-0.383319	0	25703.7	21739.1	0	916439	367.002	329.214	0	17820	989.185	768.475	0.836775
18000	2.04174e+06	49.5808	554	0	274	324	0	49.5808	54	81.2439	0	25596	21646	0	503588	312.271	256.94	0	18000	970.119	767.093	0.83527
18180	6.8268e+06	121.158	880	0	274	324	0	121.158	54	96	0	25675.4	21646	0	689299	298.151	273.69	0	18180	986.441	765.713	0.833768
18360	999762	910.507	330	216	274	324	0	910.507	55	13.2196	0	25675.4	21725.4	0	755511	298.324	268.232	0	18360	1009.27	764.336	0.832269
18540	5.20138e+06	1460	1482	131	274	324	0	1460	55	23.8118	0	25596	21790.5	0	976745	300.726	328.482	0	18540	983.756	762.962	0.830772
18720	1.10881e+06	352.214	789	0	274	324	0	352.214	54	22.3839	0	25754	21646	0	499806	279.576	326.37	0	18720	983.323	761.59	0.829278
18900	3.24074e+06	57.515	494	0	274	324	0	57.515	54	95.9998	0	25596	21804	0	494242	300.335	349.252	0	18900	953.595	760.22	0.827786
19080	4.02342e+06	1024	868	296	274	324	0	1024	54	25.0068	0	25678.3	21679.7	0	457026	360.82	244.17	0	19080	981.703	758.853	0.826298
19260	1.15191e+07	266.378	1401	58	274	324	0	266.378	55	83.3315	0	25754	21651.5	0	558406	321.374	287.239	0	19260	957.801	757.488	0.824812
19440	5.43357e+06	701.818	1256	384	274	324	0	701.818	55	35.1027	0	25705.6	21762.3	0	763364	387.16	287.713	0	19440	954.237	756.126	0.823328
19620	5.27726e+06	1155.55	1504	136	274	324	0	1155.55	55	26.96	0	25615.9	21646	0	1.08729e+06	320.575	306.797	0	19620	947.79	754.766	0.821848
19800	5.19112e+06	327.239	1290	0	274	324	0	327.239	55	50.2469	0	25616.4	21779.8	0	782167	290.585	321.414	0	19800	943.73	753.409	0.82037
19980	1.84633e+06	795.751	793	21	274	324	0	795.751	55	19.2166	0	25752.4	21725.2	0	529191	303.467	341.066	0	19980	922.686	752.054	0.818894
20160	1.38437e+07	320.829	1562	228	274	324	0	320.829	55	83.2375	0	25617	21653.8	0	633587	269.706	267.142	0	20160	914.557	750.701	0.817422
20340	7.21752e+06	128.092	447	149	274	324	0	128.092	55	96	0	25596	21646	0	827836	264.158	285.784	0	20340	893.689	749.351	0.815952
20520	3.95663e+06	760	976	330	274	324	0	760	55	28.785	0	25667.2	21687.4	0	577706	334.101	304.902	0	20520	887.108	748.004	0.814484
20700	2.09038e+06	680.537	486	0	274	324	0	680.537	55	22.1104	0	25754	21721.9	0	1.04463e+06	365.345	315.826	0	20700	889.5	746.658	0.81302
20880	1.70279e+06	476.379	402	0	274	324	0	476.379	55	23.8514	0	25596	21646	0	647392	310.604	291.066	0	20880	882.282	745.316	0.811557
21060	1.82717e+06	1136.29	425	114	274	324	0	1136.29	55	15.9976	0	25728.4	21725.1	0	740690	280.257	370.417	0	21060	880.603	743.975	0.810098
21240	6.93335e+06	1374	1414	204	274	324	0	1374	55	28.3392	0	25608.1	21762.4	0	940974	351.8	296.146	0	21240	875.266	742.637	0.808641
21420	6.0117e+06	106.692	362	0	274	324	0	106.692	55	96	0	25596	21804	0	687440	271.296	361.114	0	21420	874.276	741.302	0.807187
21600	1.42374e+06	200.741	544	88	274	324	0	200.741	55	33.5976	0	25754	21736.1	0	495519	317.991	318.778	0	21600	872.857	739.969	0.805735
21780	6.04084e+06	1140	1201	438	274	324	0	1140	55	29.0407	0	25677.4	21770.6	0	485051	338.399	317.607	0	21780	876.553	738.638	0.804286
21960	5.26401e+06	563.143	594	8	274	324	0	563.143	55	38.5708	0	25754	21804	0	479004	358.988	310.895	0	21960	874.613	737.31	0.80284
22140	1.66912e+06	1463.98	606	140	274	324	0	1463.98	55	13.4706	0	25596	21646	0	773055	369.428	253.008	0	22140	844.394	735.984	0.801396
22320	6.20786e+06	244.505	853	113	274	324	0	244.505	55	63.58	0	25691.5	21804	0	821303	336.914	345.024	0	22320	826.573	734.66	0.799955
22500	5.18917e+06	1182	1227	281	274	324	0	1182	55	26.4332	0	25728.4	21721	0	919109	315.902	319.664	0	22500	797.467	733.339	0.798516
22680	4.53288e+06	1695.99	1241	351	274	324	0	1695.99	55	20.6246	0	25675.1	21768.7	0	1.20218e+06	296.992	302.823	0	22680	810.946	732.02	0.79708
22860	1.0415e+07	184.84	1237	224	274	324	0	184.84	55	96	0	25738.7	21757	0	784429	306.087	290.947	0	22860	792.654	730.704	0.795647
23040	0.316345	187.211	289	0	274	324	0	187.211	55	0.0163993	0	25678.7	21721.5	0	543076	330.782	317.65	0	23040	780.561	729.389	0.794216
23220	4.75239e+06	157.939	294	0	274	324	0	157.939	54	69.2453	0	25596	21646	0	493555	277.572	263.596	0	23220	775.185	728.078	0.792788
23400	2.96712e+06	215.18	501	0	274	324	0	215.18	54	46.8465	0	25754	21740.3	0	296241	318.548	284.893	0	23400	758.078	726.768	0.791362
23580	224229	338.004	253	33	274	324	0	338.004	55	10.2753	0	25625.6	21646	0	715515	276.45	220.602	0	23580	753.086	725.461	0.789939
23760	1.97436e+06	162.945	371	0	274	324	0	162.945	55	43.914	0	25754	21646	0	683538	354.695	241.454	0	23760	752.553	724.157	0.788518
23940	4.20435e+06	244.233	335	0	274	324	0	244.233	55	52.3431	0	25754	21646	0	653951	350.311	298.352	0	23940	720.627	722.854	0.7871
24120	3.22759e+06	1092	582	0	274	324	0	1092	54	21.6889	0	25674.8	21804	0	296869	268.12	353.61	0	24120	733.461	721.554	0.785684
24300	4.78841e+06	84.982	942	25	274	324	0	84.982	54	96	0	25754	21804	0	574587	363.426	362.431	0	24300	729.477	720.257	0.784271
24480	93536.9	229.161	109	0	274	324	0	229.161	55	8.05993	0	25752.5	21646	0	378888	313.834	282.667	0	24480	712.645	718.962	0.782861
24660	0.041631	22.6051	292	0	274	324	0	22.6051	55	0.0171205	0	25754	21674.4	0	385750	351.335	310.94	0	24660	730.608	717.669	0.781453
24840	1.7e+06	564	561	3	274	324	0	564	55	21.9025	0	25754	21747.8	0	386227	341.81	312.943	0	24840	717.364	716.378	0.780048
25020	4.44898e+06	1390	824	23	274	324	0	1390	55	22.5701	0	25751.4	21649	0	463999	329.807	315.08	0	25020	725.465	715.09	0.778645
25200	6.94798e+06	142.555	609	99	274	324	0	142.555	54.9981	88.7463	0	25754	21804	0	440083	361.161	350.525	0	25200	722.05	713.804	0.777245
25380	3.75737e+06	1144	602	0	274	324	0	1144	55	22.8633	0	25754	21646	0	587550	390.122	331.808	0	25380	713.322	712.52	0.775847
25560	4.01449e+06	1176	1037	0	274	324	0	1176	55	23.3089	0	25754	21767	0	491179	315.978	358.577	0	25560	715.524	711.239	0.774452
25740	2.14065e+06	859.972	489	38	274	324	0	859.972	55	19.904	0	25675.1	21646	0	477846	357.229	271.955	0	25740	704.526	709.959	0.773059
25920	10.1382	244.243	189	36	274	324	0	244.243	54.9987	0.081279	0	25599	21756.8	0	763869	248.23	359.464	0	25920	702.471	708.683	0.771669
26100	1.13664e+06	1071.94	388	73	274	324	0	1071.94	54	12.9908	0	25618.9	21725.2	0	513034	317.349	422.302	0	26100	685.73	707.408	0.770281
26280	5.4802e+06	711.073	1307	0	274	324	0	711.073	55	35.0228	0	25729.4	21656.1	0	541010	335.645	306.528	0	26280	690.452	706.136	0.768896
26460	4.71465e+06	83.6729	456	0	274	324	0	83.6729	55	96	0	25754	21804	0	560808	377.972	349.503	0	26460	691.268	704.866	0.767513
26640	2.3535e+06	280.366	788	130	274	324	0	280.366	55	36.5514	0	25662.3	21646	0	395038	303.302	297.769	0	26640	686.455	703.598	0.766133
26820	3.23081e+06	57.3385	593	0	274	324	0	57.3385	55	96	0	25754	21683.7	0	456912	326.6	338.861	0	26820	676.965	702.333	0.764755
27000	4.91533e+06	768	1383	0	274	324	0	768	54	31.9158	0	25607.7	21767.3	0	303362	296.925	327.03	0	27000	666.897	701.07	0.763379
27180	2.95956e+06	402.074	631	0	274	324	0	402.074	55	34.2272	0	25754	21804	0	485449	343.944	291.109	0	27180	675.873	699.809	0.762007
27360	0.00122934	22.9836	310	0	274	324	0	22.9836	54.9999	-0.00291768	0	25696.5	21793.6	0	368167	280.976	308.477	0	27360	663.995	698.551	0.760636
27540	2.99968e+06	584	768	260	274	324	0	584	54	28.5918	0	25665.1	21766.5	0	200561	292.551	319.39	0	27540	665.78	697.295	0.759268
27720	26.0955	12.3538	144	0	274	324	0	12.3538	54	0.57982	0	25726.2	21646	0	332417	322.291	238.156	0	27720	675.691	696.04	0.757903
27900	1.59948e+06	464	757	232	274	324	0	464	54	23.4229	0	25652	21735.1	0	216328	337.124	348.026	0	27900	645.917	694.789	0.75654
28080	0.0161132	331.595	171	25	274	324	0	331.595	54.9998	-0.00278098	0	25723.3	21696.8	0	1.01502e+06	355.901	300.426	0	28080	651.753	693.539	0.755179
28260	0.201622	239.75	18	0	274	324	0	239.75	54.9997	-0.0115691	0	25647.4	21742.3	0	689474	294.234	416.609	0	28260	640.734	692.292	0.753821
28440	2.27503e+06	816	533	0	274	324	0	816	55	21.0649	0	25754	21646	0	382713	329.968	293.196	0	28440	653.878	691.047	0.752466
28620	1.12158e+06	889.861	305	212	274	324	0	889.861	55	14.1633	0	25675	21748.6	0	564249	356.477	308.259	0	28620	665.953	689.804	0.751112
28800	3.6238e+06	1248	1199	12	274	324	0	1248	55	21.4973	0	25719.5	21646	0	755983	327.911	332.905	0	28800	658.5	688.564	0.749762
