MS2-QUANT	v0j
Region DEFINITION, 05-Apr-2021
COMMENT	Outline definition performed in MS2-QUANT (Main program)
FILE	MAX_20201217_RI516_C12MS2128TkTat_001_visit_22.tif
PATH	/Volumes/EBL/20201217/
PARAMETERS
Pix-XY	Pix-Z	RI	Ex	Em	NA	dT	Type
79	600	1.458	488	521	1.4	180	widefield
ANALYSIS-SETTINGS	
IMAGING-BACKGROUND	150
LIMIT-FIT-SIGMA-XY-MIN	-49
LIMIT-FIT-SIGMA-XY-MAX	103
LIMIT-FIT-SIGMA-Z-MIN	0
LIMIT-FIT-SIGMA-Z-MAX	0
LIMIT-FIT-BGD-MIN	69
LIMIT-FIT-BGD-MAX	70
DETECTION-THRESHOLD	500
REGION	TxSite
X_POS	230	230	230	230	230	231	231	231	231	231	232	232	232	232	232	232	232	233	233	233	233	233	234	234	234	234	234	234	234	235	235	235	235	235	236	236	236	236	236	236	237	237	237	238	238	238	238	238	239	239	239	240	240	240	241	242	242	243	243	243	243	244	245	245	246	246	247	247	248	248	248	249	249	250	250	251	251	251	252	252	253	253	253	254	254	255	255	255	256	257	257	258	258	259	259	260	260	261	261	262	262	263	263	264	264	265	265	266	266	267	267	268	268	269	269	270	271	271	272	272	273	273	273	274	274	274	274	274	275	275	275	275	275	276	276	276	276	276	276	277	277	277	277	277	277	277	277	277	277	277	277	277	277	277	277	276	276	276	276	276	276	275	275	275	274	274	274	274	273	273	273	273	272	272	272	272	272	271	271	271	270	270	270	270	269	269	269	268	268	268	267	267	266	266	266	266	265	265	265	264	264	264	263	263	262	262	262	261	261	260	260	260	259	258	258	258	257	257	256	256	255	255	254	254	253	253	253	252	252	251	251	250	250	250	249	249	248	248	247	247	246	246	246	245	245	244	244	243	243	242	242	241	241	240	240	240	239	239	239	238	238	238	237	237	236	236	235	235	235	235	234	234	233	233	233	232	232	232	231	231	230	229	229	229	228	228	228	227	227	226	226	226	225	225	225	224	224	224	223	223	222	222	222	221	221	220	220	219	219	218	218	217	217	216	216	216	215	215	214	214	214	213	213	213	213	212	212	212	212	212	212	212	211	211	211	211	211	211	211	211	212	212	212	212	213	213	213	214	214	214	215	215	215	215	216	216	217	217	217	218	219	219	219	220	220	220	221	221	222	222	222	223	223	223	224	225	225	225	226	226	END
Y_POS	95	95	96	96	97	97	97	98	98	99	99	99	100	100	100	101	101	102	102	103	103	103	103	104	104	105	105	105	106	106	106	107	107	107	107	108	108	109	109	110	110	110	111	111	111	112	112	112	112	113	113	113	114	114	114	115	115	115	115	115	116	116	116	116	116	116	117	117	117	117	117	117	118	118	118	118	118	118	118	119	119	119	119	119	119	119	119	120	120	120	120	120	121	121	121	121	121	121	121	121	121	121	121	121	121	121	121	121	121	121	121	121	121	120	120	120	120	119	119	119	119	119	118	118	118	118	117	117	117	116	116	116	115	115	114	114	114	113	113	112	112	111	111	110	110	109	109	108	108	107	107	106	106	105	105	105	104	104	104	103	103	102	102	102	102	101	101	100	100	100	99	99	99	98	98	98	97	97	97	96	96	95	95	95	94	94	94	94	93	93	93	92	92	92	92	91	91	91	91	91	90	90	90	90	90	90	89	89	89	89	89	89	89	89	88	88	88	88	88	88	87	87	87	87	87	86	86	86	86	86	86	86	86	86	86	86	86	86	86	86	86	86	85	85	85	85	85	85	85	84	84	84	84	84	84	84	84	84	83	83	83	83	83	82	82	82	82	82	82	81	81	81	81	81	80	80	80	80	80	79	79	79	78	78	78	78	77	77	77	77	77	76	76	76	75	75	75	75	75	75	75	74	74	74	74	74	73	73	73	73	73	73	74	74	74	74	74	74	74	75	75	75	75	75	76	76	76	76	77	77	78	78	78	79	79	80	80	81	81	82	82	83	83	83	84	84	85	85	86	86	86	86	86	87	87	87	87	87	88	88	88	89	89	89	89	89	89	90	90	90	90	90	90	91	91	91	92	92	92	92	END
QUANTIFICATION
Time[s]	Q_Integrate	Q_AMP	Q_Sum_pix	Q_MIP_int	Pix_Y	Pix_X	Pix_Z	AMP	BGD	SigmaXY	SigmaZ	MuY	MuX	MuZ	RES	Cent_Y	Cent_X	Cent_Z	OPB_time	OPB_INT	OPB_FIT	OPB_FIT_norm
0	348774	601.357	310	9	79	221	0	601.357	69	-9.60762	0	17617	6399	0	307719	315.603	408.795	0	0	1237.03	1644.57	1
180	894756	773.775	785	0	79	221	0	773.775	70	13.5661	0	17566.9	6397.85	0	692277	269.63	338.152	0	180	1253.1	1641.61	0.998202
360	1.95022e+06	1197.61	599	0	79	221	0	1197.61	69	16.0988	0	17465.9	6241	0	651469	312.665	283.91	0	360	1264.99	1638.66	0.996406
540	112313	194.295	106	0	79	221	0	194.295	69	9.59167	0	17459	6399	0	218027	320.624	331.655	0	540	1266.92	1635.71	0.994615
720	2.52746e+06	977.752	860	0	79	221	0	977.752	69	20.2833	0	17534.8	6399	0	402852	265.668	356.629	0	720	1259.06	1632.77	0.992826
900	2.09137e+06	1119.01	660	0	79	221	0	1119.01	70	17.2468	0	17459	6243.56	0	719249	330.179	302.023	0	900	1245.33	1629.84	0.99104
1080	1.45285e+06	1261.89	303	303	79	221	0	1261.89	69	13.5366	0	17537.8	6320.15	0	694056	336.874	308.711	0	1080	1262.38	1626.9	0.989258
1260	2.6186e+06	951.876	602	0	79	221	0	951.876	69	20.9245	0	17459	6317.89	0	490546	254.43	281.627	0	1260	1247.91	1623.98	0.987479
1440	2.41787e+06	104.119	398	0	79	221	0	104.119	70	60.8	0	17468.3	6399	0	688002	320.945	352.664	0	1440	1259.16	1621.06	0.985703
1620	889747	820	318	0	79	221	0	820	70	13.1412	0	17617	6241	0	509053	367.178	268.476	0	1620	1226.88	1618.14	0.983931
1800	3.32248e+06	484.731	1174	107	79	221	0	484.731	70	33.0287	0	17609.5	6399	0	807384	343.058	332.837	0	1800	1227.29	1615.23	0.982161
1980	6.14112e+06	386.516	1117	0	79	221	0	386.516	70	50.2865	0	17459	6250	0	810569	314.285	299.857	0	1980	1231.25	1612.33	0.980395
2160	3.02486e+06	1200	779	0	79	221	0	1200	69	20.0296	0	17573.2	6241	0	684716	363.194	379.528	0	2160	1219.21	1609.43	0.978632
2340	2.12341e+06	537.958	610	237	79	221	0	537.958	69	25.0641	0	17580.9	6319.99	0	235400	365.61	302.561	0	2340	1226.09	1606.53	0.976872
2520	1.66131e+06	1100	412	0	79	221	0	1100	70	15.5038	0	17617	6399	0	904149	316.69	318.212	0	2520	1214.7	1603.64	0.975115
2700	1.17683e+06	628	776	0	79	221	0	628	70	17.2698	0	17459	6399	0	433942	289.85	359.76	0	2700	1239.87	1600.76	0.973361
2880	1.46841e+06	863.894	595	0	79	221	0	863.894	70	16.4476	0	17614.1	6241	0	576380	365.212	274.625	0	2880	1212.98	1597.88	0.971611
3060	6242.11	91.3842	237	0	79	221	0	91.3842	69	3.29716	0	17602.1	6315.93	0	546353	337.691	325.213	0	3060	1216.99	1595.01	0.969863
3240	4.90746e+06	969.998	1315	0	79	221	0	969.998	69	28.3761	0	17574.7	6398.5	0	315666	309.913	340.689	0	3240	1220.35	1592.14	0.968119
3420	3.0003e+06	1055.98	860	0	79	221	0	1055.98	69	21.2649	0	17459	6320	0	461001	295.134	289.009	0	3420	1226.24	1589.28	0.966378
3600	7.52008e+06	117.802	729	0	79	221	0	117.802	69	103	0	17617	6378.8	0	584762	398.724	322.361	0	3600	1225.74	1586.42	0.96464
3780	1.72754e+06	739.939	716	92	79	221	0	739.939	69	-19.2764	0	17617	6399	0	655014	371.883	270.677	0	3780	1223.03	1583.57	0.962905
3960	2.17042e+06	807.965	979	0	79	221	0	807.965	70	20.6769	0	17617	6319.99	0	622528	337.055	359.829	0	3960	1238.91	1580.72	0.961174
4140	1.57665e+06	1150	1204	92	79	221	0	1150	70	14.7716	0	17616.9	6399	0	798246	352.122	379.087	0	4140	1250.84	1577.88	0.959445
4320	0.105605	114.875	21	0	79	221	0	114.875	69.0012	-0.0120959	0	17566.5	6315	0	659373	401.732	320.926	0	4320	1250.54	1575.04	0.95772
4500	1.5777e+06	655.999	847	0	79	221	0	655.999	69	19.5646	0	17571.8	6241	0	357949	339.234	305.863	0	4500	1293.24	1572.2	0.955997
4680	2.5433e+06	644	546	0	79	221	0	644	69	25.0707	0	17509.4	6399	0	319196	303.599	347.935	0	4680	1276.97	1569.38	0.954278
4860	3.48679e+06	105.652	356	289	79	221	0	105.652	69	72.5533	0	17459	6347.54	0	574250	257.687	304.674	0	4860	1281.57	1566.56	0.952562
5040	6.21558e+06	97.3668	910	154	79	221	0	97.3668	69	103	0	17617	6291.86	0	395983	332.578	314.404	0	5040	1263.76	1563.74	0.950849
5220	4.19712e+06	517.002	880	0	79	221	0	517.002	69	35.9451	0	17617	6264.33	0	548615	305.248	316.304	0	5220	1310.01	1560.93	0.949139
5400	1.48107e+06	1153.98	578	0	79	221	0	1153.98	69	-14.2922	0	17459	6399	0	697494	305.303	318.629	0	5400	1285.91	1558.12	0.947432
5580	1.40349e+06	809.908	466	0	79	221	0	809.908	69.7379	16.6072	0	17538	6399	0	505153	294.145	358.647	0	5580	1284.63	1555.32	0.945728
5760	1.49803e+06	685.997	381	0	79	221	0	685.997	69	18.6427	0	17617	6247.98	0	488834	295.56	297.251	0	5760	1291.04	1552.52	0.944027
5940	1.1234e+06	367.191	402	108	79	221	0	367.191	69	22.0663	0	17535.1	6241	0	340442	268.229	279.82	0	5940	1300.41	1549.73	0.94233
6120	814329	729.999	523	36	79	221	0	729.999	69	13.3244	0	17617	6241	0	427427	359.754	343.576	0	6120	1260.96	1546.94	0.940635
6300	2.99428e+06	1022	720	511	79	221	0	1022	69	21.5939	0	17538.4	6327.71	0	497533	261.973	296.999	0	6300	1250.31	1544.16	0.938943
6480	1.4003e+06	1483.81	555	134	79	221	0	1483.81	70	12.2555	0	17616.9	6399	0	929809	332.869	350.063	0	6480	1256.52	1541.38	0.937255
6660	1.90068e+06	553.976	540	0	79	221	0	553.976	69	23.3679	0	17461.4	6269.7	0	274621	302.023	271.233	0	6660	1261.91	1538.61	0.935569
6840	1.13971e+06	1355.49	510	0	79	221	0	1355.49	70	11.568	0	17616.8	6321.19	0	1.40194e+06	299.3	293.755	0	6840	1280.54	1535.84	0.933887
7020	1.04649e+07	163.933	947	281	79	221	0	163.933	70	103	0	17606.8	6399	0	1.51348e+06	343.092	316.743	0	7020	1237.6	1533.08	0.932207
7200	1.14066e+06	70.5029	582	18	79	221	0	70.5029	69	50.7442	0	17467.7	6399	0	386370	334.244	351.679	0	7200	1297.96	1530.32	0.930531
7380	1.94967e+07	305.414	773	143	79	221	0	305.414	70	103	0	17617	6399	0	1.14131e+06	379.503	379.865	0	7380	1336.53	1527.57	0.928857
7560	2.57594e+06	822	818	0	79	221	0	822	69	22.3327	0	17459	6304.24	0	280243	322.915	383.893	0	7560	1313.52	1524.82	0.927187
7740	5.10354e+07	1048.21	6022	941	79	221	0	1048.21	70	88.697	0	17563.9	6328.9	0	1.49782e+06	322.339	332.938	0	7740	1366	1522.08	0.92552
7920	2.15658e+07	337.828	1310	225	79	221	0	337.828	70	103	0	17617	6241	0	1.43314e+06	384.115	272.7	0	7920	1335.69	1519.34	0.923855
8100	471242	459.947	320	0	79	221	0	459.947	69	-12.7696	0	17537.8	6242.63	0	272865	253.616	279.658	0	8100	1347.71	1516.61	0.922194
8280	7.42854e+06	126.989	1098	149	79	221	0	126.989	69	98.0192	0	17459	6342.88	0	845415	304.771	315.624	0	8280	1351.52	1513.88	0.920535
8460	1.48917e+06	883.581	631	0	79	221	0	883.581	70	16.378	0	17459	6319.97	0	535763	337.689	363.909	0	8460	1363.32	1511.16	0.91888
8640	854485	704.656	741	19	79	221	0	704.656	69.0084	-13.8923	0	17616.3	6319.75	0	535227	317.665	264.786	0	8640	1344.28	1508.44	0.917227
8820	2.18644e+06	1155.99	678	288	79	221	0	1155.99	69	17.3501	0	17512.3	6295.94	0	591521	331.415	370.346	0	8820	1372.66	1505.73	0.915578
9000	4.80656e+06	1324	1122	85	79	221	0	1324	69	24.0372	0	17459	6286.29	0	605586	360.319	367.398	0	9000	1379.09	1503.02	0.913931
9180	7.81157e+06	252.363	1971	311	79	221	0	252.363	69	70.2406	0	17525.1	6295.5	0	564617	307.671	329.434	0	9180	1310.2	1500.32	0.912288
9360	4.62138e+06	1382	842	0	79	221	0	1382	69	23.0697	0	17617	6241	0	592361	336.711	305.572	0	9360	1387.72	1497.62	0.910647
9540	0.0144083	100.813	376	0	79	221	0	100.813	69	-0.00476934	0	17503.5	6336.2	0	462990	261.45	322.925	0	9540	1392.89	1494.93	0.909009
9720	1.79518e+06	896	845	0	79	221	0	896	69	17.857	0	17459	6399	0	556918	285.001	347.788	0	9720	1387.16	1492.24	0.907374
9900	2.23179e+06	290.976	537	77	79	221	0	290.976	69	34.9388	0	17459	6241	0	379546	286.05	328.444	0	9900	1412.9	1489.56	0.905743
10080	2.30596e+06	37.8473	752	335	79	221	0	37.8473	69	100.291	0	17459	6241	0	473452	271.205	254.517	0	10080	1395.87	1486.88	0.904114
10260	341845	454.585	302	124	79	221	0	454.585	69.0002	10.94	0	17535.4	6321.21	0	706828	337.532	308.039	0	10260	1415.23	1484.2	0.902488
10440	2.64887e+06	75.256	297	57	79	221	0	75.256	69	74.9639	0	17617	6399	0	716601	360.562	350.141	0	10440	1388.22	1481.54	0.900865
10620	1.54179e+06	442.158	413	0	79	221	0	442.158	69	23.5578	0	17617	6326.17	0	515402	388.598	318.077	0	10620	1373.29	1478.87	0.899245
10800	378912	466	280	71	79	221	0	466	69	11.3759	0	17617	6399	0	268327	347.719	374.686	0	10800	1380.28	1476.21	0.897628
10980	1.70017e+06	767.997	588	0	79	221	0	767.997	69	18.7705	0	17459.1	6399	0	514969	347.422	339.451	0	10980	1362.25	1473.56	0.896013
11160	451313	622.321	230	93	79	221	0	622.321	69.0211	10.7434	0	17493.7	6319.42	0	1.20203e+06	311.265	395.867	0	11160	1414.06	1470.91	0.894402
11340	6.6407e+06	271.139	688	79	79	221	0	271.139	69	62.4431	0	17459	6241	0	732887	281.587	329.188	0	11340	1388.85	1468.26	0.892793
11520	4.801e+06	1495.97	957	117	79	221	0	1495.97	69	22.6003	0	17538	6398.99	0	283154	258.042	324.021	0	11520	1409.95	1465.62	0.891188
11700	4.34611e+06	68.0818	510	22	79	221	0	68.0818	69.0001	103	0	17617	6399	0	822170	377.593	365.38	0	11700	1420.35	1462.99	0.889585
11880	5.42322e+06	1699.98	1309	0	79	221	0	1699.98	70	22.5329	0	17537.9	6241	0	1.07915e+06	321.314	299.856	0	11880	1451.3	1460.35	0.887985
12060	3.3458e+06	949.578	709	0	79	221	0	949.578	69	23.6807	0	17459	6399	0	558269	270.898	384.59	0	12060	1403.15	1457.73	0.886388
12240	1.4536e+06	489.943	534	150	79	221	0	489.943	69	21.73	0	17588.8	6322.83	0	266095	291.389	326.707	0	12240	1463.66	1455.11	0.884794
12420	1.2986e+06	950.889	488	256	79	221	0	950.889	69	14.7429	0	17538	6341.26	0	601190	303.579	308.767	0	12420	1459.36	1452.49	0.883203
12600	86219.4	238.887	150	0	79	221	0	238.887	70	-7.57907	0	17459	6245.07	0	970474	257.935	317.321	0	12600	1463.66	1449.88	0.881615
12780	978460	828.59	480	0	79	221	0	828.59	69	13.7092	0	17459.3	6319.03	0	402542	269.15	346.5	0	12780	1480.63	1447.27	0.880029
12960	1.40135e+06	979.698	896	69	79	221	0	979.698	69.4426	15.0882	0	17512.9	6396.09	0	642086	283.459	357.515	0	12960	1504.45	1444.67	0.878447
13140	1.75911e+06	1075.52	640	112	79	221	0	1075.52	70	16.1342	0	17459.2	6399	0	1.00926e+06	266.226	368.897	0	13140	1501.92	1442.07	0.876867
13320	2.29722e+06	769.999	581	177	79	221	0	769.999	69	21.7905	0	17538	6373.75	0	385107	360.941	262.431	0	13320	1503.32	1439.48	0.87529
13500	1.857e+06	66.5378	385	0	79	221	0	66.5378	69	66.6724	0	17459	6326.25	0	725017	311.013	372.041	0	13500	1527.84	1436.89	0.873716
13680	260545	469.945	245	0	79	221	0	469.945	69.0004	-9.39351	0	17537	6394.92	0	483039	214.929	317.609	0	13680	1511.99	1434.3	0.872145
13860	0.00276541	19.4334	206	105	79	221	0	19.4334	69	0.00475899	0	17559.8	6241.31	0	456806	354.452	266.887	0	13860	1528.3	1431.72	0.870576
14040	3.04239e+06	1057.98	785	0	79	221	0	1057.98	69	21.3933	0	17459	6317.26	0	467338	229.058	369.259	0	14040	1520.02	1429.15	0.869011
14220	581864	602.243	224	0	79	221	0	602.243	69.0014	12.4004	0	17616.5	6324.67	0	547878	283.805	337.639	0	14220	1526.68	1426.58	0.867448
14400	2.18061e+07	2067.71	4667	1671	101	244	0	2067.71	70	40.9689	0	19354.6	8042.96	0	2.64188e+06	313.828	318.451	0	14400	1552.38	1424.01	0.865888
14580	2.26063e+06	1691.95	727	72	101	244	0	1691.95	70	14.5825	0	19276	8137	0	1.59385e+06	292.023	370.421	0	14580	1573.5	1421.45	0.864331
14760	1.46111e+07	228.882	1438	145	101	244	0	228.882	70	103	0	19366.6	7979	0	1.80633e+06	295.062	275.372	0	14760	1551.98	1418.9	0.862776
14940	3.06987e+07	1627.19	5361	1256	101	246	0	1627.19	70	54.7971	0	19467.1	8039.05	0	2.4882e+06	337.642	310.931	0	14940	1553.69	1416.34	0.861225
15120	7.2791e+07	1398.64	7961	1272	100	246	0	1398.64	69.0001	91.9243	0	19488.7	7944.84	0	1.94e+06	305.104	277.089	0	15120	1551.03	1413.8	0.859676
15300	6.18145e+07	968.322	5508	636	100	248	0	968.322	70	103	0	19681.4	8021.08	0	4.11484e+06	296.784	337.188	0	15300	1575.74	1411.25	0.85813
15480	2.11012e+07	330.739	1134	147	100	248	0	330.739	70	102.966	0	19745.4	8058	0	1.47199e+06	315.644	387.611	0	15480	1563.02	1408.72	0.856586
15660	1.72454e+07	270.148	982	51	100	248	0	270.148	70	103	0	19592	8009.28	0	1.21467e+06	282.889	337.961	0	15660	1575.93	1406.18	0.855046
15840	4.18591e+07	1021.96	4817	1090	98	244	0	1021.96	70	81.0187	0	19379.1	7852.22	0	2.65936e+06	356.524	349.085	0	15840	1593.9	1403.65	0.853508
16020	1.60322e+07	251.143	1137	371	98	244	0	251.143	70	103	0	19434	7900	0	2.95315e+06	367.748	406.9	0	16020	1619.16	1401.13	0.851973
16200	648775	1488.82	851	66	98	244	0	1488.82	70	-8.3279	0	19434	7742.06	0	1.65605e+06	347.771	307.094	0	16200	1655.89	1398.61	0.850441
16380	1.2914e+06	1063.9	651	10	98	244	0	1063.9	70	13.8992	0	19396.8	7742	0	943710	366.257	245.881	0	16380	1623.95	1396.09	0.848912
16560	1.08434e+06	1001.62	578	245	98	244	0	1001.62	70	13.1263	0	19355.1	7821.49	0	1.03791e+06	294.754	333.721	0	16560	1590.52	1393.58	0.847385
16740	4.75815e+06	81.4186	391	40	98	244	0	81.4186	69.0001	97.966	0	19291.5	7900	0	1.74591e+06	330.164	393.985	0	16740	1647.57	1391.08	0.845861
16920	1.4684e+06	1248.6	428	305	98	244	0	1248.6	70	13.6811	0	19357.1	7824.08	0	867183	326.075	281.591	0	16920	1621.85	1388.58	0.84434
17100	5.77466e+06	1644	1727	37	98	244	0	1644	70	23.6441	0	19427.1	7751.67	0	868060	292.262	292.978	0	17100	1653.75	1386.08	0.842822
17280	4.68365e+06	1113.99	1501	557	98	244	0	1113.99	69	25.8679	0	19329.3	7814.68	0	648577	364.422	260.548	0	17280	1632.53	1383.59	0.841306
17460	3.88664e+06	1008	1015	0	98	244	0	1008	70	24.7723	0	19276	7793.5	0	823932	246.722	354.515	0	17460	1613.13	1381.1	0.839793
17640	5.5642e+06	1450	1277	421	98	244	0	1450	70	24.7131	0	19312.2	7826.01	0	1.06038e+06	268.979	296.523	0	17640	1649.24	1378.61	0.838283
17820	3.4642e+06	1338	1027	240	98	244	0	1338	70	20.2994	0	19401.6	7808.94	0	1.24055e+06	312.71	347.623	0	17820	1650.33	1376.14	0.836775
18000	2.35934e+06	1019.79	651	348	98	244	0	1019.79	70	19.1889	0	19355	7848.6	0	782157	331.648	328.997	0	18000	1669.66	1373.66	0.83527
18180	2.5247e+06	1755.25	1081	471	98	244	0	1755.25	70	15.1302	0	19355	7825.11	0	1.90983e+06	344.367	304.823	0	18180	1636.35	1371.19	0.833768
18360	7.81458e+06	623.98	1532	0	98	244	0	623.98	70	44.6455	0	19276	7896	0	819289	347.63	335.691	0	18360	1658	1368.72	0.832269
18540	3.84345e+06	513.997	1409	0	98	244	0	513.997	70	34.4977	0	19361.7	7742	0	690837	345.308	260.73	0	18540	1645.06	1366.26	0.830772
18720	7.44024e+06	444.137	815	158	98	244	0	444.137	70	51.6353	0	19434	7817.68	0	1.34615e+06	336.721	293.601	0	18720	1647.59	1363.81	0.829278
18900	1.27114e+07	199.124	988	0	98	244	0	199.124	70	103	0	19276	7874.82	0	1.72394e+06	268.999	348.915	0	18900	1625.37	1361.35	0.827786
19080	9.76046e+06	263.093	1496	0	98	244	0	263.093	69	77.0011	0	19365.3	7900	0	966373	354.117	381.744	0	19080	1619.29	1358.9	0.826298
19260	237069	545.116	167	34	98	244	0	545.116	70	8.31961	0	19427.2	7821.89	0	1.16473e+06	321.636	341.265	0	19260	1614.37	1356.46	0.824812
19440	1.01719e+06	948.904	390	0	98	244	0	948.904	70	-13.0617	0	19432.9	7857.26	0	651660	274.201	276.064	0	19440	1623	1354.02	0.823328
19620	2.97775e+07	1604.94	4677	1234	108	251	0	1604.94	70	54.3412	0	19884.3	8616.83	0	2.9171e+06	260.615	337.637	0	19620	1620.19	1351.59	0.821848
19800	6.88464e+07	1210.94	7526	1081	105	253	0	1210.94	69.0001	96.4771	0	20088.3	8387.38	0	1.89289e+06	328.675	336.19	0	19800	1643.47	1349.16	0.82037
19980	9.3166e+07	1459.44	9056	1015	100	256	0	1459.44	70	103	0	20329.2	7962.26	0	4.21106e+06	331.039	312.795	0	19980	1596.68	1346.73	0.818894
20160	1.77039e+08	2945.07	17777	1905	103	259	0	2945.07	70	99.5306	0	20504.2	8226.13	0	8.72109e+06	298.462	307.405	0	20160	1621.15	1344.31	0.817422
20340	6.28639e+07	984.761	5881	994	101	257	0	984.761	70	103	0	20372	8044.12	0	2.47215e+06	306.716	331.039	0	20340	1606.18	1341.89	0.815952
20520	8.24029e+07	1290.84	8832	713	103	257	0	1290.84	70	103	0	20379.3	8181.07	0	5.06786e+06	332.157	274.095	0	20520	1617.69	1339.48	0.814484
20700	1.10397e+07	172.937	487	0	103	257	0	172.937	70	103	0	20399.3	8137	0	2.67178e+06	340.799	311.789	0	20700	1610.37	1337.07	0.81302
20880	7.85183e+06	1576	1543	645	103	257	0	1576	70	28.159	0	20344.8	8200.46	0	1.37784e+06	320.561	278.927	0	20880	1597.85	1334.66	0.811557
21060	678329	834.995	289	0	103	257	0	834.995	69	11.3707	0	20420	8137	0	629549	315.205	273.532	0	21060	1602.71	1332.26	0.810098
21240	2.55631e+06	674	1133	0	103	257	0	674	69	24.569	0	20423.9	8294.99	0	430322	293.162	368.31	0	21240	1564.47	1329.87	0.808641
21420	5.64496e+06	88.428	863	39	103	257	0	88.428	70	103	0	20415.6	8137	0	981216	352.887	311.128	0	21420	1597.21	1327.48	0.807187
21600	1.35332e+07	211.997	1158	0	103	257	0	211.997	69.0002	103	0	20461	8137	0	1.35577e+06	366.877	234.649	0	21600	1611.94	1325.09	0.805735
21780	5.37958e+06	1946	1022	0	103	257	0	1946	70	20.9755	0	20308.4	8137.15	0	1.84696e+06	315.004	321.917	0	21780	1600.16	1322.71	0.804286
21960	3.38526e+06	1219.99	1206	0	103	257	0	1219.99	70	21.0149	0	20461	8179.42	0	767035	290.558	309.113	0	21960	1623.49	1320.33	0.80284
22140	6.70099e+06	541.248	1178	118	103	257	0	541.248	70	44.3896	0	20461	8226.98	0	1.29367e+06	315.734	226.478	0	22140	1576.3	1317.95	0.801396
22320	3.8362e+06	603.639	868	116	103	257	0	603.639	70	31.8033	0	20461	8191.88	0	1.22598e+06	324.49	288.335	0	22320	1583.43	1315.58	0.799955
22500	2.68218e+06	1008	1029	0	103	257	0	1008	69.2496	20.579	0	20303	8295	0	748244	320.939	370.161	0	22500	1570.96	1313.22	0.798516
22680	3.34765e+06	845.999	878	274	103	257	0	845.999	69	25.0955	0	20382	8167.22	0	452695	318.992	278.857	0	22680	1529.76	1310.85	0.79708
22860	7.64878e+06	1306	1622	0	103	257	0	1306	70	30.5305	0	20461	8184.41	0	1.2016e+06	410.301	301.044	0	22860	1516.13	1308.5	0.795647
23040	5.87618e+06	1533.99	1144	0	103	257	0	1533.99	70	24.6915	0	20306.1	8272.55	0	1.59522e+06	286.895	310.275	0	23040	1511.03	1306.14	0.794216
23220	3.09602e+06	546.986	654	0	103	257	0	546.986	70	30.014	0	20461	8216.27	0	764971	351.911	318.774	0	23220	1481	1303.79	0.792788
23400	2.00562e+06	1102	674	0	103	257	0	1102	70	17.0194	0	20303	8270.09	0	675015	309.286	319.035	0	23400	1496.68	1301.45	0.791362
23580	1.4674e+07	305.434	2228	278	103	257	0	305.434	69	88.0703	0	20413.7	8137	0	1.13542e+06	335.249	288.429	0	23580	1486.65	1299.11	0.789939
23760	1.16881e+07	183.094	913	49	103	257	0	183.094	69	103	0	20303	8295	0	1.12406e+06	300.513	347.323	0	23760	1453.32	1296.77	0.788518
23940	8.40784e+06	131.709	888	143	103	257	0	131.709	70	103	0	20303	8295	0	991913	323.127	343.95	0	23940	1489.94	1294.44	0.7871
24120	3.68687e+06	1278	639	0	103	257	0	1278	70	21.4276	0	20382	8137	0	1.30418e+06	340.57	291.802	0	24120	1465.83	1292.11	0.785684
24300	3.02749e+06	1020	750	0	103	257	0	1020	70	21.7346	0	20417.1	8137	0	991786	318.482	282.842	0	24300	1487.14	1289.79	0.784271
24480	6.3305e+06	2006	1694	0	103	257	0	2006	70	22.4111	0	20303	8138.03	0	720454	270.103	314.05	0	24480	1451.16	1287.47	0.782861
24660	6.86192e+06	598.397	980	95	103	257	0	598.397	70	42.7207	0	20303	8137	0	1.88915e+06	315.164	319.563	0	24660	1486.98	1285.15	0.781453
24840	9.69032e+06	151.798	1067	5	103	257	0	151.798	70	103	0	20303	8137	0	1.2865e+06	286.468	318.62	0	24840	1494.02	1282.84	0.780048
25020	1.15943e+07	181.624	1152	173	103	257	0	181.624	70	103	0	20347.6	8295	0	2.14149e+06	325.38	338.989	0	25020	1514.85	1280.54	0.778645
25200	3.22497e+06	1136	919	0	103	257	0	1136	70	21.2561	0	20461	8215.87	0	960720	302.98	288.14	0	25200	1503.23	1278.23	0.777245
25380	4.76917e+06	1090	1369	0	103	257	0	1090	70	26.3887	0	20461	8263.8	0	913557	328.983	283.573	0	25380	1507.07	1275.93	0.775847
25560	3.78453e+06	59.2848	1057	108	103	257	0	59.2848	69	103	0	20380.8	8137	0	786959	298.313	241.001	0	25560	1505.07	1273.64	0.774452
25740	2.15539e+07	337.641	938	0	103	257	0	337.641	70	103	0	20461	8295	0	4.18355e+06	321.178	331.535	0	25740	1516.31	1271.35	0.773059
25920	1.3976e+07	432.29	1759	636	103	257	0	432.29	70	71.8015	0	20313.5	8168.16	0	1.84909e+06	330.263	336.776	0	25920	1521.87	1269.06	0.771669
26100	8.72814e+06	495.149	1193	0	103	257	0	495.149	70	52.9671	0	20461	8295	0	1.11491e+06	378.345	301.571	0	26100	1489.02	1266.78	0.770281
26280	2.10822e+06	1080	618	361	103	257	0	1080	70	17.6261	0	20398.6	8205.99	0	740675	311.458	271.083	0	26280	1528.22	1264.5	0.768896
26460	0.00252769	432.285	748	0	103	257	0	432.285	69.9986	0.000964687	0	20340.8	8257.96	0	1.44934e+06	271.445	362.935	0	26460	1537.53	1262.23	0.767513
26640	4.40976e+06	888	915	122	103	257	0	888	70	28.1133	0	20350.1	8294.57	0	765488	267.261	366.59	0	26640	1515.07	1259.96	0.766133
26820	3.02652e+06	1642	994	0	103	257	0	1642	70	17.1275	0	20355	8153.1	0	1.40846e+06	241.454	292.718	0	26820	1526.13	1257.69	0.764755
27000	4.38846e+07	804.302	4834	539	103	250	0	804.302	70	94.317	0	19813	8233.6	0	2.57262e+06	301.805	314.241	0	27000	1516.86	1255.43	0.763379
27180	3.31427e+07	1673.89	4790	1069	104	252	0	1673.89	70	56.1372	0	20019.8	8332.84	0	3.33473e+06	292.292	325.207	0	27180	1541.41	1253.17	0.762007
27360	5.35098e+07	838.23	5239	1052	106	255	0	838.23	70	103	0	20219.7	8465.48	0	3.5412e+06	317.697	329.26	0	27360	1533.48	1250.92	0.760636
27540	1.50447e+08	2414.06	14864	2453	107	257	0	2414.06	70	101.589	0	20362.2	8537.73	0	5.47568e+06	288.446	316.969	0	27540	1486.44	1248.67	0.759268
27720	6.04053e+07	946.247	5089	1048	109	256	0	946.247	70	103	0	20299	8644.21	0	4.34463e+06	311.195	284.799	0	27720	1532.55	1246.42	0.757903
27900	1.11922e+07	175.325	652	0	109	256	0	175.325	70	103	0	20299.5	8769	0	1.82839e+06	347.268	365.149	0	27900	1462.33	1244.18	0.75654
28080	4.25214e+07	731.694	3039	408	109	256	0	731.694	69	97.6598	0	20224	8683.37	0	3.43563e+06	265.285	319.011	0	28080	1521.21	1241.95	0.755179
28260	1.59723e+07	250.205	1162	669	109	256	0	250.205	70	103	0	20382	8611	0	1.68285e+06	384.442	241.851	0	28260	1498.69	1239.71	0.753821
28440	4.77105e+06	74.7383	228	0	109	256	0	74.7383	70	103	0	20382	8611	0	1.0072e+06	359.685	276.669	0	28440	1520.63	1237.48	0.752466
28620	5.55344e+07	937.037	6007	942	111	262	0	937.037	70	98.7385	0	20748.6	8825.74	0	2.90861e+06	321.335	315.654	0	28620	1489.17	1235.26	0.751112
28800	1.31789e+08	2064.47	12048	1324	110	265	0	2064.47	70	103	0	21032.6	8783.95	0	7.48597e+06	320.87	334.571	0	28800	1472.59	1233.04	0.749762
