MS2-QUANT	v0j
Region DEFINITION, 05-Apr-2021
COMMENT	Outline definition performed in MS2-QUANT (Main program)
FILE	MAX_20201217_RI516_C12MS2128TkTat_001_visit_38.tif
PATH	/Volumes/EBL/20201217/
PARAMETERS
Pix-XY	Pix-Z	RI	Ex	Em	NA	dT	Type
79	600	1.458	488	521	1.4	180	widefield
ANALYSIS-SETTINGS	
IMAGING-BACKGROUND	150
LIMIT-FIT-SIGMA-XY-MIN	17
LIMIT-FIT-SIGMA-XY-MAX	165
LIMIT-FIT-SIGMA-Z-MIN	0
LIMIT-FIT-SIGMA-Z-MAX	0
LIMIT-FIT-BGD-MIN	87
LIMIT-FIT-BGD-MAX	88
DETECTION-THRESHOLD	500
REGION	TxSite
X_POS	200	201	201	201	201	202	202	202	202	202	203	203	203	203	203	204	204	204	204	204	204	204	205	205	205	205	205	205	205	205	205	205	206	206	206	206	206	206	207	207	207	208	208	209	209	210	210	210	210	211	211	211	211	211	211	212	212	212	212	212	212	212	212	212	212	212	212	212	212	212	212	212	212	212	212	212	213	213	213	213	213	213	213	214	214	214	214	214	215	215	215	215	216	216	217	217	217	218	218	219	219	220	220	221	221	222	222	223	223	224	224	225	225	226	226	227	227	228	228	228	229	229	230	230	230	230	231	231	231	231	232	232	232	232	232	232	233	233	233	233	233	233	234	234	234	234	234	234	234	234	234	234	234	234	234	234	234	234	234	234	234	234	233	233	233	233	233	233	233	233	232	232	232	232	232	232	232	232	231	231	231	231	231	230	230	230	230	230	229	229	229	229	229	229	228	228	228	228	228	227	227	227	227	227	226	226	226	226	226	226	225	225	225	225	225	224	224	224	224	224	224	223	223	223	223	222	222	222	222	221	221	221	220	220	219	219	219	218	218	218	217	217	217	216	216	216	215	215	215	214	214	214	213	213	213	213	212	212	211	211	210	210	209	209	208	208	207	207	206	206	205	205	204	204	203	203	202	202	201	201	200	200	199	199	198	198	197	197	196	196	196	196	195	195	195	194	194	194	193	193	193	193	192	192	192	192	192	192	191	191	191	191	191	191	191	191	191	191	190	190	190	190	189	189	189	188	188	188	188	187	187	187	186	186	186	185	185	184	184	184	183	183	182	182	182	181	181	180	180	179	179	178	178	177	177	176	176	175	175	174	174	173	173	172	172	171	171	170	170	169	169	168	168	168	167	167	167	166	166	166	166	165	165	165	164	164	164	163	163	163	163	162	162	161	161	161	161	160	160	160	159	159	158	158	158	157	157	157	157	157	156	156	156	156	156	156	156	156	156	156	156	156	156	156	156	156	156	156	156	156	156	156	156	156	156	157	157	157	157	158	158	158	158	158	159	159	159	159	160	160	160	160	161	161	161	161	162	162	162	163	163	163	164	164	164	164	165	165	165	165	166	166	166	166	167	167	168	168	169	169	170	170	171	171	172	172	173	173	174	174	175	175	176	176	177	177	178	178	178	179	179	179	180	180	180	181	181	182	182	183	183	184	184	185	185	185	186	186	187	187	187	187	188	188	188	188	189	189	189	190	190	191	191	191	192	192	192	193	193	193	194	194	194	195	195	195	196	196	196	197	197	198	198	199	END
Y_POS	142	142	142	142	141	141	141	140	140	140	140	139	139	139	138	138	137	137	136	136	135	135	135	134	134	133	133	132	132	131	131	130	130	130	129	129	129	128	128	128	128	128	128	128	128	128	129	129	130	130	131	131	132	132	133	133	133	134	134	135	135	136	136	137	137	138	138	139	139	140	140	141	141	142	142	143	143	144	144	145	145	145	146	146	146	147	147	148	148	148	148	149	149	149	149	150	150	150	150	150	150	150	150	150	150	150	150	150	150	150	150	150	150	150	150	150	150	150	150	150	150	150	150	149	149	149	149	148	148	148	148	147	147	147	146	146	146	145	145	144	144	143	143	143	142	142	142	141	141	140	140	139	139	138	138	137	137	136	136	136	135	135	135	134	134	134	133	133	132	132	131	131	130	130	129	129	129	128	128	127	127	127	126	126	125	125	125	124	124	123	123	123	122	122	122	121	121	121	120	120	119	119	119	118	118	117	117	117	116	116	115	115	115	114	114	114	113	113	113	112	112	112	111	111	110	110	110	109	109	109	108	108	108	108	108	107	107	107	107	107	107	106	106	106	106	106	106	105	105	105	105	105	105	104	104	104	104	104	104	104	104	103	103	103	103	103	103	103	103	103	103	103	103	103	103	103	103	103	103	103	103	103	103	103	103	103	103	103	103	104	104	104	104	104	105	105	105	105	105	106	106	106	106	107	107	107	108	108	109	109	110	110	111	111	111	112	112	113	113	113	113	114	114	114	114	114	115	115	115	115	115	116	116	116	116	116	116	116	117	117	117	117	117	117	117	117	117	117	117	117	117	117	117	117	117	117	117	117	117	117	117	117	117	117	117	117	117	117	117	118	118	118	118	118	118	119	119	119	119	119	120	120	120	120	120	121	121	121	121	121	122	122	122	122	123	123	123	123	124	124	124	125	125	126	126	126	127	127	128	128	128	129	129	130	130	131	131	132	132	133	133	134	134	135	135	136	136	137	137	138	138	139	139	140	140	141	141	141	142	142	142	142	143	143	143	144	144	144	144	145	145	145	145	146	146	146	146	147	147	147	148	148	148	149	149	149	149	150	150	151	151	151	151	152	152	152	152	153	153	153	153	153	153	153	153	153	153	153	153	153	153	153	153	153	153	153	153	153	153	153	152	152	152	152	152	152	152	152	151	151	151	151	151	150	150	150	150	149	149	149	149	148	148	148	148	147	147	147	147	147	146	146	146	145	145	145	145	145	145	144	144	144	144	144	144	143	143	143	143	143	143	143	142	142	END
QUANTIFICATION
Time[s]	Q_Integrate	Q_AMP	Q_Sum_pix	Q_MIP_int	Pix_Y	Pix_X	Pix_Z	AMP	BGD	SigmaXY	SigmaZ	MuY	MuX	MuZ	RES	Cent_Y	Cent_X	Cent_Z	OPB_time	OPB_INT	OPB_FIT	OPB_FIT_norm
0	2.44553e+08	2631.85	18968	2586	125	179	0	2631.85	87	130.746	0	14181.4	9977.71	0	6.26658e+06	273.499	333.643	0	0	995.543	1373.32	1
180	1.53575e+08	1737.79	12931	1257	129	183	0	1737.79	88	126.225	0	14549.6	10262.6	0	4.77486e+06	316.901	297.781	0	180	1033.63	1370.85	0.998202
360	1.94622e+08	2080.86	15530	2115	134	182	0	2080.86	88	131.359	0	14473.1	10684.8	0	3.33196e+06	328.205	325.141	0	360	1023.45	1368.39	0.996406
540	1.8194e+08	1800.9	13492	1734	133	187	0	1800.9	88	139.103	0	14793.3	10616.1	0	4.70444e+06	271.131	334.604	0	540	1012.31	1365.92	0.994615
720	6.98903e+07	693.947	5742	896	134	184	0	693.947	88	138.772	0	14605.1	10664.2	0	2.5324e+06	322.318	313.527	0	720	1023.98	1363.47	0.992826
900	1.37854e+07	170.333	950	266	134	184	0	170.333	88	119.023	0	14694	10744	0	994313	322.588	356.852	0	900	1005.69	1361.02	0.99104
1080	1.61956e+08	1621.66	12339	1607	134	190	0	1621.66	87.0001	137.884	0	15092.5	10661.3	0	2.29559e+06	319.666	311.646	0	1080	1024.18	1358.57	0.989258
1260	8.92792e+07	855.529	6511	959	129	186	0	855.529	87	142.666	0	14749.1	10270.3	0	1.56807e+06	310.14	323.758	0	1260	1023.57	1356.13	0.987479
1440	6.09877e+07	1064.64	7045	1209	133	190	0	1064.64	88	96.8823	0	15095.5	10585.8	0	2.64435e+06	303.934	286.765	0	1440	1038.6	1353.69	0.985703
1620	1.08403e+08	1350.5	9667	1144	127	192	0	1350.5	87.0112	118.391	0	15227.3	10109.6	0	3.10938e+06	318.071	306.4	0	1620	1009	1351.25	0.983931
1800	1.16059e+08	1499.23	10021	1279	128	192	0	1499.23	88	115.682	0	15259	10187	0	2.83593e+06	323.052	301.459	0	1800	1023.69	1348.82	0.982161
1980	6.37415e+07	618.906	4990	912	127	195	0	618.906	88	141.195	0	15494.7	10173.1	0	1.36862e+06	319.224	343.77	0	1980	1047.44	1346.4	0.980395
2160	5.16204e+07	689.184	4967	667	125	193	0	689.184	87.9998	113.317	0	15339.8	9957.12	0	1.84122e+06	322.874	308.452	0	2160	1018.33	1343.97	0.978632
2340	1.05974e+07	99.0141	959	382	125	193	0	99.0141	87	145.593	0	15258.6	10033	0	1.04355e+06	304.699	374.666	0	2340	1026.98	1341.56	0.976872
2520	1.04524e+06	547.927	454	258	125	193	0	547.927	87	17.4244	0	15330.3	9953.97	0	491689	369.401	292.231	0	2520	1003.66	1339.15	0.975115
2700	1.21693e+07	139.953	1156	0	125	193	0	139.953	87	124.833	0	15247	10033	0	930863	284.042	378.372	0	2700	1051.46	1336.74	0.973361
2880	9.64208e+06	116.586	923	92	125	193	0	116.586	87	120.718	0	15405	9875	0	875387	346.341	235.671	0	2880	1026.91	1334.33	0.971611
3060	1.12906e+07	94.5903	1281	0	125	193	0	94.5903	87	159.994	0	15247	9958.37	0	1.05236e+06	247.003	331.606	0	3060	1018.2	1331.93	0.969863
3240	635673	350.07	464	0	125	193	0	350.07	87	17	0	15405	10033	0	333106	372.739	313.9	0	3240	1048.01	1329.54	0.968119
3420	6.18555e+06	182.142	1475	238	125	193	0	182.142	87	73.6126	0	15405	9931.26	0	533494	367.665	327.703	0	3420	1011.84	1327.15	0.966378
3600	843902	463.315	551	0	125	193	0	463.315	87	17.0262	0	15328.6	10032.4	0	342308	289.636	344.893	0	3600	1071.9	1324.76	0.96464
3780	1.48735e+06	645.287	488	240	125	193	0	645.287	87	19.1531	0	15360.3	9954	0	545607	327.098	357.413	0	3780	1062.11	1322.38	0.962905
3960	3.18767e+06	872	1239	436	125	193	0	872	87	24.1206	0	15325.6	9928.5	0	500790	301.79	313.674	0	3960	1066.01	1320	0.961174
4140	3.96297e+06	808	1182	313	125	193	0	808	87	27.9392	0	15307.4	10003.4	0	500790	333.673	279.697	0	4140	1039.77	1317.63	0.959445
4320	1.57675e+06	846	345	0	125	193	0	846	87	17.2229	0	15247	9875	0	687206	328.758	298.69	0	4320	1044.74	1315.26	0.95772
4500	7.1589e+06	123.149	412	253	125	193	0	123.149	88	97.6768	0	15247	9924.16	0	1.52211e+06	271.328	296.119	0	4500	1063.74	1312.89	0.955997
4680	4.87558e+07	664.643	4600	1354	136	177	0	664.643	88	111.869	0	14063.9	10856.7	0	1.83151e+06	307.321	337.426	0	4680	1071.75	1310.53	0.954278
4860	4.63996e+06	1246	960	0	136	177	0	1246	88	24.3449	0	13983.4	10767.1	0	766924	296.102	334.08	0	4860	1050.61	1308.17	0.952562
5040	1.23532e+07	146.489	1215	535	136	177	0	146.489	87	122.284	0	13983	10744	0	1.16489e+06	246.33	256.631	0	5040	1033.55	1305.82	0.950849
5220	1.74517e+06	749.939	606	375	136	177	0	749.939	87	19.2449	0	14061.3	10822.8	0	381621	297.9	327.269	0	5220	1054.65	1303.47	0.949139
5400	3.20427e+06	836	1115	10	136	177	0	836	87	24.6986	0	14100.6	10745.2	0	458227	304.117	258.897	0	5400	1038.53	1301.13	0.947432
5580	1.55403e+06	742	478	132	136	177	0	742	87	18.2573	0	13983	10902	0	462327	313.753	320.134	0	5580	1037.68	1298.79	0.945728
5760	846402	466.121	250	30	136	177	0	466.121	88	17	0	14140.9	10744	0	816603	310.174	329.17	0	5760	1070.34	1296.45	0.944027
5940	4.73809e+07	1234.9	6397	1366	146	165	0	1234.9	88	78.3386	0	13117.2	11621	0	1.73295e+06	346.343	337.729	0	5940	1033.48	1294.12	0.94233
6120	1.37403e+08	1594.07	10735	1717	139	166	0	1594.07	87.0001	124.095	0	13225.8	11084.8	0	3.75879e+06	347.074	327.171	0	6120	1053.99	1291.79	0.940635
6300	6.06273e+07	1160.77	6711	1115	138	166	0	1160.77	87	92.1019	0	13234.1	10952.4	0	1.52882e+06	333.961	297.421	0	6300	1049.02	1289.47	0.938943
6480	2.10902e+06	475.877	650	0	138	166	0	475.877	87	26.5584	0	13272	10906.6	0	655068	382.115	296.31	0	6480	1037.39	1287.15	0.937255
6660	5.79357e+06	77.1135	654	0	138	166	0	77.1135	87	113.533	0	13272	10902	0	722151	378.87	276.848	0	6660	1079.52	1284.84	0.935569
6840	941446	516.02	410	12	138	166	0	516.02	87	17.0402	0	13272	11060	0	424474	360.724	325.915	0	6840	1098.04	1282.53	0.933887
7020	611607	336.776	433	187	138	166	0	336.776	87	17.001	0	13193.3	10978.6	0	428452	281.143	286.661	0	7020	1087.32	1280.22	0.932207
7200	422101	219.159	500	157	138	166	0	219.159	87	17.5081	0	13193.4	10982.4	0	338957	271.149	361.674	0	7200	1110.71	1277.92	0.930531
7380	290840	9.57893	311	0	138	166	0	9.57893	87	69.5607	0	13272	11060	0	548195	334.959	381.645	0	7380	1116.58	1275.62	0.928857
7560	2.66402e+06	832	1271	0	138	166	0	832	88	22.5745	0	13272	10924.6	0	519784	314.095	318.567	0	7560	1110.2	1273.32	0.927187
7740	3.60854e+06	848	1272	219	138	166	0	848	87	26.0242	0	13241.2	10966.2	0	355508	349.642	350.065	0	7740	1170.74	1271.03	0.92552
7920	3.34604e+06	986	900	228	138	166	0	986	87	23.2401	0	13192.8	11037.1	0	451625	278.273	328.925	0	7920	1122.02	1268.75	0.923855
8100	570693	311.282	278	183	138	166	0	311.282	87	17.0818	0	13192.4	10981	0	434567	332.469	276.752	0	8100	1122.93	1266.47	0.922194
8280	685631	314.359	415	0	138	166	0	314.359	87	18.6313	0	13115	10981	0	300065	310.494	294.162	0	8280	1121.31	1264.19	0.920535
8460	2.05049e+06	1124	757	0	138	166	0	1124	87	17.0395	0	13222.2	10902	0	640863	319.679	348.062	0	8460	1132.58	1261.92	0.91888
8640	3.49868e+06	378.346	994	59	138	166	0	378.346	87	38.3634	0	13272	11004.6	0	446112	363.249	298.584	0	8640	1112.65	1259.65	0.917227
8820	1.33343e+06	567.713	623	206	138	166	0	567.713	87	19.3344	0	13155.8	10985	0	317145	310.364	304.959	0	8820	1153.83	1257.38	0.915578
9000	3.00991e+06	1067.89	1029	0	138	166	0	1067.89	87	21.1799	0	13202.1	11059.5	0	415461	324.134	347.661	0	9000	1166.66	1255.12	0.913931
9180	3.85556e+06	794	1148	397	138	166	0	794	87	27.7999	0	13164.5	10997.5	0	461984	319.885	312.954	0	9180	1212.64	1252.86	0.912288
9360	1.05473e+06	580.851	621	0	138	166	0	580.851	87	17	0	13272	10912.7	0	639038	375.439	317.396	0	9360	1151.27	1250.61	0.910647
9540	0.809771	0.000445919	371	0	138	166	0	0.000445919	87	17.0006	0	13272	10902	0	550378	373.12	265.796	0	9540	1197.31	1248.36	0.909009
9720	4.51555e+06	802	1315	401	138	166	0	802	87	29.9349	0	13223.8	10962.4	0	533780	307.99	338.448	0	9720	1226.6	1246.12	0.907374
9900	2.68928e+06	793.624	1168	205	138	166	0	793.624	87	23.2231	0	13244.2	10960.9	0	622885	289.558	332.182	0	9900	1186.79	1243.87	0.905743
10080	748031	411.505	424	0	138	166	0	411.505	87	17.0091	0	13115.8	10981.1	0	764446	240.158	241.105	0	10080	1190.29	1241.64	0.904114
10260	45881.3	20.6702	187	6	138	166	0	20.6702	87	18.7956	0	13192.4	10905.4	0	306341	333.642	292.106	0	10260	1210.93	1239.41	0.902488
10440	1.04877e+06	577.427	284	32	138	166	0	577.427	87	17.0021	0	13114	11058.6	0	516891	263.966	274.061	0	10440	1201.13	1237.18	0.900865
10620	164904	90.4926	228	47	138	166	0	90.4926	87	17.0302	0	13115.9	10902	0	855535	380.4	273.042	0	10620	1191.75	1234.95	0.899245
10800	4.03198e-11	2.22045e-14	241	69	138	166	0	2.22045e-14	87	17	0	13162.4	11060	0	546477	314.47	318.213	0	10800	1198.01	1232.73	0.897628
10980	1.03473e+08	1112.64	8233	1059	136	192	0	1112.64	87	130.823	0	15264.6	10782.9	0	4.5629e+06	324.64	287.542	0	10980	1241.57	1230.51	0.896013
11160	2.72553e+07	221.269	1585	0	136	192	0	221.269	87	164.804	0	15168	10805.1	0	2.10115e+06	260.585	306.849	0	11160	1222.17	1228.3	0.894402
11340	3.65702e+06	906	1621	126	136	192	0	906	88	25.346	0	15191.8	10882.1	0	641391	268.043	342.276	0	11340	1250.47	1226.09	0.892793
11520	5.3626e+07	851.121	5343	597	137	192	0	851.121	87	102.227	0	15215.8	10879.5	0	3.33941e+06	297.361	314.62	0	11520	1242.17	1223.89	0.891188
11700	4.5052e+07	577.626	3390	371	137	192	0	577.626	87	116.233	0	15298.2	10836.9	0	2.74773e+06	347.358	279.75	0	11700	1256.1	1221.69	0.889585
11880	2.95835e+07	653.117	3055	56	137	192	0	653.117	87	85.3761	0	15168	10823	0	1.88093e+06	272.963	257.45	0	11880	1248.91	1219.49	0.887985
12060	4.82334e+07	419.513	3236	710	137	192	0	419.513	87	154.683	0	15173.6	10855.7	0	2.62095e+06	266.789	302.889	0	12060	1246.56	1217.3	0.886388
12240	1.02008e+08	1285.85	8801	1480	134	190	0	1285.85	87.0001	117.499	0	15055	10636.2	0	2.98656e+06	287.797	300.404	0	12240	1249.01	1215.11	0.884794
12420	5.93898e+07	1235.18	6843	1691	137	190	0	1235.18	88	88.1082	0	15103.1	10912.7	0	2.23608e+06	325.546	340.09	0	12420	1301.31	1212.92	0.883203
12600	6.42666e+07	971.119	5729	1892	133	191	0	971.119	88	105.177	0	15197.5	10632.2	0	4.14234e+06	355.448	348.226	0	12600	1272.8	1210.74	0.881615
12780	1.13425e+08	1407.35	10040	1694	131	190	0	1407.35	88	118.701	0	15070.6	10415.1	0	4.37998e+06	317.842	302.922	0	12780	1288.49	1208.56	0.880029
12960	8.73174e+07	2157.86	10214	1468	129	185	0	2157.86	88	80.5119	0	14725.4	10231.7	0	4.01439e+06	311.334	280.79	0	12960	1295.08	1206.39	0.878447
13140	9.73676e+07	1450.65	9177	1889	126	183	0	1450.65	88	106.054	0	14561.7	10045.2	0	3.17025e+06	319.261	309.966	0	13140	1282.02	1204.22	0.876867
13320	5.97237e+07	704.898	5451	503	126	181	0	704.898	88	122.669	0	14343.7	10025.8	0	2.08776e+06	311.588	326.135	0	13320	1296.24	1202.05	0.87529
13500	5.12163e+07	415.28	3350	416	126	181	0	415.28	88	165	0	14386.5	9954	0	2.85748e+06	331.656	281.605	0	13500	1265.65	1199.89	0.873716
13680	2.68923e+07	218.052	2064	0	126	181	0	218.052	88	165	0	14299	9954	0	2.37528e+06	280.112	263.396	0	13680	1287.28	1197.73	0.872145
13860	6.69217e+07	838.937	6227	1122	124	178	0	838.937	88	117.916	0	14143.9	9909.77	0	2.54419e+06	298.609	346.546	0	13860	1264.12	1195.58	0.870576
14040	3.94194e+07	319.627	2442	214	124	178	0	319.627	88	165	0	14220	9954	0	2.29184e+06	350.837	351.31	0	14040	1224.65	1193.43	0.869011
14220	9.52136e+07	834.36	7334	1202	127	179	0	834.36	88	153.669	0	14264.6	10114.1	0	4.85423e+06	339.011	309.013	0	14220	1261.81	1191.28	0.867448
14400	2.88417e+08	3865.27	24998	3706	129	177	0	3865.27	88	113.051	0	14092.6	10244.5	0	5.91033e+06	336.614	295.355	0	14400	1277.9	1189.14	0.865888
14580	4.05431e+08	4755.56	31457	6006	130	176	0	4755.56	88	123.179	0	13962.2	10313.1	0	2.05454e+07	300.957	279.498	0	14580	1298.68	1187	0.864331
14760	1.88388e+08	1836.96	14842	1632	133	170	0	1836.96	88	140.727	0	13503.2	10575.1	0	7.24393e+06	308.59	289.609	0	14760	1328.47	1184.87	0.862776
14940	2.93919e+08	3339.51	22849	2195	131	172	0	3339.51	87	125.87	0	13700.7	10393.5	0	5.67584e+06	339.746	287.558	0	14940	1294.37	1182.74	0.861225
15120	1.76323e+08	1613.74	11171	2417	128	170	0	1613.74	87.0001	148.087	0	13475.1	10220.2	0	6.02221e+06	294.946	336.813	0	15120	1270.91	1180.61	0.859676
15300	1.72082e+08	1792.51	12443	2348	128	168	0	1792.51	88	133.872	0	13318.5	10240.5	0	7.2418e+06	294.529	351.766	0	15300	1305.18	1178.49	0.85813
15480	5.11759e+07	645.345	5183	438	134	170	0	645.345	88	117.469	0	13497.8	10686.4	0	2.15157e+06	315.121	329.199	0	15480	1298.54	1176.37	0.856586
15660	1.03551e+08	1636.87	10742	1600	133	174	0	1636.87	87.9998	102.465	0	13832.3	10598.9	0	3.57501e+06	311.636	323.592	0	15660	1312.28	1174.25	0.855046
15840	1.66143e+08	2213.77	15029	2137	136	172	0	2213.77	87	113.457	0	13689.6	10782.6	0	3.59388e+06	343.346	271.986	0	15840	1297.56	1172.14	0.853508
16020	1.46718e+08	2049.71	13584	1496	134	174	0	2049.71	87.9995	110.208	0	13838.8	10691.1	0	3.28139e+06	321.644	327.813	0	16020	1331.12	1170.03	0.851973
16200	9.66475e+07	1969.76	10069	1798	136	175	0	1969.76	88	89.0624	0	13871.4	10784.2	0	4.19251e+06	287.143	280.588	0	16200	1305.47	1167.93	0.850441
16380	4.37143e+07	1754.95	6453	1341	136	172	0	1754.95	88	62.9742	0	13662.2	10783.5	0	2.67449e+06	312.231	280.316	0	16380	1327.46	1165.83	0.848912
16560	8.66432e+06	1602	2051	0	136	172	0	1602	88	29.3391	0	13745.5	10856.7	0	1.32179e+06	301.616	331.328	0	16560	1353.59	1163.73	0.847385
16740	7.17604e+07	1118.44	7297	911	141	171	0	1118.44	87.0001	103.302	0	13563.7	11186.7	0	3.12604e+06	314.043	289.116	0	16740	1280.41	1161.64	0.845861
16920	5.81484e+07	764.674	5769	700	146	177	0	764.674	88	114.391	0	14055.3	11628.7	0	2.5752e+06	309.042	319.811	0	16920	1304.58	1159.55	0.84434
17100	7.21844e+07	677.214	5953	894	145	182	0	677.214	87.9999	145.108	0	14430.4	11497.6	0	3.44625e+06	300.619	291.162	0	17100	1319.13	1157.46	0.842822
17280	8.07974e+07	694.262	5623	955	141	180	0	694.262	88	156.357	0	14344.8	11233.9	0	3.10172e+06	333.352	334.081	0	17280	1354.73	1155.38	0.841306
17460	7.20698e+07	785.908	5655	277	140	183	0	785.908	87	129.524	0	14556.6	11104.9	0	2.54602e+06	329.054	286.509	0	17460	1332.56	1153.3	0.839793
17640	4.89454e+07	1047.46	6062	1197	142	185	0	1047.46	88	86.7859	0	14724.9	11319.9	0	3.12707e+06	311.767	317.089	0	17640	1342.49	1151.23	0.838283
17820	6.33797e+07	799.373	5504	1220	141	187	0	799.373	88	117.457	0	14871.5	11247.5	0	3.34219e+06	322.195	340.094	0	17820	1378.55	1149.16	0.836775
18000	2.47777e+07	297.164	1788	24	141	187	0	297.164	87.3984	121.369	0	14773	11297	0	1.60432e+06	287.568	373.565	0	18000	1360.76	1147.09	0.83527
18180	1.47017e+07	143.605	1206	154	141	187	0	143.605	87	140.537	0	14773	11297	0	1.00629e+06	252.472	389.865	0	18180	1327.08	1145.03	0.833768
18360	6.31417e+06	1772	2154	39	141	187	0	1772	88	23.8142	0	14773	11152.7	0	1.37063e+06	318.69	349.201	0	18360	1350.79	1142.97	0.832269
18540	5.75705e+07	629.621	5255	734	132	185	0	629.621	87.0001	129.259	0	14693	10491.5	0	3.27937e+06	314.819	301.189	0	18540	1379.4	1140.92	0.830772
18720	2.59063e+07	210.057	1638	58	132	185	0	210.057	87	165	0	14772.9	10428	0	1.99825e+06	346.654	246.385	0	18720	1355.64	1138.86	0.829278
18900	1.61188e+07	313.578	2316	1	132	185	0	313.578	87.0001	91.3113	0	14744.8	10428	0	1.55962e+06	350.974	283.499	0	18900	1348.83	1136.82	0.827786
19080	8.79857e+06	71.3421	628	0	132	185	0	71.3421	87	165	0	14773	10586	0	949835	360.11	344.921	0	19080	1324.16	1134.77	0.826298
19260	2.84665e+07	302.103	1910	0	132	185	0	302.103	88	132.066	0	14615	10518.6	0	2.50277e+06	311.961	318.661	0	19260	1329.32	1132.73	0.824812
19440	1.40809e+06	775.208	667	170	132	185	0	775.208	88	17.0026	0	14694.5	10552.7	0	1.25243e+06	315.925	220.098	0	19440	1341.76	1130.69	0.823328
19620	5.53807e+07	602.603	4818	1001	129	189	0	602.603	88	129.724	0	15037.6	10223.6	0	3.36964e+06	316.617	283.438	0	19620	1344.81	1128.66	0.821848
19800	3.99938e+07	424.04	2548	250	129	189	0	424.04	87	132.155	0	15089	10191	0	1.89661e+06	387.601	268.605	0	19800	1328.58	1126.63	0.82037
19980	1.91116e+07	154.964	1544	517	129	189	0	154.964	88	165	0	15082.5	10211.6	0	1.65137e+06	340.338	280.063	0	19980	1299.66	1124.6	0.818894
20160	3.27908e+07	265.88	1710	0	129	189	0	265.88	87	165	0	15089	10191	0	3.14487e+06	383.287	235.235	0	20160	1266.21	1122.58	0.817422
20340	7.10155e+07	1267.71	7251	1550	125	187	0	1267.71	88	95.6917	0	14849.6	9972.25	0	3.24059e+06	319.228	327.544	0	20340	1309.41	1120.56	0.815952
20520	1.145e+08	1488.34	9771	1871	129	188	0	1488.34	87	115.228	0	14906.5	10237	0	3.21858e+06	302.561	274.467	0	20520	1329.98	1118.55	0.814484
20700	5.07679e+06	2140	1027	0	129	188	0	2140	88	19.4311	0	15010	10240.5	0	2.51861e+06	402.364	197.301	0	20700	1323.53	1116.54	0.81302
20880	6.28086e+07	735.356	5196	939	121	193	0	735.356	87	123.333	0	15373.2	9666.62	0	3.14413e+06	345.552	327.118	0	20880	1336.21	1114.53	0.811557
21060	4.85428e+07	760.706	4752	1671	146	170	0	760.706	88	102.978	0	13526.8	11626.5	0	2.97652e+06	339.208	307.389	0	21060	1287.53	1112.52	0.810098
21240	5.52608e+07	471.449	3499	361	146	170	0	471.449	88	157.365	0	13588	11572.3	0	4.12343e+06	324.313	290.854	0	21240	1353.45	1110.52	0.808641
21420	3.27536e+07	265.578	2011	158	146	170	0	265.578	87	165	0	13430	11692	0	1.35559e+06	244.575	356.313	0	21420	1320.95	1108.53	0.807187
21600	3.15101e+07	255.495	1543	247	146	170	0	255.495	88	165	0	13588	11534	0	1.52864e+06	344.106	267.762	0	21600	1344.39	1106.53	0.805735
21780	3.08086e+07	249.808	2320	225	146	170	0	249.808	88	165	0	13447.3	11645.3	0	1.97164e+06	304.839	309.167	0	21780	1327	1104.54	0.804286
21960	1.26728e+08	1688.25	10646	2067	110	201	0	1688.25	88	113.471	0	15965.7	8804.8	0	5.41105e+06	311.73	337.941	0	21960	1336.48	1102.56	0.80284
22140	5.65874e+07	2938.48	8424	2630	109	202	0	2938.48	88	55.3627	0	16014.4	8716.84	0	3.58222e+06	278.104	316.263	0	22140	1313.99	1100.57	0.801396
22320	8.53327e+07	1561.77	9467	1710	108	203	0	1561.77	88	94.3891	0	16112.1	8649.9	0	4.95511e+06	314.184	347.64	0	22320	1266.57	1098.59	0.799955
22500	4.7214e+07	382.829	1686	224	108	203	0	382.829	88	165	0	16037	8637.61	0	4.7018e+06	294.333	329.764	0	22500	1295.54	1096.62	0.798516
22680	1.65353e+08	2673.47	15538	2015	110	209	0	2673.47	88	101.15	0	16619.2	8736.77	0	7.24033e+06	335.785	294.68	0	22680	1307.42	1094.65	0.79708
22860	1.34169e+08	1590.02	10830	1420	112	211	0	1590.02	87.9999	122.335	0	16710.2	8944.64	0	7.35442e+06	286.214	322.116	0	22860	1251	1092.68	0.795647
23040	1.05094e+08	1244.53	8977	1431	117	215	0	1244.53	88	122.396	0	17083.5	9314.31	0	4.1466e+06	319.129	320.535	0	23040	1247.4	1090.71	0.794216
23220	2.02248e+07	3331.43	4230	1792	115	215	0	3331.43	88	31.084	0	17063.9	9188.76	0	3.23529e+06	328.232	303.99	0	23220	1245.31	1088.75	0.792788
23400	1.8496e+07	213.814	1437	453	115	215	0	213.814	88	124.396	0	17049.2	9085	0	2.05955e+06	314.825	284.764	0	23400	1245.56	1086.79	0.791362
23580	6.08912e+07	1880.51	8043	2275	116	216	0	1880.51	88	71.8575	0	17167.2	9254.16	0	3.25266e+06	318.244	313.896	0	23580	1230.82	1084.84	0.789939
23760	1.58758e+08	2032.71	14124	1648	122	215	0	2032.71	87	116.334	0	17073.5	9670.59	0	4.93478e+06	319.875	263.714	0	23760	1253.23	1082.89	0.788518
23940	1.25587e+08	1351.24	10206	1290	120	216	0	1351.24	88	130.767	0	17153.4	9574.95	0	3.22994e+06	317.658	328.224	0	23940	1221.75	1080.94	0.7871
24120	8.13982e+07	893.625	6368	1594	123	213	0	893.625	88	128.911	0	16923.4	9739.45	0	4.15731e+06	330.273	283.216	0	24120	1266.36	1079	0.785684
24300	6.41044e+07	1012.53	6544	768	123	213	0	1012.53	88	102.511	0	16931.5	9775.25	0	4.32505e+06	347.004	292.513	0	24300	1231.87	1077.06	0.784271
24480	2.9591e+07	360.894	2141	305	123	213	0	360.894	87	120.038	0	16985	9875	0	1.43021e+06	384.927	379.018	0	24480	1246.88	1075.12	0.782861
24660	6.08675e+07	638.265	4762	901	124	219	0	638.265	88	133.221	0	17341	9930.53	0	3.49481e+06	289.352	342.091	0	24660	1221.43	1073.19	0.781453
24840	3.50265e+07	1001.74	5197	813	125	220	0	1001.74	87	74.7118	0	17457.4	9924.71	0	1.10472e+06	331.505	284.043	0	24840	1231.2	1071.26	0.780048
25020	1.65795e+07	134.433	945	225	125	220	0	134.433	88	165	0	17380	10033	0	1.59176e+06	271.557	331.473	0	25020	1263.38	1069.33	0.778645
25200	2.10063e+06	1156.82	693	0	125	220	0	1156.82	88	17.0001	0	17458.9	10033	0	1.48975e+06	253.234	337.96	0	25200	1243.6	1067.41	0.777245
25380	142635	78.5206	313	115	125	220	0	78.5206	87	17.0032	0	17458.8	9954.2	0	497659	257.757	366.657	0	25380	1265.26	1065.49	0.775847
25560	771222	362.112	420	0	125	220	0	362.112	88	18.411	0	17459	10033	0	1.57478e+06	316.756	326.777	0	25560	1254.44	1063.57	0.774452
25740	2.49204e+07	1628.4	4623	1484	130	216	0	1628.4	88	49.3524	0	17146	10359.1	0	1.52143e+06	341.26	280.519	0	25740	1247.91	1061.66	0.773059
25920	3.41847e+07	979.222	4867	1337	128	216	0	979.222	87	74.6513	0	17131	10209.1	0	2.13293e+06	319.892	322.949	0	25920	1233.15	1059.75	0.771669
26100	959318	526.914	673	0	128	216	0	526.914	88	17.0224	0	17064.4	10187.1	0	1.22457e+06	297.116	288.691	0	26100	1271.71	1057.84	0.770281
26280	3.78093e+06	1291.96	896	646	128	216	0	1291.96	88	21.5816	0	17135.1	10191	0	1.46931e+06	303.582	352.605	0	26280	1251.98	1055.94	0.768896
26460	1.89946e+07	154.016	1436	206	128	216	0	154.016	88	165	0	17222	10270	0	2.27994e+06	335.45	315.338	0	26460	1252.46	1054.04	0.767513
26640	438663	241.569	939	0	128	216	0	241.569	88	17.0002	0	17222	10112	0	1.60426e+06	359.099	285.229	0	26640	1217.86	1052.15	0.766133
26820	576441	317.452	402	105	128	216	0	317.452	88	17	0	17222	10112	0	1.00503e+06	364.022	336.141	0	26820	1266.64	1050.25	0.764755
27000	4.09794e+06	51.5935	528	143	128	216	0	51.5935	88	117.59	0	17080.5	10270	0	1.24584e+06	333.008	353.036	0	27000	1246.85	1048.36	0.763379
27180	1.43876e+08	1909.55	13083	1856	136	222	0	1909.55	87.9999	113.734	0	17625.1	10800.1	0	4.74916e+06	313.424	284.755	0	27180	1274.43	1046.48	0.762007
27360	7.17628e+07	1367.81	8595	810	141	226	0	1367.81	88	92.3262	0	17910.9	11183.7	0	4.38547e+06	298.066	304.125	0	27360	1237.91	1044.6	0.760636
27540	7.49431e+07	789.668	6241	548	140	223	0	789.668	87.0001	132.753	0	17720.9	11131	0	2.63036e+06	332.498	306.333	0	27540	1246.34	1042.72	0.759268
27720	3.48815e+07	282.832	1176	7	140	223	0	282.832	88	165	0	17617	11060	0	2.83859e+06	294.833	293.625	0	27720	1260.77	1040.84	0.757903
27900	7.36273e+07	1045.47	6891	1435	139	225	0	1045.47	88	109.131	0	17868.2	11085.7	0	3.20286e+06	326.347	329.469	0	27900	1268.85	1038.97	0.75654
28080	1.13128e+08	1393	9779	1569	138	224	0	1393	88	119.29	0	17766.7	11003.2	0	5.19348e+06	318.65	330.185	0	28080	1273.49	1037.1	0.755179
28260	1.14081e+08	1346.07	10071	853	139	222	0	1346.07	87.0001	122.692	0	17593.1	11045.2	0	4.0669e+06	295.726	301.437	0	28260	1266.66	1035.24	0.753821
28440	1.06438e+08	1212.37	9230	837	143	220	0	1212.37	87.0001	125.654	0	17445.3	11359.3	0	4.74821e+06	311.564	296.625	0	28440	1261.43	1033.38	0.752466
28620	1.89313e+07	172.997	931	0	143	220	0	172.997	87	148.276	0	17538	11297	0	1.65905e+06	338.153	265.478	0	28620	1262.2	1031.52	0.751112
28800	1.58867e+07	333.325	1325	0	143	220	0	333.325	87.9334	87.6987	0	17380.8	11297	0	1.79838e+06	321.045	244.648	0	28800	1278.09	1029.66	0.749762
