MS2-QUANT	v0j
Region DEFINITION, 05-Apr-2021
COMMENT	Outline definition performed in MS2-QUANT (Main program)
FILE	MAX_20201217_RI516_C12MS2128TkTat_001_visit_36.tif
PATH	/Volumes/EBL/20201217/
PARAMETERS
Pix-XY	Pix-Z	RI	Ex	Em	NA	dT	Type
79	600	1.458	488	521	1.4	180	widefield
ANALYSIS-SETTINGS	
IMAGING-BACKGROUND	150
LIMIT-FIT-SIGMA-XY-MIN	8
LIMIT-FIT-SIGMA-XY-MAX	138
LIMIT-FIT-SIGMA-Z-MIN	0
LIMIT-FIT-SIGMA-Z-MAX	0
LIMIT-FIT-BGD-MIN	53
LIMIT-FIT-BGD-MAX	54
DETECTION-THRESHOLD	500
REGION	TxSite
X_POS	129	129	129	130	130	131	131	131	132	132	132	133	134	134	135	135	136	137	138	139	140	141	142	143	144	145	146	147	148	149	149	150	151	151	152	152	153	153	154	154	155	155	155	156	156	156	156	157	157	157	157	157	157	157	157	157	157	157	157	157	157	157	157	156	156	156	156	156	156	157	157	157	157	157	158	158	159	159	160	161	161	162	162	163	163	164	164	165	165	166	166	167	167	168	169	169	169	169	169	168	167	167	167	166	165	164	163	163	162	161	160	159	158	157	157	156	155	154	153	152	151	151	150	149	149	148	147	147	146	146	145	145	145	144	143	143	142	141	141	141	140	139	139	138	138	137	136	136	135	134	134	133	132	131	130	129	128	127	127	126	125	125	124	123	122	121	120	119	118	117	116	115	114	113	112	111	110	109	108	107	107	106	106	105	104	104	103	103	102	101	101	100	99	99	99	98	98	98	97	97	97	97	96	96	96	96	96	96	96	96	97	97	97	97	97	98	98	99	99	99	100	100	101	102	102	103	103	104	105	106	106	107	108	108	109	110	111	112	113	113	114	115	115	116	117	118	119	119	120	121	121	122	122	123	124	124	125	125	126	127	127	128	129	129	129	129	129	130	130	130	130	130	130	130	129	129	129	129	129	129	129	129	129	129	129	END
Y_POS	178	179	180	180	181	181	182	183	183	184	185	185	185	186	186	187	187	187	187	188	188	188	188	188	188	188	188	188	188	188	187	187	187	186	186	185	185	184	184	183	182	181	180	180	179	178	177	177	176	175	174	173	172	171	170	169	168	167	166	165	164	163	162	162	161	160	159	158	157	157	156	155	154	153	153	152	152	151	150	149	148	148	147	147	146	146	145	145	144	144	143	143	142	141	141	140	139	138	137	137	137	136	135	135	135	135	135	134	134	134	134	134	134	134	133	133	133	133	133	133	133	132	132	132	131	131	131	130	130	129	129	128	127	127	126	125	125	125	124	123	123	123	122	122	121	121	121	120	120	120	119	119	119	119	119	119	119	119	118	118	118	117	117	116	115	115	115	115	115	115	115	115	115	115	115	115	115	115	115	115	116	116	117	117	117	118	118	119	119	120	121	121	121	122	123	123	124	125	125	126	127	128	128	129	130	131	132	133	134	135	135	136	137	138	139	139	140	140	141	142	142	143	143	143	144	144	145	145	145	145	146	146	146	147	147	147	147	148	148	149	149	149	150	151	151	152	152	153	153	153	154	154	155	155	155	156	156	157	157	157	158	159	159	160	161	162	163	163	164	165	166	167	168	169	169	170	171	172	173	174	175	176	177	178	179	END
QUANTIFICATION
Time[s]	Q_Integrate	Q_AMP	Q_Sum_pix	Q_MIP_int	Pix_Y	Pix_X	Pix_Z	AMP	BGD	SigmaXY	SigmaZ	MuY	MuX	MuZ	RES	Cent_Y	Cent_X	Cent_Z	OPB_time	OPB_INT	OPB_FIT	OPB_FIT_norm
0	202902	274.556	192	0	148	143	0	274.556	53	10.8452	0	11377.2	11843	0	193477	267.579	299.329	0	0	750.588	931.132	1
180	989812	679.819	398	8	148	143	0	679.819	53	15.2226	0	11297	11734.5	0	207233	243.888	230.486	0	180	762.64	929.458	0.998202
360	1.26269e+06	521.915	516	0	148	143	0	521.915	53	19.6227	0	11455	11771	0	164145	308.847	272.722	0	360	736.714	927.786	0.996406
540	6.48302e+07	1217.9	7424	980	148	143	0	1217.9	53	93.0549	0	11378.4	11746.4	0	1.40115e+06	298.391	287.203	0	540	750.675	926.118	0.994615
720	70157.4	1.35903	231	0	148	143	0	1.35903	53	91.5223	0	11297	11850	0	275335	258.242	359.183	0	720	748.069	924.452	0.992826
900	1.22715e+06	696	308	0	148	143	0	696	53	16.7515	0	11455	11754.3	0	208093	355.257	293.796	0	900	751.083	922.79	0.99104
1080	1.04951e+06	382	439	13	148	143	0	382	53	20.9108	0	11455	11738.2	0	144642	298.607	321.193	0	1080	756.614	921.13	0.989258
1260	2.21718e+06	519.219	696	0	148	143	0	519.219	53	26.0697	0	11302	11850	0	224736	264.848	339.187	0	1260	763.822	919.474	0.987479
1440	5.07393e+07	1189.91	5679	1161	136	146	0	1189.91	53	82.7257	0	11651.4	10863.8	0	1.13879e+06	348.008	348.232	0	1440	737.911	917.82	0.985703
1620	6.35354e+07	796.667	5859	520	136	145	0	796.667	53	117.898	0	11552.6	10824.3	0	918939	341.926	300.607	0	1620	721.671	916.17	0.983931
1800	6.17096e+07	963.648	5813	990	149	136	0	963.648	53	103.187	0	10863.2	11887.6	0	1.44677e+06	354.038	348.805	0	1800	734.599	914.522	0.982161
1980	718933	582	207	0	149	136	0	582	53	14.0214	0	10744	11929	0	246932	296.511	390.292	0	1980	730.862	912.877	0.980395
2160	1.47135e+06	31.3857	0	0	149	136	0	31.3857	53	86.9349	0	10902	11929	0	309574	347.756	323.338	0	2160	730.727	911.236	0.978632
2340	1.93015e+06	669.99	335	0	149	136	0	669.99	53	21.4127	0	10823	11771	0	268051	351.783	289.481	0	2340	728.501	909.597	0.976872
2520	5.16514e+07	718.926	4959	665	145	125	0	718.926	53	110.456	0	9952.63	11550.4	0	912863	319.043	332.88	0	2520	728.74	907.961	0.975115
2700	9.27154e+07	1075.6	7402	871	144	138	0	1075.6	54	124.097	0	10998.8	11477.8	0	1.98417e+06	318.237	336.058	0	2700	739.154	906.328	0.973361
2880	1.11309e+07	119.223	609	0	144	138	0	119.223	53.9998	131.19	0	11049.4	11376	0	603862	345.015	244.28	0	2880	715.184	904.698	0.971611
3060	5.72869e+07	713.998	4649	785	135	133	0	713.998	54	118.357	0	10575.8	10727.8	0	1.51389e+06	326.699	311.15	0	3060	738.815	903.071	0.969863
3240	1.4346e+06	539.991	473	104	135	133	0	539.991	53	20.5628	0	10642.1	10740.6	0	234294	329.161	322.449	0	3240	723.369	901.447	0.968119
3420	1.50055e+06	42.3429	321	62	135	133	0	42.3429	53	75.2235	0	10664.9	10665	0	222542	313.191	239.43	0	3420	740.765	899.826	0.966378
3600	6.05934e+06	82.8037	764	129	135	133	0	82.8037	53	111.701	0	10507	10778.8	0	395553	229.47	350.665	0	3600	727.235	898.208	0.96464
3780	1.04684e+06	562.472	455	93	135	133	0	562.472	53	17.2108	0	10582.9	10692.4	0	257511	347.336	328.737	0	3780	744.438	896.592	0.962905
3960	2.70932e+06	309.055	501	0	135	133	0	309.055	53	37.3527	0	10617.1	10823	0	327045	320.824	367.491	0	3960	730.431	894.98	0.961174
4140	53868	26.5844	71	0	135	133	0	26.5844	53	17.9582	0	10665	10819.5	0	250312	343.437	357.487	0	4140	742.051	893.371	0.959445
4320	2.59957e+06	727.423	702	0	135	133	0	727.423	54	23.8488	0	10507	10755	0	551784	238.43	335.446	0	4320	733.557	891.764	0.95772
4500	6.18502e+07	715.029	4962	857	145	133	0	715.029	53.0001	124.391	0	10533.8	11520.7	0	1.18219e+06	278.615	307.369	0	4500	742.135	890.16	0.955997
4680	1.16042e+06	550	502	0	145	133	0	550	53	18.3247	0	10665	11549.5	0	227358	320.759	329.042	0	4680	733.069	888.559	0.954278
4860	770005	784	345	0	145	133	0	784	54	12.5026	0	10665	11613	0	399191	375.107	305.586	0	4860	726.748	886.961	0.952562
5040	235527	309.503	98	0	145	133	0	309.503	53	11.0052	0	10665	11455	0	116126	324.939	254.463	0	5040	737.749	885.366	0.950849
5220	267339	379.132	96	0	145	133	0	379.132	53	10.5937	0	10507.1	11532.9	0	297903	275.327	313.271	0	5220	760.411	883.774	0.949139
5400	5.79573e+07	710.214	4969	987	138	114	0	710.214	53.9999	119.666	0	9063.54	10988.3	0	1.58724e+06	322.787	320.019	0	5400	742.62	882.185	0.947432
5580	1.07431e+06	605.531	248	0	138	114	0	605.531	53	16.8038	0	9086.32	10902	0	271639	314.963	305.691	0	5580	721.689	880.598	0.945728
5760	1.44103e+07	232.795	1473	0	138	114	0	232.795	54	101.198	0	9164	10959.3	0	892825	385.86	301.029	0	5760	747.196	879.015	0.944027
5940	1.89808e+06	200.811	373	0	138	114	0	200.811	53	38.7859	0	9006	11004.1	0	196869	228.906	298.366	0	5940	723.799	877.434	0.94233
6120	9.844e-12	2.22045e-14	75	0	138	114	0	2.22045e-14	53	8.39993	0	9107.24	10902	0	283794	292.511	242.029	0	6120	722.463	875.856	0.940635
6300	503173	578.324	384	0	138	114	0	578.324	53	11.7675	0	9085.02	10902.3	0	294064	315.704	311.161	0	6300	714.162	874.281	0.938943
6480	48363.1	118.352	215	44	138	114	0	118.352	53	8.06454	0	9078.91	10917.7	0	262024	303.017	362.058	0	6480	717.331	872.708	0.937255
6660	3.30158e+06	124.094	540	150	138	114	0	124.094	53	65.09	0	9164	11022.9	0	276338	329.39	326.077	0	6660	709.685	871.139	0.935569
6840	1.03322e+06	501.735	659	48	138	114	0	501.735	53	18.1038	0	9156.12	10994.7	0	226005	322.511	304.62	0	6840	738.254	869.572	0.933887
7020	2.50713e+06	843.999	741	422	138	114	0	843.999	53.6582	21.7434	0	9084.23	10973.8	0	293730	291.187	296.348	0	7020	738.825	868.008	0.932207
7200	1.33256e+08	1412.55	10067	1011	141	111	0	1412.55	53	132.176	0	8822.74	11203.9	0	2.62184e+06	294.22	308.93	0	7200	742.457	866.447	0.930531
7380	6.1669e+07	961.514	5835	1030	142	120	0	961.514	54	103.28	0	9564.41	11322.2	0	1.19824e+06	303.166	332.994	0	7380	765.107	864.889	0.928857
7560	2.4765e+07	305.588	1337	407	142	120	0	305.588	53	119.126	0	9480	11376	0	720841	275.271	391.122	0	7560	755.467	863.334	0.927187
7740	4.71596e+06	584.054	747	82	142	120	0	584.054	54	35.8483	0	9549.62	11376	0	477086	297.613	322.536	0	7740	771.02	861.781	0.92552
7920	836107	494.968	473	0	142	120	0	494.968	53	16.3965	0	9558.86	11375.9	0	184374	292.124	341.38	0	7920	759.301	860.231	0.923855
8100	5.81848e+07	751.846	5337	718	142	116	0	751.846	53.6996	115.66	0	9270.8	11264.3	0	1.34e+06	333.716	284.926	0	8100	747.629	858.684	0.922194
8280	5.46614e+07	740.155	5614	435	137	120	0	740.155	53	112.332	0	9540.43	10902.2	0	1.30616e+06	284.367	318.961	0	8280	756.485	857.14	0.920535
8460	7.04859e+07	1175.32	7585	1122	137	119	0	1175.32	53.0035	99.3979	0	9466.7	10895	0	1.69192e+06	301.327	314.453	0	8460	759.094	855.599	0.91888
8640	2.10373e+07	210.413	817	60	137	119	0	210.413	54	138	0	9401	10920.6	0	1.74624e+06	195.154	329.739	0	8640	747.532	854.06	0.917227
8820	423617	633.597	418	0	137	119	0	633.597	53	10.3155	0	9559	10981	0	285956	424.353	353.042	0	8820	768.835	852.524	0.915578
9000	1.50422e+07	150.45	938	15	137	119	0	150.45	54	138	0	9559	10823	0	683035	382.691	274.929	0	9000	781.936	850.991	0.913931
9180	2.29525e+06	606	588	139	137	119	0	606	53	24.5521	0	9424.04	10911.7	0	146981	295.151	385.364	0	9180	759.233	849.46	0.912288
9360	1.46037e+08	1808.28	12169	2058	129	114	0	1808.28	53.9997	118.859	0	9086.23	10246.9	0	2.51751e+06	318.231	291.112	0	9360	755.42	847.933	0.910647
9540	2.18796e+08	2188.38	14592	2177	127	113	0	2188.38	53	138	0	8969.24	10107.1	0	3.57381e+06	291.163	313.694	0	9540	795.292	846.408	0.909009
9720	5.38494e+07	883.897	5208	960	131	116	0	883.897	54	100.286	0	9265.58	10449.7	0	1.136e+06	327.106	321.514	0	9720	791.533	844.886	0.907374
9900	2.16371e+06	721.999	598	0	131	116	0	721.999	53.9859	21.8394	0	9199.37	10492.5	0	283175	326.086	298.415	0	9900	798.29	843.366	0.905743
10080	2.3792e+06	188.116	476	0	131	116	0	188.116	53	44.8656	0	9180.93	10507	0	190296	289.33	401.415	0	10080	793.028	841.85	0.904114
10260	3.9691e+06	69.8539	434	0	131	116	0	69.8539	53	96.4456	0	9168.62	10349	0	332450	242.021	246.059	0	10260	803.028	840.336	0.902488
10440	2.31708e+06	626	1099	0	131	116	0	626	53	24.2713	0	9265.89	10504.5	0	172322	279.51	284.682	0	10440	788.045	838.824	0.900865
10620	8.55468e+07	1103.43	7351	1457	132	110	0	1103.43	54	115.791	0	8729.14	10480.5	0	3.02375e+06	289.596	283.22	0	10620	783.9	837.316	0.899245
10800	7.94239e+07	854.412	6343	632	134	114	0	854.412	53.0001	130.783	0	9048.64	10709	0	2.02099e+06	288.364	345.028	0	10800	799.279	835.81	0.897628
10980	7.70952e+07	1006.71	6568	893	131	113	0	1006.71	53	114.898	0	8973.14	10394.4	0	1.37748e+06	280.614	288.217	0	10980	809.303	834.307	0.896013
11160	1.16072e+08	2093	11464	1683	133	114	0	2093	54	95.1625	0	9108.08	10557.5	0	2.48046e+06	333.231	309.635	0	11160	815.131	832.807	0.894402
11340	9.96075e+07	1102.37	7563	1400	133	113	0	1102.37	53	128.185	0	9024.56	10596.1	0	3.37994e+06	335.637	332.759	0	11340	798.24	831.309	0.892793
11520	8.9459e+07	911.077	6760	1107	133	109	0	911.077	53	136.13	0	8679.66	10562.5	0	1.86129e+06	313.529	290.582	0	11520	813.919	829.814	0.891188
11700	1.72251e+07	172.284	1068	142	133	109	0	172.284	54	138	0	8769	10507	0	941815	370.712	254.522	0	11700	802.851	828.322	0.889585
11880	5.16044e+07	943.414	6048	789	133	113	0	943.414	54	94.4468	0	8990.84	10572	0	1.56788e+06	303.645	337.743	0	11880	808.17	826.832	0.887985
12060	1.18287e+08	1407.19	10116	1134	132	111	0	1407.19	53.9999	122.024	0	8871.31	10505.8	0	3.57876e+06	342.253	324.082	0	12060	828.898	825.345	0.886388
12240	1.45996e+08	1675.78	11406	1930	131	113	0	1675.78	53	124.997	0	9005.62	10444	0	3.19527e+06	320.755	328.212	0	12240	837.162	823.861	0.884794
12420	2.2231e+08	2409.87	16893	2302	136	119	0	2409.87	53	130.072	0	9493.17	10818.6	0	3.42279e+06	325.096	313.592	0	12420	844.317	822.379	0.883203
12600	3.50762e+08	3828.1	26179	3831	136	119	0	3828.1	54	129.45	0	9460.48	10865.1	0	6.54967e+06	301.715	351.819	0	12600	856.526	820.9	0.881615
12780	2.8088e+08	2809.33	18163	2508	136	117	0	2809.33	54	138	0	9316.1	10805.8	0	1.24347e+07	300.478	297.622	0	12780	853.05	819.424	0.880029
12960	3.2079e+08	3592.44	25581	3581	136	112	0	3592.44	53.0001	127.133	0	8910.64	10818.7	0	5.84609e+06	291.234	304.783	0	12960	867.929	817.95	0.878447
13140	2.74316e+08	2743.68	19761	2177	132	110	0	2743.68	54	138	0	8808.1	10545	0	8.82303e+06	350.239	347.353	0	13140	848.096	816.479	0.876867
13320	1.24014e+08	1500.13	10501	1147	135	110	0	1500.13	54	120.685	0	8734.03	10780.8	0	2.80069e+06	286.456	341.127	0	13320	853.667	815.011	0.87529
13500	9.26872e+07	1358.14	8682	1573	137	113	0	1358.14	54	107.101	0	9049.13	10914.9	0	2.68808e+06	336.481	307.213	0	13500	862.572	813.545	0.873716
13680	2.35618e+08	2841.12	18484	2913	134	110	0	2841.12	53.0001	120.937	0	8779.22	10637.3	0	3.53915e+06	328.561	294.781	0	13680	871.721	812.082	0.872145
13860	2.11425e+08	2687.3	18139	2778	139	113	0	2687.3	54	116.877	0	9004.32	11059.5	0	6.08707e+06	327.895	315.66	0	13860	871.149	810.622	0.870576
14040	1.13598e+08	1438.28	9457	1808	135	114	0	1438.28	53	117.168	0	9083.11	10773.2	0	2.53063e+06	312.656	344.55	0	14040	885.679	809.164	0.869011
14220	1.32167e+08	1734.62	11535	1317	135	123	0	1734.62	53	114.532	0	9783.9	10732.9	0	2.23231e+06	298.559	312.075	0	14220	879.64	807.709	0.867448
14400	5.62921e+07	1037.15	6045	1082	135	120	0	1037.15	54	94.046	0	9596.4	10751.5	0	1.8818e+06	332.402	340.396	0	14400	895.844	806.256	0.865888
14580	2.22623e+08	2849.88	17589	3339	132	114	0	2849.88	53.0001	116.348	0	9065.31	10541.8	0	3.41734e+06	298.708	342.722	0	14580	898.631	804.806	0.86433
14760	2.48023e+08	2480.7	16147	2236	125	117	0	2480.7	54	138	0	9324.42	10004	0	8.75382e+06	310.121	359.273	0	14760	886.784	803.359	0.862776
14940	2.42831e+08	2691.05	18246	2726	125	119	0	2691.05	54	128.064	0	9524.9	9997.01	0	3.66654e+06	354.104	350.657	0	14940	899.983	801.914	0.861225
15120	1.59357e+08	2095.57	13734	1698	128	122	0	2095.57	53.9999	114.392	0	9754.3	10193.2	0	3.70027e+06	347.233	315.668	0	15120	900.911	800.472	0.859676
15300	1.63051e+08	2302.27	14539	2257	134	125	0	2302.27	53.9999	109.501	0	9986.3	10625.9	0	2.46647e+06	348.166	283.404	0	15300	888.815	799.032	0.85813
15480	1.35461e+08	2427.44	13609	2373	132	131	0	2427.44	54	95.4893	0	10436.6	10539.2	0	2.83194e+06	319.921	338.831	0	15480	901.822	797.595	0.856586
15660	1.47751e+08	1637.98	10680	1617	135	130	0	1637.98	53	128.031	0	10321.6	10741.2	0	3.9862e+06	298.779	313.186	0	15660	896.418	796.161	0.855046
15840	1.24374e+08	1243.97	9131	1720	137	128	0	1243.97	54	138	0	10259.1	10909.1	0	3.62904e+06	376.298	312.188	0	15840	908.477	794.729	0.853508
16020	1.83068e+07	183.102	1637	27	137	128	0	183.102	54	138	0	10270	10960.9	0	1.52605e+06	345.986	356.918	0	16020	922.859	793.3	0.851973
16200	4.916e+06	1258	1365	198	137	128	0	1258	54	24.9388	0	10121.1	10965.2	0	607401	352.253	375.137	0	16200	932.674	791.873	0.850441
16380	3.31858e+06	448.182	1063	0	137	128	0	448.182	54	34.3288	0	10112	10874.4	0	324426	295.882	289.135	0	16380	930.959	790.449	0.848912
16560	3.17741e+06	844	840	268	137	128	0	844	54	24.478	0	10223.2	10877.6	0	409958	322.988	274.877	0	16560	954.382	789.028	0.847385
16740	7.1803e+06	96.4799	217	0	137	128	0	96.4799	53	112.868	0	10112	10981	0	709581	276.594	347.727	0	16740	935.83	787.609	0.845861
16920	3.47163e+06	1002	870	0	137	128	0	1002	54	23.4824	0	10270	10878.3	0	750550	360.183	286.364	0	16920	925.301	786.192	0.84434
17100	2.25967e+06	769.899	567	125	137	128	0	769.899	54	21.613	0	10250.1	10901.9	0	446761	309.87	297.824	0	17100	946.314	784.778	0.842822
17280	1.07072e+07	107.092	619	180	137	128	0	107.092	54	138	0	10158.6	10823	0	748757	323.972	269.454	0	17280	970.311	783.367	0.841306
17460	1.09898e+07	109.919	679	295	137	128	0	109.919	54	138	0	10270	10823	0	793239	324.302	286.592	0	17460	940.049	781.958	0.839793
17640	5.12368e+06	1111.99	1376	219	137	128	0	1111.99	54	27.0801	0	10177.8	10960.9	0	702868	272.397	305.099	0	17640	932.434	780.552	0.838283
17820	7.01159e+06	70.1291	429	26	137	128	0	70.1291	54	138	0	10112	10861.5	0	1.05912e+06	323.234	306.272	0	17820	954.002	779.148	0.836775
18000	6.3653e+06	78.0053	944	120	137	128	0	78.0053	53.0001	119.662	0	10253.4	10937	0	533219	319.285	318.655	0	18000	940.389	777.747	0.83527
18180	9.13124e+06	230.548	273	0	137	128	0	230.548	54	79.6275	0	10270	10823	0	766443	357.889	296.85	0	18180	929.984	776.348	0.833768
18360	3.27903e+06	1095.97	1370	0	137	128	0	1095.97	54	21.8215	0	10269	10902.3	0	1.15434e+06	272.545	312.753	0	18360	962.475	774.952	0.832269
18540	8.65223e+06	184.31	712	233	137	128	0	184.31	54	86.9978	0	10112	10981	0	508675	322.725	372.902	0	18540	933.681	773.559	0.830772
18720	7.42191e+07	1749.79	8811	1369	171	145	0	1749.79	54	82.4984	0	11524.2	13620.8	0	2.2979e+06	293.774	333.822	0	18720	946.875	772.167	0.829278
18900	4.76369e+06	47.6459	290	0	171	145	0	47.6459	54	138	0	11506	13667	0	690342	314.908	365.748	0	18900	924.669	770.779	0.827786
19080	6.11532e+07	706.187	5075	757	177	145	0	706.187	54	124.485	0	11497.6	14026.3	0	2.55217e+06	291.304	285.896	0	19080	941.468	769.393	0.826298
19260	1.81126e+07	181.16	879	0	177	145	0	181.16	54	138	0	11613	14018.5	0	1.38629e+06	329.524	297.464	0	19260	896.825	768.009	0.824812
19440	2.54251e+06	842	877	0	177	145	0	842	54	21.9223	0	11455	13983	0	619515	295.887	320.035	0	19440	912.259	766.628	0.823328
19620	5.39499e+06	1321.96	998	446	177	145	0	1321.96	53.9999	25.4857	0	11534.3	14103.4	0	817658	368.071	309.895	0	19620	905.593	765.249	0.821848
19800	9.42858e+06	281.21	954	0	177	145	0	281.21	54	73.1369	0	11607.8	14141	0	756719	339.074	353.193	0	19800	917.346	763.873	0.82037
19980	9.169e+06	91.7073	665	177	177	145	0	91.7073	54	138	0	11455	14041.5	0	778695	254.93	323.638	0	19980	892.732	762.499	0.818894
20160	8.40493e+06	84.0651	138	0	177	145	0	84.0651	54	138	0	11455	13983	0	1.1678e+06	278.672	268.499	0	20160	896.552	761.128	0.817422
20340	6.39492e+06	63.9613	912	0	177	145	0	63.9613	54	138	0	11613	13983	0	822261	367.529	278.863	0	20340	906.784	759.759	0.815952
20520	1.43703e+07	162.605	1438	125	177	145	0	162.605	53.9994	126.227	0	11514.1	14141	0	1.01711e+06	290.431	325.926	0	20520	882.086	758.393	0.814484
20700	2.36012e+06	360.925	540	0	177	145	0	360.925	53.2045	32.2603	0	11613	14141	0	374586	346.647	330.344	0	20700	892.539	757.029	0.81302
20880	2.26328e+06	817.997	558	210	177	145	0	817.997	54	20.9847	0	11536	14105.2	0	534109	288.131	277.702	0	20880	875.577	755.667	0.811557
21060	1.25309e+07	125.333	291	0	177	145	0	125.333	54	138	0	11613	13983	0	1.23582e+06	380.873	262.042	0	21060	897.717	754.308	0.810098
21240	5.42548e+07	844.291	5725	665	168	146	0	844.291	53.0001	103.395	0	11584.4	13359	0	1.30557e+06	287.957	324.769	0	21240	882.889	752.952	0.808641
21420	8.56672e+06	175.8	624	55	168	146	0	175.8	54	88.7373	0	11692	13430	0	819874	359.889	351.188	0	21420	878.101	751.598	0.807187
21600	2.97711e+06	1336	820	0	168	146	0	1336	54	18.8323	0	11573.9	13272	0	1.62106e+06	315.512	358.216	0	21600	903.155	750.246	0.805735
21780	2.20142e+06	707.983	764	269	168	146	0	707.983	53.1726	22.2459	0	11580.8	13349.7	0	351038	253.425	333.653	0	21780	914.436	748.897	0.804286
21960	5.54799e+07	1157.14	5807	1173	177	149	0	1157.14	54	87.9758	0	11809.3	14091.3	0	2.46301e+06	288.542	343.499	0	21960	863.112	747.55	0.80284
22140	1.03811e+08	1677.5	10697	1851	177	146	0	1677.5	54	101.182	0	11626.7	14062	0	3.03887e+06	327.532	313.732	0	22140	872.651	746.206	0.801396
22320	5.45089e+07	1453.23	6943	1452	176	142	0	1453.23	54	77.435	0	11317.2	13991.9	0	1.24545e+06	315.458	312.896	0	22320	858.192	744.864	0.799955
22500	1.35075e+07	135.101	1088	0	176	142	0	135.101	54	138	0	11376	13972	0	1.45468e+06	375.752	316.372	0	22500	852.854	743.524	0.798516
22680	1.11985e+06	690	554	0	176	142	0	690	53	16.0718	0	11257.3	13904	0	296094	283.293	297.418	0	22680	815.828	742.187	0.79708
22860	1.96655e+06	1188.15	965	162	176	142	0	1188.15	54	16.2303	0	11354	14036.4	0	1.30545e+06	412.307	225.719	0	22860	817.82	740.852	0.795647
23040	1.06414e+07	1161.02	2666	131	176	142	0	1161.02	54	38.1934	0	11266.9	13907.3	0	864658	297.318	310.662	0	23040	849.877	739.52	0.794216
23220	722733	955.094	188	0	176	142	0	955.094	53	10.9743	0	11376	14062	0	432566	364.268	217.574	0	23220	831.294	738.19	0.792787
23400	1.57446e+06	369.095	596	0	176	142	0	369.095	53	26.056	0	11370.6	13904	0	318342	328.81	256.231	0	23400	831.111	736.863	0.791362
23580	1.37228e+08	2305.3	14076	2376	160	149	0	2305.3	54	98.9826	0	11874.9	12721.6	0	2.32672e+06	334.704	310.949	0	23580	820.375	735.537	0.789939
23760	3.55542e+07	355.609	1039	251	160	149	0	355.609	53	138	0	11921.3	12798	0	2.68448e+06	360.661	434.262	0	23760	807.288	734.215	0.788518
23940	7.34508e+07	1333.37	7210	1687	162	147	0	1333.37	54	94.8126	0	11737	12907.7	0	3.03786e+06	360.241	355.458	0	23940	822.06	732.894	0.7871
24120	6.01335e+07	1008.32	6918	774	161	141	0	1008.32	54	99.0855	0	11192.6	12807.3	0	1.9231e+06	301.955	314.723	0	24120	819.7	731.576	0.785684
24300	1.58954e+07	200.432	549	0	161	141	0	200.432	53	117.475	0	11139	12719	0	805515	236.655	195.836	0	24300	821.044	730.261	0.784271
24480	6.10931e+07	716.708	5228	899	160	139	0	716.708	54	123.167	0	11005.4	12728	0	2.29949e+06	275.118	311.119	0	24480	819.835	728.947	0.782861
24660	6.91798e+07	833.697	6198	765	163	140	0	833.697	53.0001	120.984	0	11118.8	12966.9	0	1.72457e+06	300.716	336.491	0	24660	815.724	727.636	0.781453
24840	4.74545e+07	474.635	2078	680	163	140	0	474.635	54	138	0	11060	12877	0	1.38446e+06	259.815	260.734	0	24840	800.926	726.328	0.780048
25020	1.17486e+07	117.508	1145	148	163	140	0	117.508	54	138	0	11218	13035	0	1.14172e+06	317.7	367.217	0	25020	814.479	725.022	0.778645
25200	1.57607e+06	50.0785	222	0	163	140	0	50.0785	54	70.8318	0	11143.7	13035	0	677347	294.716	353.881	0	25200	817.993	723.718	0.777245
25380	2.06861e+06	47.2002	420	105	163	140	0	47.2002	53.9999	83.9151	0	11060	12966.7	0	395238	284.927	319.624	0	25380	818.742	722.416	0.775847
25560	9.54083e+06	101.545	569	0	163	140	0	101.545	54	131.791	0	11218	12953.6	0	864711	342.175	332.501	0	25560	817.461	721.117	0.774452
25740	2.15053e+06	997.984	516	0	163	140	0	997.984	54	18.5191	0	11141.8	13035	0	855815	312.242	314.484	0	25740	791.851	719.82	0.773059
25920	5.62465e+06	1592	1743	0	163	140	0	1592	54	23.713	0	11134.2	12877	0	682185	362.031	306.424	0	25920	805.787	718.526	0.771669
26100	1.20298e+06	1293.99	634	0	163	140	0	1293.99	54	12.164	0	11218	12931.5	0	664036	290.399	274.405	0	26100	804.951	717.233	0.770281
26280	2.97322e+06	680	740	0	163	140	0	680	53	26.3796	0	11217.9	12994.8	0	255664	316.422	365.217	0	26280	801.327	715.944	0.768896
26460	3.3791e+07	865.461	3079	0	163	140	0	865.461	54	79.0437	0	11060	12938.7	0	2.1109e+06	261.282	314.812	0	26460	802.323	714.656	0.767513
26640	510344	424.404	248	78	163	140	0	424.404	53	13.8341	0	11139	13003.1	0	201780	313.43	319.638	0	26640	789.742	713.371	0.766133
26820	3.61869e+06	865.062	1064	0	163	140	0	865.062	54	25.8025	0	11060	13035	0	425588	336.482	346.424	0	26820	788.344	712.088	0.764755
27000	1.27183e+06	673.998	285	0	163	140	0	673.998	53	17.3299	0	11218	12877	0	385556	331.166	299.748	0	27000	779.318	710.807	0.763379
27180	1.05165e+06	795.326	289	0	163	140	0	795.326	54	14.5069	0	11217.4	12991.4	0	537647	312.371	279.54	0	27180	782.607	709.529	0.762007
27360	2.84844e+06	1264.44	676	141	163	140	0	1264.44	54	18.935	0	11082.2	12956.7	0	727189	337.911	315.226	0	27360	787.033	708.253	0.760636
27540	803335	998.52	290	0	163	140	0	998.52	53	11.3157	0	11061.3	12877.5	0	538863	283.184	349.804	0	27540	808.738	706.979	0.759268
27720	481547	378.575	267	86	163	140	0	378.575	54	14.2283	0	11181.9	12954.4	0	540107	286.243	338.101	0	27720	790.048	705.708	0.757903
27900	397820	508.936	257	12	163	140	0	508.936	53	11.1538	0	11061.6	12955.6	0	312513	305.816	357.283	0	27900	770.631	704.439	0.75654
28080	1.65394e+07	1063.21	3144	530	163	140	0	1063.21	54	49.7579	0	11112.6	12886.3	0	1.31215e+06	335.236	267.91	0	28080	778.397	703.172	0.755179
28260	6.31506e+07	2093.91	8141	2005	164	141	0	2093.91	54	69.3255	0	11241.2	13056.7	0	1.25398e+06	322.439	344.7	0	28260	777.783	701.907	0.753821
28440	4.06397e+07	1228.7	5920	1076	163	137	0	1228.7	54	72.6342	0	10896.7	12951	0	1.62404e+06	344.162	329.752	0	28440	767.997	700.645	0.752466
28620	3.77199e+07	377.27	1136	0	163	137	0	377.27	54	138	0	10981	12936.9	0	2.68388e+06	389.831	311.064	0	28620	774.585	699.385	0.751112
28800	2.75924e+07	415.554	1339	0	163	137	0	415.554	54	105.383	0	10981	12990.2	0	1.27632e+06	409.329	322.744	0	28800	765.238	698.127	0.749762
