MS2-QUANT	v0j
Region DEFINITION, 05-Apr-2021
COMMENT	Outline definition performed in MS2-QUANT (Main program)
FILE	MAX_20201217_RI516_C12MS2128TkTat_001_visit_1.tif
PATH	/Volumes/EBL/20201217/
PARAMETERS
Pix-XY	Pix-Z	RI	Ex	Em	NA	dT	Type
79	600	1.458	488	521	1.4	180	widefield
ANALYSIS-SETTINGS	
IMAGING-BACKGROUND	150
LIMIT-FIT-SIGMA-XY-MIN	0
LIMIT-FIT-SIGMA-XY-MAX	146
LIMIT-FIT-SIGMA-Z-MIN	0
LIMIT-FIT-SIGMA-Z-MAX	0
LIMIT-FIT-BGD-MIN	47
LIMIT-FIT-BGD-MAX	48
DETECTION-THRESHOLD	500
REGION	TxSite
X_POS	185	185	185	185	184	184	184	183	183	183	182	182	182	181	181	181	180	180	180	179	179	179	178	178	177	177	176	176	175	175	175	174	174	173	173	172	172	171	171	170	170	169	169	168	168	167	167	166	166	165	165	164	164	163	163	162	162	161	161	161	160	160	160	160	159	159	159	159	159	158	158	158	158	158	158	157	157	157	157	157	157	157	157	156	156	156	156	155	155	155	155	155	155	154	154	154	154	154	153	153	153	152	152	152	151	151	151	150	150	149	149	149	148	148	147	147	146	146	146	145	145	144	144	143	143	142	142	141	140	140	139	139	138	138	137	137	136	136	135	135	135	135	134	134	134	133	133	133	132	132	132	131	131	131	131	131	130	130	130	130	130	129	129	129	129	128	128	128	128	128	128	128	127	127	127	127	127	127	127	127	127	127	127	128	128	128	128	128	128	128	128	128	128	128	128	128	128	128	128	129	129	129	129	129	129	129	129	129	129	129	129	129	129	129	129	129	129	130	130	130	130	130	130	131	131	131	131	131	131	132	132	132	132	133	133	133	133	134	134	134	135	135	135	135	136	136	136	136	137	137	138	138	138	139	139	139	139	140	140	141	141	141	142	142	143	143	143	144	144	145	145	146	146	146	147	147	148	148	149	150	150	151	152	152	153	153	154	154	155	156	156	157	157	158	158	159	159	160	160	161	161	162	162	163	163	164	164	165	165	166	166	167	167	167	168	168	169	169	170	170	170	171	171	172	172	172	173	173	174	174	174	174	175	175	175	176	176	176	177	177	177	178	178	178	178	179	179	179	180	180	181	181	181	181	182	182	182	182	182	182	182	182	183	183	183	183	183	183	183	183	183	184	184	184	184	184	184	184	184	184	184	184	184	END
Y_POS	250	250	249	249	249	248	248	247	247	247	246	246	246	246	246	245	245	245	245	245	245	244	244	244	244	244	244	244	244	244	244	244	244	244	244	244	244	244	244	244	243	243	243	243	243	243	243	243	243	243	243	242	242	242	242	242	242	242	242	241	241	241	241	240	240	240	240	239	239	239	238	238	237	237	237	237	236	236	235	235	235	234	234	234	233	233	233	233	232	232	232	231	231	231	230	230	230	229	229	229	229	228	228	228	228	228	227	227	227	227	227	227	227	227	227	227	227	226	226	226	226	226	226	226	226	226	226	226	226	226	226	226	226	226	226	226	227	227	227	227	227	228	228	228	228	228	229	229	229	229	230	230	231	231	231	232	232	232	232	233	233	234	234	234	235	235	236	236	237	237	238	238	238	239	239	240	240	241	241	242	242	243	243	244	244	245	245	245	246	246	247	247	248	248	249	249	250	250	251	251	252	252	253	253	254	254	255	255	256	256	257	257	257	258	258	259	259	259	260	260	260	261	261	261	262	262	262	263	263	263	264	264	264	264	265	265	266	266	266	267	267	267	267	268	268	268	268	269	269	269	269	270	270	270	270	270	271	271	271	271	271	272	272	272	272	272	273	273	273	273	273	273	273	273	273	273	273	273	273	273	273	273	273	273	273	273	273	273	273	273	273	273	273	273	273	273	273	273	273	273	273	273	273	273	273	273	273	273	273	272	272	272	272	272	272	272	272	271	271	271	271	271	271	271	270	270	270	270	270	269	269	269	269	269	268	268	268	268	268	267	267	267	267	267	266	266	266	266	265	265	265	264	264	264	264	263	263	263	262	262	261	261	260	260	259	259	258	258	258	257	257	257	256	256	255	255	254	254	253	253	252	252	251	END
QUANTIFICATION
Time[s]	Q_Integrate	Q_AMP	Q_Sum_pix	Q_MIP_int	Pix_Y	Pix_X	Pix_Z	AMP	BGD	SigmaXY	SigmaZ	MuY	MuX	MuZ	RES	Cent_Y	Cent_X	Cent_Z	OPB_time	OPB_INT	OPB_FIT	OPB_FIT_norm
0	2.73149e+06	738	577	0	243	140	0	738	47	24.2706	0	11157.1	19197	0	208627	350.75	347.528	0	0	869.895	1048.56	1
180	795511	622.182	213	0	243	140	0	622.182	47	14.2651	0	11139.3	19197.2	0	251203	431.867	404.228	0	180	879.002	1046.68	0.998202
360	738538	500.009	174	0	243	140	0	500.009	47	15.3323	0	11138.8	19354.9	0	261219	342.594	314.878	0	360	895.532	1044.8	0.996406
540	7.30546e+06	95.3908	1173	0	243	140	0	95.3908	47	114.901	0	11060	19197	0	536047	272.019	293.606	0	540	886.833	1042.92	0.994615
720	3.22139e+06	864	857	432	243	140	0	864	47	24.3599	0	11123	19268	0	211421	335.543	283.99	0	720	884.221	1041.04	0.992826
900	3.65834e+06	46.4761	471	121	243	140	0	46.4761	47	116.914	0	11060	19355	0	251775	293.623	350.246	0	900	884.176	1039.17	0.99104
1080	1.83032e+06	900	556	0	243	140	0	900	48	17.9909	0	11060	19331.4	0	351725	339.221	314.168	0	1080	865.283	1037.3	0.989258
1260	2.22701e+06	21.9513	490	31	243	140	0	21.9513	47	139.553	0	11218	19355	0	254145	338.393	321.773	0	1260	868.215	1035.44	0.987479
1440	2.43033e+06	663.957	653	57	243	140	0	663.957	48	24.1364	0	11080	19342.7	0	280402	328.264	314.653	0	1440	853.767	1033.57	0.985703
1620	2.30181e+06	648	639	324	243	140	0	648	47	23.777	0	11143.5	19296.1	0	115384	345.071	326.708	0	1620	864.847	1031.72	0.983931
1800	380171	528.744	147	0	243	140	0	528.744	47	10.6974	0	11143.6	19354.6	0	332239	398.563	367.057	0	1800	861.471	1029.86	0.982161
1980	456809	428.717	259	47	243	140	0	428.717	47	13.0224	0	11218	19197.7	0	176410	341.902	277.795	0	1980	871.919	1028.01	0.980395
2160	976399	451.996	382	76	243	140	0	451.996	47	18.542	0	11191.4	19339.4	0	151290	291.607	256.485	0	2160	875.748	1026.16	0.978632
2340	2.91429e-08	7.81652	211	43	243	140	0	7.81652	47	2.43596e-05	0	11104.1	19272.8	0	155672	333.929	337.25	0	2340	862.17	1024.31	0.976872
2520	1.38328e+06	448	494	0	243	140	0	448	47	22.168	0	11060	19294.5	0	132737	276.927	290.401	0	2520	866.335	1022.47	0.975115
2700	300778	14.9918	206	11	243	140	0	14.9918	47	56.5091	0	11060	19204.8	0	489783	250.052	400.481	0	2700	884.412	1020.63	0.973361
2880	1.02988e+06	365.952	482	0	243	140	0	365.952	47	21.1637	0	11215.7	19315.3	0	117151	307.672	364.01	0	2880	875.029	1018.8	0.971611
3060	4.66913e-07	0.428191	0	0	243	140	0	0.428191	47	0.00041659	0	11172.9	19262.4	0	169221	409.33	320.009	0	3060	882.719	1016.96	0.969863
3240	648110	475.999	322	78	243	140	0	475.999	47	14.7208	0	11218	19355	0	148400	340.953	356.753	0	3240	880.2	1015.14	0.968119
3420	2.29047e+06	734	472	0	243	140	0	734	47	22.2856	0	11218	19286.9	0	151342	376.262	287.452	0	3420	864.199	1013.31	0.966378
3600	988892	600	272	0	243	140	0	600	47	16.196	0	11218	19197	0	213839	332.795	313.213	0	3600	898.17	1011.49	0.96464
3780	7.40371e+06	207.534	717	45	243	140	0	207.534	47.9974	75.4787	0	11143.5	19355	0	383786	276.344	337.056	0	3780	887.604	1009.67	0.962906
3960	2.82126e-18	16.2234	167	0	243	140	0	16.2234	48	1.66365e-10	0	11122.6	19292.7	0	358146	274.002	375.89	0	3960	917.586	1007.85	0.961174
4140	6.40926e+07	1055.82	6236	959	243	140	0	1055.82	47	100.082	0	11107.9	19253.1	0	1.06946e+06	281.045	295.79	0	4140	924.298	1006.04	0.959445
4320	2.96366e+07	349.701	1843	102	243	140	0	349.701	47	122.69	0	11060	19197	0	954296	241.162	245.227	0	4320	908.893	1004.23	0.95772
4500	7.33814e+06	494.796	1015	0	243	140	0	494.796	48	48.5837	0	11060	19325.4	0	700291	220.87	269.141	0	4500	927.441	1002.43	0.955997
4680	5.75238e+07	856.07	5568	595	238	138	0	856.07	47	106.124	0	11009.3	18904.1	0	1.10409e+06	347.544	332.352	0	4680	920.778	1000.62	0.954278
4860	4.63331e+07	609.706	2953	22	238	138	0	609.706	47.0001	114.343	0	11035.6	18802	0	1.71087e+06	377.092	220.102	0	4860	937.038	998.823	0.952562
5040	2.08409e+07	199.204	634	0	238	138	0	199.204	48	142.954	0	11060	18960	0	1.14172e+06	364.518	365.494	0	5040	956.413	997.027	0.950849
5220	4.62749e+07	1271.76	5768	946	239	141	0	1271.76	48	76.2426	0	11187.3	18931.9	0	680410	285.738	301.31	0	5220	938.437	995.234	0.949139
5400	1.50969e+07	190.539	1658	214	239	141	0	190.539	47	117.405	0	11278.1	18881	0	605784	348.775	256.771	0	5400	939.218	993.444	0.947432
5580	1.01063e+07	136.038	809	160	239	141	0	136.038	48	112.744	0	11297	19039	0	635888	320.578	350.539	0	5580	925.854	991.657	0.945728
5760	4.02112e+06	37.4418	301	0	239	141	0	37.4418	48	146	0	11297	18881	0	313251	366.578	279.989	0	5760	929.05	989.874	0.944027
5940	1.93369e+06	47.1921	413	0	239	141	0	47.1921	47	81.0343	0	11294.7	18881	0	249356	345.543	243.488	0	5940	929.549	988.094	0.94233
6120	1.59336e+06	711.68	415	0	239	141	0	711.68	47	18.8766	0	11139.1	18959.9	0	264600	260.287	262.1	0	6120	942.614	986.317	0.940635
6300	1.03135e+06	889.401	500	8	239	141	0	889.401	48	13.5851	0	11217.8	18881.5	0	539729	328.372	330.939	0	6300	937.884	984.543	0.938943
6480	3.07358e+06	326.053	675	12	239	141	0	326.053	48	38.7337	0	11211.5	19039	0	383498	325.211	340.441	0	6480	923.16	982.773	0.937255
6660	1.15476e+06	435.774	427	0	239	141	0	435.774	47	20.5364	0	11152.9	19036	0	154851	352.455	365.733	0	6660	930.172	981.005	0.935569
6840	6.13125e+06	284.456	714	42	239	141	0	284.456	47	58.5733	0	11297	18881	0	374255	338.469	268.324	0	6840	938.392	979.241	0.933887
7020	1.00332e+06	686	256	0	239	141	0	686	47	15.2569	0	11139	18881	0	216625	262.47	262.294	0	7020	926.505	977.48	0.932207
7200	3.28102e+06	488	747	111	239	141	0	488	47	32.7118	0	11262.8	18903	0	119065	295.506	276.983	0	7200	946.535	975.722	0.930531
7380	447723	276.902	177	60	239	141	0	276.902	47	16.0417	0	11218	19039	0	208599	306.058	385.801	0	7380	897.977	973.967	0.928857
7560	1.19464e+06	688.225	545	115	239	141	0	688.225	48	16.6212	0	11264.1	18957.6	0	332344	301.369	339.345	0	7560	953.658	972.216	0.927187
7740	589472	617.977	520	0	239	141	0	617.977	48	12.3213	0	11218.5	19038.2	0	269039	340.609	361.738	0	7740	932.478	970.467	0.92552
7920	2.27511e+06	786	545	0	239	141	0	786	48	21.4635	0	11297	18963.4	0	278710	304.485	307.92	0	7920	910.344	968.722	0.923855
8100	2.63094e+06	897.999	661	0	239	141	0	897.999	47	21.5937	0	11139.7	19039	0	188230	305.142	320.343	0	8100	917.374	966.98	0.922194
8280	1.12156e+06	437.609	572	71	239	141	0	437.609	48	20.1966	0	11139.3	19039	0	230106	319.651	332.403	0	8280	924.706	965.241	0.920535
8460	2.40818e+06	54.1825	107	0	239	141	0	54.1825	47	84.5327	0	11297	18881	0	475495	389.979	325.39	0	8460	917.506	963.505	0.91888
8640	6.03617e+06	56.2046	301	56	239	141	0	56.2046	47	146	0	11297	18951.8	0	594715	373.609	303.968	0	8640	931.255	961.772	0.917227
8820	4.17163e+06	51.0327	516	0	239	141	0	51.0327	47	119.799	0	11297	18881	0	426070	376.307	314.468	0	8820	935.472	960.043	0.915578
9000	2.66601e+06	882	502	0	239	141	0	882	47	21.9334	0	11297	18965	0	280661	289.342	337.616	0	9000	934.649	958.316	0.913931
9180	981906	668	493	0	239	141	0	668	47	15.2953	0	11297	18967.3	0	228593	314.269	353.562	0	9180	963.874	956.593	0.912288
9360	1.72575e+06	31.7719	187	0	239	141	0	31.7719	48	94.0847	0	11297	19039	0	313233	376.876	279.419	0	9360	957.002	954.872	0.910647
9540	1.98948e-26	6.42214	83	0	239	141	0	6.42214	47	2.22045e-14	0	11277.8	18933.5	0	164766	430.768	310.468	0	9540	935.798	953.155	0.909009
9720	974414	842.879	253	0	239	141	0	842.879	47	13.5644	0	11296.8	18960.3	0	319538	343.937	313.854	0	9720	957.935	951.441	0.907375
9900	1.83966e+06	866	548	163	239	141	0	866	48	18.3874	0	11139	19039	0	439327	273.216	333.125	0	9900	956.951	949.73	0.905743
10080	748149	655.999	184	2	239	141	0	655.999	48	13.4726	0	11297	19039	0	390678	339.872	308.339	0	10080	964.641	948.022	0.904114
10260	1.45406e+06	683.52	575	45	239	141	0	683.52	48	18.4004	0	11217	19034.6	0	255087	328.724	305.569	0	10260	961.606	946.317	0.902488
10440	3.92838e+06	136.708	655	105	239	141	0	136.708	47	67.6581	0	11297	18922.5	0	260304	344.015	348.407	0	10440	977.283	944.615	0.900865
10620	205726	391.581	80	0	239	141	0	391.581	47	9.14416	0	11139	19039	0	246082	305.287	343.038	0	10620	955.597	942.917	0.899245
10800	1.67695e+06	133.891	331	0	239	141	0	133.891	48	44.6473	0	11139	19039	0	336566	269.563	325.331	0	10800	992.318	941.221	0.897628
10980	3.17838e+06	846	871	0	239	141	0	846	48	24.4528	0	11195.9	19039	0	707931	287.309	340.431	0	10980	983.107	939.528	0.896013
11160	925144	589.974	310	196	239	141	0	589.974	48	15.7979	0	11218.4	18954.7	0	410202	328.159	311.347	0	11160	987.57	937.838	0.894402
11340	2.86168e+06	959.976	813	480	239	141	0	959.976	47	21.7816	0	11217.8	18960.7	0	255171	263.541	303.353	0	11340	988.544	936.152	0.892793
11520	5769.55	15.4158	194	29	239	141	0	15.4158	47	7.71788	0	11296.5	18881.5	0	311822	329.352	319.635	0	11520	989	934.468	0.891188
11700	2.72085e+06	602	602	207	239	141	0	602	47	26.8203	0	11264.9	18980.1	0	255203	278.679	286.629	0	11700	960.576	932.788	0.889585
11880	1.39855e+06	685.359	471	0	239	141	0	685.359	47	18.0215	0	11272.3	18884.3	0	235209	266.709	281.362	0	11880	1006.46	931.11	0.887985
12060	7.86801e-13	2.22045e-14	32	0	239	141	0	2.22045e-14	47	2.37477	0	11139	18882	0	252092	271.485	261.255	0	12060	999.979	929.436	0.886388
12240	1.08371e+06	637.967	305	217	239	141	0	637.967	47	16.4425	0	11209.5	18960	0	221921	355.441	266.002	0	12240	1002.02	927.764	0.884794
12420	601276	351.778	236	0	239	141	0	351.778	47	16.4935	0	11219.4	18881	0	166873	323.144	285.43	0	12420	980.447	926.096	0.883203
12600	1.06272e+06	467.594	357	0	239	141	0	467.594	47	19.0189	0	11218.4	19039	0	240128	317.682	298.168	0	12600	986.275	924.43	0.881615
12780	3.38009e+06	178.162	903	63	239	141	0	178.162	48	54.9508	0	11139	18935.4	0	321313	312.632	314.225	0	12780	1003.61	922.768	0.880029
12960	16540.4	53.2008	239	0	239	141	0	53.2008	47	7.03435	0	11144.7	19024.7	0	328858	256.603	423.963	0	12960	979.356	921.108	0.878447
13140	1.19211e+06	705.698	833	0	239	141	0	705.698	47	16.3968	0	11216.2	19039	0	275527	289.27	322.385	0	13140	972.351	919.452	0.876867
13320	3.29181e+06	1002	717	501	239	141	0	1002	47	22.8662	0	11225.7	18957.2	0	209934	304.294	297.972	0	13320	946.99	917.798	0.87529
13500	5.88877e+07	1003.49	5991	1430	249	136	0	1003.49	48	98.1932	0	10805.8	19722.6	0	1.71581e+06	300.164	281.284	0	13500	989.206	916.148	0.873716
13680	4.82782e+07	828.646	5322	829	252	135	0	828.646	48	97.7983	0	10746.5	19992.5	0	1.46456e+06	343.469	323.207	0	13680	1007.55	914.5	0.872145
13860	2.74054e+07	429.068	1452	391	252	135	0	429.068	47	103.033	0	10823	19908	0	1.00553e+06	390.522	220.698	0	13860	999.596	912.856	0.870576
14040	2.39721e+07	223.212	577	43	252	135	0	223.212	48	146	0	10665	19908	0	1.76114e+06	235.642	266.271	0	14040	991.853	911.214	0.869011
14220	2.31841e+07	215.874	964	158	252	135	0	215.874	48	146	0	10823	19908	0	1.50748e+06	368.896	246.074	0	14220	972.437	909.575	0.867448
14400	7.01358e+07	848.632	6154	432	252	137	0	848.632	47	120.663	0	10881.8	19954.3	0	2.23144e+06	298.816	284.554	0	14400	992.383	907.94	0.865888
14580	7.99137e+06	111.089	761	0	252	137	0	111.089	48	110.541	0	10978.1	19908	0	694742	324.855	316.109	0	14580	986.299	906.307	0.864331
14760	2.78767e+07	634.027	1760	212	252	137	0	634.027	47.9998	84.0563	0	10878.5	20066	0	1.33729e+06	291.537	386.443	0	14760	992.383	904.677	0.862776
14940	731585	52.5171	166	98	252	137	0	52.5171	47.0959	47.0861	0	10901.2	20066	0	289137	334.421	356.527	0	14940	996.884	903.05	0.861225
15120	1.93596e+07	180.263	903	2	252	137	0	180.263	48	146	0	10823	20066	0	1.1266e+06	286.28	388.332	0	15120	958.961	901.426	0.859676
15300	4.49466e+07	494.67	2362	506	252	137	0	494.67	48	128.686	0	10853.5	20066	0	1.4619e+06	306.365	357.771	0	15300	968.888	899.805	0.85813
15480	1.92772e+07	179.496	1493	117	252	137	0	179.496	48	146	0	10856.6	19977.7	0	1.01848e+06	292.996	316.638	0	15480	984.654	898.187	0.856586
15660	1.81816e+07	169.295	1132	90	252	137	0	169.295	48	146	0	10892.4	20066	0	795141	329.263	331.472	0	15660	986.634	896.571	0.855046
15840	1.39675e+06	451.743	506	0	252	137	0	451.743	48	22.1832	0	10870.3	19908	0	389958	298.054	291.285	0	15840	972.536	894.959	0.853508
16020	2.58258e+07	240.472	715	284	252	137	0	240.472	48	146	0	10981	20066	0	1.16313e+06	338.185	354.888	0	16020	960.071	893.349	0.851973
16200	7.11759e+07	901.803	6515	473	256	137	0	901.803	47	117.115	0	10936	20303.9	0	1.77254e+06	335.99	330.365	0	16200	971.528	891.743	0.850441
16380	2.11991e+08	1973.91	14397	1743	259	139	0	1973.91	48	146	0	11059.7	20517.5	0	6.895e+06	310.677	289.011	0	16380	981.621	890.139	0.848912
16560	1.24692e+08	1161.12	8961	1126	257	141	0	1161.12	48	145.992	0	11221.1	20415.3	0	2.99908e+06	301.217	336.227	0	16560	959.382	888.538	0.847385
16740	1.26275e+08	1921.18	12014	1850	258	139	0	1921.18	48	104.759	0	11076.4	20490.4	0	3.60004e+06	321.833	334.026	0	16740	979.196	886.94	0.845861
16920	8.15712e+07	1172.11	6908	1565	260	138	0	1172.11	48	108.356	0	11019	20580.6	0	1.87559e+06	339.373	285.47	0	16920	954.007	885.345	0.84434
17100	2.96894e+07	276.447	1013	47	260	138	0	276.447	48	146	0	11060	20540	0	2.33084e+06	404.733	218.916	0	17100	965.233	883.753	0.842822
17280	8.01759e+06	74.6542	308	145	260	138	0	74.6542	48	146	0	10902	20542.4	0	591370	274.293	308.445	0	17280	938.348	882.164	0.841306
17460	5.86551e+07	1097.91	6134	1251	257	136	0	1097.91	48	93.2383	0	10841.5	20398.8	0	1.13534e+06	324.581	325.369	0	17460	957.562	880.577	0.839793
17640	1.55869e+08	1656.73	12029	1686	256	139	0	1656.73	47.9999	131.918	0	11054.4	20291.8	0	3.01254e+06	309.684	310.306	0	17640	953.152	878.994	0.838283
17820	1.88183e+08	2150.22	14992	1537	258	140	0	2150.22	48	125.385	0	11166.4	20456.6	0	5.81247e+06	334.09	319.035	0	17820	950.614	877.413	0.836775
18000	1.26212e+08	1725.2	10404	2211	258	139	0	1725.2	48	111.683	0	11027.7	20412.7	0	2.73499e+06	288.402	276.634	0	18000	960.722	875.835	0.83527
18180	1.03313e+08	1248.97	8533	1416	255	136	0	1248.97	48	120.733	0	10803.1	20222.8	0	1.75094e+06	295.659	310.881	0	18180	945.717	874.26	0.833768
18360	1.68912e+08	2671.67	15984	2617	254	139	0	2671.67	48	102.429	0	11035	20115.7	0	2.02665e+06	298.909	292.757	0	18360	966.213	872.688	0.832269
18540	6.39322e+07	690.366	5560	864	254	142	0	690.366	48	130.43	0	11270.9	20156.6	0	1.77261e+06	296.336	326.271	0	18540	940.622	871.118	0.830772
18720	8.94521e+07	1210.33	8363	1271	255	141	0	1210.33	48	112.385	0	11220.5	20212.9	0	1.83381e+06	307.903	317.874	0	18720	915.143	869.552	0.829278
18900	4.96919e+07	990.712	5146	1353	255	139	0	990.712	48	90.1164	0	11055.7	20256.8	0	1.34528e+06	310.765	353.024	0	18900	938.991	867.988	0.827787
19080	4.35907e+07	1118.45	5562	837	257	139	0	1118.45	48	78.9713	0	11076.8	20375.7	0	1.25743e+06	317.604	288.06	0	19080	946.123	866.427	0.826298
19260	2.62682e+07	244.591	1386	88	257	139	0	244.591	48	146	0	11045.3	20403.7	0	983545	321.095	297.758	0	19260	934.081	864.869	0.824812
19440	8.84631e+07	1679.54	9019	1830	257	145	0	1679.54	48	92.5221	0	11497.6	20352.8	0	3.07721e+06	286.537	291.488	0	19440	918.333	863.313	0.823329
19620	1.05988e+08	1668	10107	1482	255	143	0	1668	48	102.725	0	11390.8	20245.3	0	1.66093e+06	332.32	328.713	0	19620	905.53	861.761	0.821848
19800	8.32464e+07	1062.92	7531	1083	255	144	0	1062.92	47.0001	116.539	0	11433.3	20240.1	0	1.29884e+06	291.317	328.663	0	19800	914.261	860.211	0.82037
19980	5.7856e+07	642.754	4762	744	258	144	0	642.754	48	127.843	0	11448.9	20443.1	0	1.24839e+06	304.19	305.618	0	19980	901.584	858.664	0.818895
20160	2.95987e+07	275.603	1413	0	258	144	0	275.603	48	146	0	11534	20540	0	1.63738e+06	382.681	356.861	0	20160	886.428	857.12	0.817422
20340	2.03449e+06	780.794	665	207	258	144	0	780.794	48	20.3643	0	11427.8	20491.9	0	387776	356.131	356.75	0	20340	899.876	855.578	0.815952
20520	4.14688e+06	879.136	978	0	258	144	0	879.136	48	27.3995	0	11534	20538.2	0	394121	320.234	285.64	0	20520	877.414	854.04	0.814484
20700	9.99957e+06	182.749	794	0	258	144	0	182.749	48	94.4637	0	11534	20540	0	969495	330.954	355.224	0	20700	901.246	852.504	0.81302
20880	5.8346e+07	954.245	6506	350	260	155	0	954.245	47	100.492	0	12341.5	20636.4	0	2.28608e+06	338.157	334.532	0	20880	891.919	850.971	0.811558
21060	8.99013e+07	1097.36	7433	1068	263	155	0	1097.36	48	119.972	0	12293.9	20886.5	0	2.08848e+06	287.122	335.899	0	21060	876.924	849.44	0.810098
21240	9.20353e+07	870.486	6629	884	264	159	0	870.486	47	144.162	0	12668	20924.1	0	1.81644e+06	335.418	291.355	0	21240	893.318	847.913	0.808641
21420	9.58847e+07	1285.74	8295	924	263	157	0	1285.74	47	113.012	0	12519.5	20857.9	0	2.36097e+06	343.485	304.477	0	21420	894.876	846.388	0.807187
21600	1.0423e+07	133.255	550	122	263	157	0	133.255	48	116.444	0	12403	20777	0	698874	272.033	249.681	0	21600	911.366	844.866	0.805735
21780	1.23847e+06	19.0909	249	0	263	157	0	19.0909	47	103.963	0	12403	20777	0	255620	263.767	298.986	0	21780	906.163	843.346	0.804286
21960	2.6607e+06	129.648	297	82	263	157	0	129.648	47	57.1531	0	12517.7	20777	0	444488	347.939	282.037	0	21960	894.689	841.83	0.80284
22140	2.83359e+06	61.523	507	0	263	157	0	61.523	47	86.1275	0	12561	20805.1	0	361427	343.593	299.475	0	22140	866.138	840.316	0.801396
22320	3.98598e+06	844	1364	290	263	157	0	844	48	27.4161	0	12521.4	20906.6	0	417024	309.882	317.02	0	22320	881.597	838.805	0.799955
22500	2.33775e-16	4.44078e-14	259	97	263	157	0	4.44078e-14	48	0.0289454	0	12533.6	20932.2	0	373566	297.05	249.236	0	22500	864.078	837.296	0.798516
22680	7.39562e+07	956.221	6470	733	260	165	0	956.221	48	115.616	0	13135.3	20611.7	0	2.61326e+06	318.674	339.067	0	22680	848.922	835.79	0.79708
22860	6.92246e+07	1053.28	7152	835	263	168	0	1053.28	48	104.754	0	13326.9	20863.3	0	1.51837e+06	290.033	322.913	0	22860	841.306	834.287	0.795647
23040	1.13995e+08	1292.95	8936	1802	261	168	0	1292.95	48	126.022	0	13301.2	20702.9	0	2.84448e+06	273.429	325.416	0	23040	839.004	832.787	0.794216
23220	9.19662e+07	1119.75	8081	714	261	169	0	1119.75	47.0001	120.17	0	13437.4	20669.7	0	1.13748e+06	319.078	295.636	0	23220	829.362	831.289	0.792788
23400	1.06345e+08	990.206	7029	1501	260	167	0	990.206	48	146	0	13216.2	20575.8	0	3.05138e+06	269.334	288.576	0	23400	831.842	829.794	0.791362
23580	1.51969e+08	1674.97	11029	2372	255	170	0	1674.97	48	128.554	0	13510.4	20245.8	0	2.50878e+06	320.364	327.876	0	23580	838.841	828.302	0.789939
23760	1.12082e+08	1263.51	9055	696	253	171	0	1263.51	47	126.553	0	13603.9	20050.6	0	2.49007e+06	320.994	304.143	0	23760	810.184	826.812	0.788518
23940	5.21822e+07	1014.21	5518	1324	255	165	0	1014.21	48	91.3577	0	13094.1	20200.2	0	1.65753e+06	278.326	310.759	0	23940	833.292	825.325	0.7871
24120	7.8737e+07	1216.39	7057	1396	252	164	0	1216.39	48	103.831	0	13001.9	20004.8	0	2.482e+06	288.747	327.574	0	24120	847.05	823.841	0.785684
24300	1.3283e+08	1488.18	10703	1448	252	171	0	1488.18	47.0001	127.095	0	13621.6	19998.3	0	2.7432e+06	350.753	325.714	0	24300	836.546	822.36	0.784272
24480	1.20459e+08	1548.44	9776	1701	253	172	0	1548.44	48	116.042	0	13699.5	20049.5	0	2.98171e+06	336.377	302.968	0	24480	846.937	820.881	0.782861
24660	8.15305e+07	759.155	5622	850	251	176	0	759.155	48	146	0	13957	19931.9	0	1.97043e+06	295.945	334.642	0	24660	821.724	819.404	0.781453
24840	3.52809e+07	328.511	2014	112	251	176	0	328.511	48	146	0	13904	19905.1	0	1.50263e+06	246.907	311.922	0	24840	835.438	817.931	0.780048
25020	7.67461e+07	731.612	5448	627	254	170	0	731.612	47	143.257	0	13538.6	20103.7	0	3.56117e+06	331.043	289.605	0	25020	847.424	816.46	0.778645
25200	9.55847e+06	89.0017	657	0	254	170	0	89.0017	48	146	0	13430	20224	0	584908	276.892	371.252	0	25200	856.508	814.992	0.777245
25380	1.83527e+06	1593.84	641	0	254	170	0	1593.84	48	13.5375	0	13466.4	20224	0	796920	219.255	331.257	0	25380	854.174	813.526	0.775847
25560	5.24804e+06	48.8661	376	0	254	170	0	48.8661	47	146	0	13430	20182.3	0	947686	288.329	348.109	0	25560	864.75	812.063	0.774452
25740	6.93898e+07	1089.17	6655	1251	252	172	0	1089.17	48	102.881	0	13632.6	20019.4	0	2.29139e+06	272.144	353.27	0	25740	865.842	810.602	0.773059
25920	2.2328e+07	207.902	574	0	252	172	0	207.902	47	146	0	13588	20066	0	1.69585e+06	189.625	361.725	0	25920	871.704	809.145	0.771669
26100	4.49736e+06	88.8586	334	42	252	172	0	88.8586	47	90.5537	0	13746	19908	0	234649	383.101	215.298	0	26100	839.643	807.69	0.770281
26280	4.38432e+07	434.595	2906	430	252	172	0	434.595	48	138.95	0	13715.2	19923.4	0	771811	342.962	283.23	0	26280	865.081	806.237	0.768896
26460	8.3771e+06	490.342	780	0	252	172	0	490.342	48	52.1446	0	13590.7	19908	0	661090	280.461	218.929	0	26460	855.503	804.787	0.767513
26640	4.2412e+06	124.985	395	0	252	172	0	124.985	48	73.5836	0	13588	19908	0	382047	288.055	305.514	0	26640	825.426	803.34	0.766133
26820	1.82575e+06	183.726	634	113	252	172	0	183.726	47	39.769	0	13693.3	19909.7	0	263936	243.371	221.652	0	26820	848.457	801.895	0.764755
27000	2.12845e+06	438.282	524	0	252	172	0	438.282	47	27.8013	0	13641.2	19908	0	407396	243.589	220.968	0	27000	843.421	800.453	0.763379
27180	2.4661e+06	43.6736	219	0	252	172	0	43.6736	47	96.1132	0	13628.8	19908	0	332651	295.739	268.347	0	27180	857.718	799.013	0.762007
27360	931213	786.754	400	80	252	172	0	786.754	48	13.7251	0	13744.2	20033.5	0	402516	223.459	268.226	0	27360	873.105	797.576	0.760636
27540	1.22888e+07	114.425	727	48	252	172	0	114.425	48	146	0	13588	19908	0	883872	270.424	251.235	0	27540	873.578	796.142	0.759268
27720	5.07379e+06	89.2755	259	0	252	172	0	89.2755	47	96.4578	0	13588	19908	0	310546	169.016	252.038	0	27720	880.891	794.71	0.757903
27900	2.16954e+06	476.421	561	27	252	172	0	476.421	48	26.9214	0	13603.9	19951.5	0	494995	236.755	254.956	0	27900	896.338	793.281	0.75654
28080	1.5451e+06	263.486	363	0	252	172	0	263.486	47	30.5499	0	13745.8	19908	0	237743	323.022	289.476	0	28080	884.643	791.855	0.755179
28260	4.41814e+06	426.319	782	0	252	172	0	426.319	48	40.6127	0	13588	19935.2	0	327983	267.796	309.051	0	28260	898.464	790.431	0.753821
28440	248121	341.015	99	88	252	172	0	341.015	48	10.7611	0	13665.3	19985.2	0	969292	209.722	234.766	0	28440	881.995	789.009	0.752466
28620	7.84828e+07	928.063	6571	1350	251	168	0	928.063	48	122.513	0	13348.9	19907.5	0	2.90474e+06	300.85	308.096	0	28620	885.373	787.59	0.751112
28800	5.14711e+07	1047.48	5504	1275	250	168	0	1047.48	48	89.1325	0	13329.7	19814.7	0	1.20245e+06	275.023	320.589	0	28800	873.019	786.174	0.749762
