MS2-QUANT	v0j
Region DEFINITION, 05-Apr-2021
COMMENT	Outline definition performed in MS2-QUANT (Main program)
FILE	MAX_20201217_RI516_C12MS2128TkTat_001_visit_25.tif
PATH	/Volumes/EBL/20201217/
PARAMETERS
Pix-XY	Pix-Z	RI	Ex	Em	NA	dT	Type
79	600	1.458	488	521	1.4	180	widefield
ANALYSIS-SETTINGS	
IMAGING-BACKGROUND	150
LIMIT-FIT-SIGMA-XY-MIN	40
LIMIT-FIT-SIGMA-XY-MAX	162
LIMIT-FIT-SIGMA-Z-MIN	0
LIMIT-FIT-SIGMA-Z-MAX	0
LIMIT-FIT-BGD-MIN	44
LIMIT-FIT-BGD-MAX	45
DETECTION-THRESHOLD	500
REGION	TxSite
X_POS	156	156	155	155	154	153	153	152	152	152	151	151	151	150	150	150	150	149	149	149	149	149	148	148	148	148	147	147	147	146	146	145	145	144	143	143	142	142	141	141	140	140	139	139	138	137	137	136	136	135	135	134	134	133	132	132	131	131	130	129	129	128	128	127	127	127	126	126	126	126	125	125	125	125	124	124	124	124	124	123	123	123	123	123	122	122	122	122	122	122	121	121	121	121	120	120	119	119	119	118	118	118	117	117	117	116	116	115	115	114	114	113	112	112	111	111	110	110	109	109	108	108	107	107	106	106	105	105	104	104	103	103	102	102	101	101	100	100	99	99	98	98	97	96	96	95	95	94	94	93	93	92	92	91	91	91	90	90	90	89	89	89	88	88	87	87	87	87	86	86	86	85	85	85	84	84	84	83	83	82	82	81	80	80	79	79	78	78	77	77	76	76	75	74	74	73	72	72	71	71	70	70	69	69	69	68	68	67	67	66	66	65	65	64	64	63	63	62	62	61	61	60	60	59	59	58	58	57	57	56	56	55	55	54	54	54	53	53	52	52	52	51	51	50	50	49	49	49	48	48	47	47	47	47	46	46	45	45	45	45	45	44	44	44	44	44	44	44	44	44	44	44	44	45	45	45	45	45	45	45	46	46	46	46	46	47	47	47	48	48	49	49	50	50	50	51	51	51	52	52	52	53	53	53	54	54	54	54	55	55	56	56	57	57	58	59	59	59	60	60	61	61	61	62	62	63	63	64	64	64	65	65	66	66	67	67	68	68	69	69	70	70	71	71	72	72	73	73	74	74	75	76	76	77	77	78	78	79	79	80	80	81	81	82	82	82	83	83	83	84	84	85	85	86	86	87	89	89	90	91	91	92	92	93	94	94	95	95	96	96	97	97	98	98	99	100	101	101	102	102	103	103	104	104	105	106	107	107	108	108	109	109	109	110	110	110	111	111	111	111	111	111	111	112	112	113	113	114	114	115	115	116	116	117	117	118	119	120	121	122	122	123	124	125	125	126	126	127	127	128	129	130	130	130	131	131	132	132	133	134	134	135	135	136	136	137	137	138	138	139	139	140	140	141	141	141	142	142	143	143	143	144	144	144	145	145	145	145	146	146	147	147	147	148	148	148	149	149	149	150	150	150	151	151	151	152	152	153	153	153	154	154	154	155	155	155	155	155	156	156	156	156	157	157	157	157	157	157	158	158	158	158	158	159	159	159	159	159	159	159	159	159	159	159	159	159	159	159	159	159	159	159	159	159	159	159	159	159	159	158	158	158	END
Y_POS	286	287	286	286	285	284	283	283	282	282	281	280	280	280	279	279	279	278	278	278	277	277	277	276	276	276	276	275	275	275	274	274	273	273	273	273	273	272	272	272	272	271	271	271	271	271	271	271	271	271	271	271	271	271	271	272	272	272	272	273	273	273	273	274	274	274	274	275	275	275	275	276	276	277	277	277	277	278	278	278	279	279	279	280	280	281	281	281	282	282	283	283	284	284	285	285	286	286	287	287	287	287	287	287	288	288	288	288	288	288	288	289	289	289	289	289	289	289	289	289	289	289	289	289	289	289	289	289	289	289	289	289	289	289	289	289	289	289	289	289	289	289	289	289	289	289	289	289	289	289	289	289	289	289	289	289	289	290	290	290	290	291	291	291	291	292	292	292	292	293	293	293	293	293	293	294	294	294	294	294	294	295	295	295	295	295	295	295	295	295	295	295	295	295	295	295	295	295	295	295	295	295	295	295	294	294	294	294	294	294	294	294	294	294	294	294	294	294	294	294	294	294	295	295	295	295	295	295	295	295	295	295	295	295	296	296	296	296	296	297	297	297	297	298	298	298	299	299	299	300	300	300	301	301	301	302	302	302	303	303	303	304	304	305	305	306	306	307	307	308	308	309	309	310	310	311	311	312	312	312	313	313	314	314	315	315	315	315	316	317	317	317	318	318	319	319	319	320	320	320	321	321	321	321	321	322	322	322	322	322	323	323	323	324	324	324	325	325	325	325	325	325	326	326	326	326	326	326	326	327	327	327	327	327	327	327	327	327	327	327	327	327	327	327	327	327	327	327	327	327	327	327	327	327	327	327	327	327	327	327	327	327	327	327	326	326	326	326	326	326	326	326	326	326	326	326	326	326	326	326	326	326	326	326	326	326	326	326	326	326	326	326	326	326	326	326	326	326	326	326	326	326	326	326	326	326	326	326	325	325	325	324	324	324	323	323	323	322	322	321	321	321	320	320	320	320	320	319	319	319	319	319	319	319	319	319	319	320	320	320	320	320	320	321	321	321	321	321	321	321	321	322	322	322	322	322	322	322	322	322	322	322	322	322	322	322	322	322	322	322	322	322	322	322	321	321	321	321	321	320	320	320	320	319	319	319	319	318	318	318	317	317	317	317	317	316	316	316	315	315	315	314	314	314	313	313	313	312	311	311	311	310	310	309	309	309	308	308	308	308	307	307	307	306	306	305	305	304	304	304	303	302	302	302	301	301	300	300	299	299	298	298	297	297	296	296	295	295	294	294	293	293	292	292	291	291	290	290	289	289	289	289	END
QUANTIFICATION
Time[s]	Q_Integrate	Q_AMP	Q_Sum_pix	Q_MIP_int	Pix_Y	Pix_X	Pix_Z	AMP	BGD	SigmaXY	SigmaZ	MuY	MuX	MuZ	RES	Cent_Y	Cent_X	Cent_Z	OPB_time	OPB_INT	OPB_FIT	OPB_FIT_norm
0	1.33703e+06	132.997	386	24	312	77	0	132.997	44	40	0	6083	24806	0	144439	272.737	368.989	0	0	622.209	826.818	1
180	0.131439	1.30745e-05	84	0	312	77	0	1.30745e-05	44	40	0	6241	24731.6	0	104418	351.886	279.357	0	180	651.736	825.331	0.998202
360	1.98149e+06	197.102	575	0	312	77	0	197.102	44	40	0	6239.89	24722.2	0	112748	386.289	289.263	0	360	657.216	823.847	0.996406
540	277126	27.5658	285	69	312	77	0	27.5658	44	40.0003	0	6084.87	24794.7	0	76345.4	344.111	300.724	0	540	639.958	822.365	0.994615
720	1.75158e+06	174.233	394	146	312	77	0	174.233	44	40	0	6151.36	24776	0	104202	322.606	323.152	0	720	638.875	820.886	0.992826
900	1.7155e+06	170.644	545	0	312	77	0	170.644	44	40	0	6172.48	24648.2	0	162002	340.477	292.354	0	900	637.21	819.41	0.99104
1080	770213	50.5359	240	72	312	77	0	50.5359	44	49.2511	0	6122.68	24806	0	110072	303.929	336.793	0	1080	642.319	817.936	0.989258
1260	3.31508e+06	329.757	536	74	312	77	0	329.757	44	40	0	6087.81	24726.5	0	201088	326.049	280.132	0	1260	643.959	816.465	0.987479
1440	587270	58.4168	379	63	312	77	0	58.4168	44.5289	40	0	6150.58	24685.7	0	201762	342.9	274.973	0	1440	630.107	814.997	0.985703
1620	253191	25.1827	255	0	312	77	0	25.1827	44	40.0021	0	6083	24773.4	0	151030	276.379	279.52	0	1620	619.411	813.531	0.983931
1800	67795.6	6.66902	314	0	312	77	0	6.66902	44	40.2235	0	6092.91	24735.5	0	130489	274.538	262.284	0	1800	617.849	812.068	0.982161
1980	2.78809e+06	100.875	630	0	312	77	0	100.875	44	66.3476	0	6241	24685.1	0	173444	337.083	298.353	0	1980	625.376	810.608	0.980395
2160	2.23224e-10	2.22045e-14	112	0	312	77	0	2.22045e-14	44.1429	40	0	6083	24648	0	260406	259.133	254.823	0	2160	609.839	809.15	0.978632
2340	1.68324e+06	123.012	443	96	312	77	0	123.012	44	46.667	0	6185.05	24806	0	118714	331.967	322.092	0	2340	612.435	807.695	0.976872
2520	1.62453e+06	161.595	604	132	312	77	0	161.595	44	40	0	6170.07	24772.4	0	93507.6	336.167	330.417	0	2520	595.76	806.242	0.975115
2700	1.09035e+06	108.459	306	0	312	77	0	108.459	44	40.0001	0	6241	24740.9	0	143866	321.368	316.37	0	2700	612.011	804.792	0.973361
2880	2.43468e+06	35.2847	306	0	312	77	0	35.2847	44	107.804	0	6207.2	24648	0	244418	329.977	240.391	0	2880	602.25	803.345	0.971611
3060	1.91252e+07	190.664	1692	198	312	77	0	190.664	44	138.344	0	6083	24668.9	0	386289	258.4	292.966	0	3060	611.348	801.9	0.969863
3240	1.24867e+08	1130.83	8462	1443	312	77	0	1130.83	45	149.397	0	6128.03	24734.7	0	1.84021e+06	300.162	319.81	0	3240	607.821	800.458	0.968119
3420	6.48846e+07	627.396	4620	1005	312	73	0	627.396	45	141.655	0	5867.96	24739.8	0	1.46426e+06	314.293	334.055	0	3420	595.388	799.019	0.966378
3600	2.19144e+07	181.152	852	109	312	73	0	181.152	45	162	0	5767	24648	0	1.11158e+06	211.891	254.596	0	3600	600.229	797.582	0.96464
3780	2.97694e+06	296.121	766	0	312	73	0	296.121	44.0257	40	0	5920.18	24652.1	0	233890	366.659	214.17	0	3780	584.991	796.147	0.962905
3960	8.07061e+06	192.241	830	0	312	73	0	192.241	44	82.0591	0	5767	24806	0	340907	292.01	338.682	0	3960	599.795	794.716	0.961174
4140	2.48319e+06	247.007	536	0	312	73	0	247.007	44	40	0	5771.75	24806	0	183896	290.331	371.579	0	4140	593.947	793.286	0.959445
4320	104414	1.73417	475	0	312	73	0	1.73417	44	99.6203	0	5909.3	24648	0	201177	326.767	251.492	0	4320	593.766	791.86	0.95772
4500	99695.7	9.88562	278	41	312	73	0	9.88562	44	40.0633	0	5845.99	24662.6	0	242581	430.446	312.052	0	4500	614.352	790.436	0.955997
4680	1.01057e+06	100.524	364	38	312	73	0	100.524	44	40	0	5767	24753.2	0	190415	331.615	320.05	0	4680	615.388	789.014	0.954278
4860	3.1232e+06	100.121	338	99	312	73	0	100.121	44	70.5157	0	5834.12	24648	0	498468	254.078	246.845	0	4860	588.415	787.595	0.952562
5040	2.05992e+06	204.904	405	132	312	73	0	204.904	44	40	0	5849.23	24670	0	244564	273.737	289.488	0	5040	588.902	786.179	0.950849
5220	451115	44.8721	196	29	312	73	0	44.8721	44	40.0005	0	5923.01	24659	0	182733	300.57	311.256	0	5220	598.085	784.765	0.949139
5400	1.60556e+06	159.708	410	71	312	73	0	159.708	44	40	0	5846.17	24806	0	92684	271.463	310.58	0	5400	593.298	783.354	0.947432
5580	2.52654e+06	251.319	346	0	312	73	0	251.319	44	40	0	5845.4	24648	0	117258	281.383	270.75	0	5580	587.421	781.945	0.945728
5760	2.56194e+06	254.841	464	100	312	73	0	254.841	44	40	0	5851.28	24658.8	0	153749	268.184	286.942	0	5760	578.765	780.539	0.944027
5940	445089	44.2738	278	0	312	73	0	44.2738	44	40	0	5922.83	24806	0	153363	338.316	318.658	0	5940	589.437	779.135	0.94233
6120	6.11642e+07	796.024	5405	722	315	61	0	796.024	44	115.139	0	4902.97	24947.3	0	562666	315.62	299.045	0	6120	567.156	777.734	0.940635
6300	4.88491e-08	4.85911e-12	67	0	315	61	0	4.85911e-12	44	40	0	4977	25043	0	111564	318.484	337.911	0	6300	559.504	776.335	0.938943
6480	6.72212e+07	776.025	5397	627	313	56	0	776.025	44	124.51	0	4530.92	24792.5	0	942730	332.418	296.476	0	6480	583.614	774.939	0.937255
6660	7.2029e+06	59.5416	572	176	313	56	0	59.5416	44	162	0	4582	24885	0	398833	387.034	393.421	0	6660	568.447	773.545	0.935569
6840	9.14971e+07	1180.02	7704	1263	316	61	0	1180.02	45	115.801	0	4892.34	24997.1	0	1.24725e+06	316.355	283.305	0	6840	600.124	772.154	0.933887
7020	8.77541e+07	898.717	6569	1269	318	67	0	898.717	44.0008	135.563	0	5357.45	25180	0	1.4037e+06	294.676	295.427	0	7020	587.693	770.766	0.932207
7200	2.3347e+07	279.958	822	137	318	67	0	279.958	45	121.383	0	5451	25122	0	997123	385.291	223.124	0	7200	589.027	769.379	0.930531
7380	453797	45.14	170	0	318	67	0	45.14	44	40	0	5451	25122	0	193581	424.516	218.596	0	7380	596.387	767.996	0.928857
7560	0.0646793	6.4337e-06	117	80	318	67	0	6.4337e-06	44	40.0002	0	5368.85	25204.2	0	170762	418.504	230.516	0	7560	602.184	766.615	0.927187
7740	1.01262e+06	100.728	529	0	318	67	0	100.728	44	40	0	5450.99	25205.9	0	223888	317.567	331.947	0	7740	617.688	765.236	0.92552
7920	2.75985e+06	274.527	447	0	318	67	0	274.527	44	40	0	5451	25123.7	0	168741	274.882	300.764	0	7920	612.597	763.86	0.923855
8100	988111	98.2893	303	0	318	67	0	98.2893	44	40	0	5293	25280	0	126207	357.034	374.163	0	8100	608.543	762.486	0.922194
8280	639217	31.6143	183	0	318	67	0	31.6143	44	56.729	0	5451	25278.9	0	160021	373.502	295.171	0	8280	606.723	761.115	0.920535
8460	5.96949e+07	893.839	5491	1340	314	86	0	893.839	45	105.742	0	6852.03	24888.5	0	1.81108e+06	291.824	326.559	0	8460	616.852	759.746	0.91888
8640	1.15849e+08	1150.49	8856	922	319	91	0	1150.49	44	138.753	0	7290	25275.3	0	2.47115e+06	339.509	312.201	0	8640	630.504	758.38	0.917227
8820	5.07162e+07	706.176	4842	724	315	91	0	706.176	45	110.431	0	7263.67	24979.7	0	1.44181e+06	299.076	346.085	0	8820	633.38	757.016	0.915578
9000	4.27908e+06	35.3759	517	0	315	91	0	35.3759	44	161.984	0	7189	24885	0	235851	234.39	292.132	0	9000	638.539	755.655	0.913931
9180	1.66838e+07	211.375	1252	174	315	91	0	211.375	45	117.118	0	7347	24985.7	0	596915	351.287	347.394	0	9180	646.436	754.296	0.912288
9360	2.60441e+06	259.065	603	290	315	91	0	259.065	44	40	0	7267.16	24976.2	0	117069	354.739	325.381	0	9360	647.884	752.939	0.910647
9540	3.44304e+06	342.485	707	31	315	91	0	342.485	44	40	0	7198.42	24945.2	0	231067	323.838	310.383	0	9540	671.712	751.585	0.909009
9720	2.05714e+06	204.627	389	0	315	91	0	204.627	44	40	0	7195.35	24885	0	232841	351.562	299.851	0	9720	669.837	750.233	0.907375
9900	2.35838e+06	234.592	470	119	315	91	0	234.592	45	40	0	7204.35	24946.8	0	339546	335.28	296.747	0	9900	676.026	748.884	0.905743
10080	1.18229e+06	117.604	208	0	315	91	0	117.604	44	40	0	7347	24944.7	0	130523	370.216	263.066	0	10080	652.037	747.537	0.904114
10260	3.57722e+06	29.5705	268	152	315	91	0	29.5705	45	162	0	7189	24943.4	0	445612	270.938	313.188	0	10260	659.839	746.193	0.902488
10440	1.25588e+08	1896.59	11810	2113	309	94	0	1896.59	44	105.215	0	7500.58	24508.6	0	2.09454e+06	301.899	344.388	0	10440	663.869	744.851	0.900865
10620	1.35588e+08	1606.16	11468	967	317	97	0	1606.16	44.0001	122.369	0	7722.4	25139	0	2.25169e+06	300.842	332.586	0	10620	661.09	743.512	0.899245
10800	4.20013e+07	462.119	1770	12	317	97	0	462.119	45	128.712	0	7821	25201	0	1.09098e+06	387.773	378.914	0	10800	669.695	742.174	0.897628
10980	1.4355e+07	177.041	918	292	317	97	0	177.041	44.0001	119.167	0	7663	25114.6	0	573057	246.786	305.168	0	10980	649.049	740.84	0.896013
11160	4.7322e+07	1087	5973	1098	314	94	0	1087	45	83.6234	0	7501.99	24909.8	0	1.2204e+06	307.106	327.19	0	11160	658.607	739.507	0.894402
11340	8.31784e+06	129.682	552	128	314	94	0	129.682	44	103.283	0	7426	24940.3	0	426107	226.864	343.127	0	11340	668.133	738.178	0.892793
11520	7.206e+07	801.386	5836	662	316	93	0	801.386	44	127.75	0	7404.81	25058.3	0	1.44676e+06	301.591	328.358	0	11520	689.137	736.85	0.891188
11700	4.9293e+07	1197.64	6406	1044	314	86	0	1197.64	44.0002	81.2216	0	6847.65	24884.4	0	726620	302.594	331.337	0	11700	671.549	735.525	0.889585
11880	2.8658e+07	429.681	2199	20	314	86	0	429.681	45	105.659	0	6932.71	24961.9	0	840650	373.655	344.69	0	11880	672.291	734.202	0.887985
12060	5.70461e+07	1116.62	6348	1336	313	88	0	1116.62	45	91.0099	0	7039.44	24823.5	0	1.58493e+06	323.437	338.284	0	12060	692.093	732.882	0.886388
12240	3.30111e+07	272.881	1727	144	313	88	0	272.881	45	162	0	6952	24745.1	0	1.59481e+06	286.396	318.701	0	12240	689.635	731.564	0.884794
12420	1.49559e+07	162.044	1343	22	313	88	0	162.044	44	130.118	0	7049.8	24727	0	700332	328.795	204.263	0	12420	679.207	730.248	0.883203
12600	6.43991e+06	53.2344	229	80	313	88	0	53.2344	45	162	0	7110	24885	0	401118	355.999	336.73	0	12600	679.183	728.935	0.881615
12780	2.35767e+07	268.659	953	0	313	88	0	268.659	44	125.62	0	6952	24727	0	1.35482e+06	274.309	212.75	0	12780	683.027	727.624	0.880029
12960	1.19045e+07	98.4352	516	0	313	88	0	98.4352	44	161.955	0	6952	24727	0	738021	262.334	182.78	0	12960	702.899	726.315	0.878447
13140	2.32689e+06	231.461	531	247	313	88	0	231.461	44	40	0	7110	24871.9	0	159473	326.8	325.6	0	13140	690.274	725.009	0.876867
13320	3.94821e-08	3.92736e-12	66	0	313	88	0	3.92736e-12	44	40	0	7110	24885	0	121798	351.416	357.119	0	13320	698.281	723.705	0.87529
13500	2.29162e+06	21.4105	266	0	313	88	0	21.4105	44	145.597	0	7110	24885	0	174805	380.93	376.677	0	13500	699.231	722.404	0.873716
13680	110725	10.9953	263	32	313	88	0	10.9953	44	40.034	0	6952.04	24729	0	259693	323.426	240.827	0	13680	687.814	721.105	0.872145
13860	1.25654e+06	124.99	243	45	313	88	0	124.99	44	40	0	7105.43	24727	0	216829	318.287	260.005	0	13860	708.17	719.808	0.870576
14040	7.05368e+07	1455.28	8091	1026	312	100	0	1455.28	44	88.485	0	8004.14	24743.8	0	557462	337.116	318.589	0	14040	708.588	718.513	0.869011
14220	5.39102e+07	1133.93	6270	1004	309	99	0	1133.93	44	87.5831	0	7924.74	24493.1	0	1.28036e+06	328.671	315.673	0	14220	708.089	717.221	0.867448
14400	7.6189e+07	742.37	5990	913	302	94	0	742.37	45	140.808	0	7541.59	23928.8	0	2.08257e+06	343.957	325.793	0	14400	720.773	715.931	0.865888
14580	7.96324e+07	1022.63	7433	590	301	96	0	1022.63	44.9998	116.115	0	7667.84	23874.9	0	2.22248e+06	326.12	332.021	0	14580	729.599	714.644	0.864331
14760	6.65062e+07	1167.62	6607	1251	307	100	0	1167.62	45	96.5758	0	8008	24308	0	1.62021e+06	331.329	278.184	0	14760	723.976	713.359	0.862776
14940	8.25417e+07	1226.56	7836	1107	298	98	0	1226.56	44.0001	106.217	0	7823.08	23651.3	0	1.31786e+06	323.362	339.013	0	14940	729.005	712.076	0.861225
15120	1.40029e+08	2402.75	13568	2292	300	100	0	2402.75	45	97.8145	0	8001.26	23800.7	0	1.96491e+06	331.023	344.768	0	15120	749.872	710.795	0.859676
15300	1.93524e+08	2306.46	15830	2016	301	104	0	2306.46	44.9999	121.875	0	8264.38	23883.8	0	2.70796e+06	291.222	333.851	0	15300	749.522	709.517	0.85813
15480	1.90885e+08	2392.52	15781	2210	301	103	0	2392.52	45	117.929	0	8245.12	23855.1	0	4.76144e+06	342.256	333.191	0	15480	760.171	708.241	0.856586
15660	2.16076e+08	2595.64	17398	2336	309	114	0	2595.64	44.003	121.239	0	9107.17	24465.3	0	3.59445e+06	329.627	284.485	0	15660	757.058	706.967	0.855046
15840	1.7461e+08	1633.32	12404	1656	309	123	0	1633.32	45	145.455	0	9812.94	24502.4	0	4.13586e+06	319.451	312.978	0	15840	756.73	705.696	0.853508
16020	1.57727e+08	1712.44	12856	994	309	128	0	1712.44	44.0001	129.928	0	10163.6	24475.6	0	2.49135e+06	289.967	300.019	0	16020	755.087	704.427	0.851973
16200	2.08562e+08	2045.47	15906	2047	300	126	0	2045.47	45	140.096	0	10030.6	23806.3	0	5.19512e+06	319.265	345.302	0	16200	775.991	703.16	0.850441
16380	2.14893e+08	1776.37	13726	1541	304	131	0	1776.37	44.0008	162	0	10408.7	24055.4	0	6.49161e+06	303.948	285.005	0	16380	766.238	701.895	0.848912
16560	2.38541e+08	2266.94	16950	1667	299	134	0	2266.94	45	143.613	0	10648.4	23679.8	0	4.79277e+06	306.611	314.195	0	16560	777.47	700.633	0.847385
16740	1.5178e+08	1475.19	10500	1979	298	135	0	1475.19	44.0004	141.084	0	10736.7	23641.9	0	3.7033e+06	311.851	332.951	0	16740	781.597	699.373	0.845861
16920	1.22128e+07	146.971	836	175	298	135	0	146.971	44	121.096	0	10665	23700	0	321846	257.696	382.357	0	16920	794.003	698.115	0.84434
17100	1.40963e+07	119.717	383	0	298	135	0	119.717	44	158.011	0	10791.8	23700	0	717482	334.752	414.522	0	17100	800.108	696.86	0.842822
17280	3.09296e+07	259.481	564	0	298	135	0	259.481	45	159.789	0	10823	23700	0	1.72384e+06	414.745	371.012	0	17280	800.016	695.607	0.841306
17460	7.12249e+07	1196.07	7153	976	298	138	0	1196.07	44	99.0034	0	10999.4	23596.5	0	1.28433e+06	335.019	303.897	0	17460	811.517	694.356	0.839793
17640	1.97561e+06	196.518	411	146	298	138	0	196.518	44.0001	40	0	11033.8	23628.1	0	452524	383.436	337.146	0	17640	794.187	693.107	0.838283
17820	1907.91	0.0510931	50	0	298	138	0	0.0510931	44	77.2584	0	10911.6	23542	0	160667	299.386	221.696	0	17820	816.357	691.86	0.836775
18000	1.19966e+08	1334.53	9927	1163	285	140	0	1334.53	45	127.725	0	11143.3	22595.6	0	2.81301e+06	330.591	321.255	0	18000	817.728	690.616	0.83527
18180	1.69819e+08	2418.07	15622	2027	283	143	0	2418.07	44.9999	108.948	0	11352.6	22428.3	0	3.08508e+06	294.242	308.464	0	18180	818.908	689.374	0.833768
18360	1.69871e+08	2427.56	15075	2613	279	141	0	2427.56	45	108.712	0	11203.4	22109.1	0	5.29089e+06	315.713	309.083	0	18360	838.454	688.135	0.832269
18540	1.58741e+08	1977.53	13701	1481	279	136	0	1977.53	45	118.394	0	10814.4	22116.4	0	3.46448e+06	312.72	326.551	0	18540	838.745	686.897	0.830772
18720	1.20466e+08	1121.22	8803	1262	276	137	0	1121.22	44.0021	146.051	0	10886.6	21921.7	0	2.82238e+06	304.391	347.461	0	18720	828.975	685.662	0.829278
18900	4.58911e+07	722.076	4137	1387	276	137	0	722.076	45	102.737	0	10946.5	21894.2	0	2.63016e+06	331.606	340.861	0	18900	834.069	684.429	0.827786
19080	2.39536e+08	3706.35	21580	3732	286	140	0	3706.35	44.0001	103.736	0	11110.2	22650.1	0	5.42583e+06	286.218	292.967	0	19080	829.113	683.198	0.826298
19260	3.38109e+08	4295.18	27590	4197	286	143	0	4295.18	44	116.917	0	11330.1	22677.8	0	7.66038e+06	267.814	313.007	0	19260	835.065	681.969	0.824812
19440	3.54045e+08	3929.57	27704	3644	287	144	0	3929.57	44	127.927	0	11451.7	22746.1	0	5.26652e+06	321.17	313.898	0	19440	838.709	680.743	0.823328
19620	1.98721e+08	1753.56	13539	1439	289	142	0	1753.56	44.9999	152.742	0	11283.3	22905.2	0	3.9081e+06	304.644	310.451	0	19620	868.301	679.518	0.821848
19800	2.05194e+08	1917.75	13667	1997	286	136	0	1917.75	44.0011	145.558	0	10873.2	22713.8	0	7.51039e+06	348.784	346.351	0	19800	853.744	678.296	0.82037
19980	1.39361e+08	1498.55	10945	1758	289	131	0	1498.55	45	130.823	0	10447.9	22885.1	0	2.4225e+06	331.748	298.066	0	19980	874.083	677.077	0.818895
20160	1.00541e+08	937.757	6801	939	285	132	0	937.757	44.9997	145.798	0	10467.3	22591.6	0	1.75454e+06	290.413	319.418	0	20160	872.3	675.859	0.817422
20340	2.09046e+08	1976.43	14873	2062	284	133	0	1976.43	45	144.206	0	10566.5	22520.7	0	4.99221e+06	312.141	329.223	0	20340	852.405	674.643	0.815952
20520	3.50366e+08	3620.18	25828	3400	285	133	0	3620.18	44.9999	134.674	0	10592.6	22627.6	0	6.89229e+06	318.18	342.15	0	20520	856.399	673.43	0.814484
20700	3.02152e+08	2497.69	18468	1193	286	136	0	2497.69	45	162	0	10813.6	22671.9	0	1.92013e+07	310.648	312.025	0	20700	869.647	672.219	0.81302
20880	1.73254e+08	1432.17	10385	1713	285	139	0	1432.17	45	162	0	11014.7	22618.6	0	7.5961e+06	291.301	335.879	0	20880	868.186	671.01	0.811558
21060	1.73965e+08	1923.59	13738	2335	287	130	0	1923.59	45	128.264	0	10347.8	22781.5	0	5.24633e+06	324.791	338.831	0	21060	866.11	669.803	0.810098
21240	1.63241e+08	2036.64	14131	2152	286	141	0	2036.64	45	118.279	0	11197.8	22682.3	0	3.81175e+06	289.949	329.754	0	21240	873.583	668.599	0.808641
21420	1.02336e+08	1277.79	8621	1213	287	140	0	1277.79	45	118.219	0	11084.8	22768.2	0	2.50246e+06	268.055	329.96	0	21420	881.737	667.396	0.807187
21600	7.25024e+07	966.154	6516	1172	286	138	0	966.154	45	113.45	0	10955.3	22663.7	0	1.87742e+06	305.385	300.232	0	21600	900.178	666.196	0.805735
21780	1.05691e+08	1044.91	7806	845	288	137	0	1044.91	45	139.232	0	10878.8	22833.7	0	2.76474e+06	295.549	323.062	0	21780	932.031	664.998	0.804286
21960	2.37168e+08	3586.86	20663	3149	292	138	0	3586.86	45	105.125	0	11003	23182.4	0	5.55472e+06	326.738	335.545	0	21960	958.831	663.802	0.80284
22140	1.74764e+08	1761.21	13345	1611	292	135	0	1761.21	45	137.212	0	10714.4	23175.8	0	3.82085e+06	292.383	345.457	0	22140	927.618	662.609	0.801396
22320	9.673e+07	1215.31	8721	1107	298	127	0	1215.31	44	117.747	0	10127	23597.4	0	2.74001e+06	329.136	292.771	0	22320	914.075	661.417	0.799955
22500	2.17661e+07	179.926	1215	0	298	127	0	179.926	45	162	0	10033	23542	0	1.59927e+06	314.645	246.144	0	22500	939.674	660.227	0.798516
22680	5.31002e+07	720.434	4890	802	295	125	0	720.434	44.0001	112.196	0	9965.59	23381.9	0	846883	339.486	300.92	0	22680	907.831	659.04	0.79708
22860	4.9565e+07	858.273	5567	544	298	134	0	858.273	45	97.3185	0	10632.6	23629.3	0	2.82909e+06	290.522	319.897	0	22860	886.792	657.855	0.795647
23040	7.68441e+07	1171.71	7230	1859	296	130	0	1171.71	45	104.624	0	10348.1	23462.5	0	2.85566e+06	303.55	312.384	0	23040	903.889	656.672	0.794216
23220	1.80788e+07	166.767	954	0	296	130	0	166.767	44	147.127	0	10428	23384	0	801851	383.415	231.257	0	23220	852.284	655.491	0.792788
23400	5.87068e+07	588.418	4872	1028	292	139	0	588.418	45	137.779	0	11039.6	23151.5	0	2.20713e+06	296.2	309.82	0	23400	828.538	654.312	0.791362
23580	9.60917e+07	997.494	7876	264	292	140	0	997.494	45	134.213	0	11109.9	23162.7	0	2.95993e+06	284.782	324.301	0	23580	835.268	653.135	0.789939
23760	1.38356e+08	1902.53	11791	2208	294	138	0	1902.53	45	111.275	0	11015.1	23256.1	0	3.60027e+06	330.101	265.751	0	23760	827.589	651.961	0.788518
23940	1.93105e+08	2423.01	16250	1821	291	138	0	2423.01	45	117.846	0	10948.3	23039.4	0	3.92137e+06	285.896	282.031	0	23940	829.318	650.788	0.7871
24120	2.174e+08	1797.1	13447	1188	288	135	0	1797.1	45	162	0	10742.6	22832.5	0	3.38334e+06	318.734	316.072	0	24120	823.576	649.618	0.785684
24300	1.41684e+08	1171.2	8766	1305	290	134	0	1171.2	45	162	0	10670.6	22943	0	3.07485e+06	320.94	288.902	0	24300	815.423	648.45	0.784272
24480	1.09306e+08	1107	7862	957	293	133	0	1107	44	136.702	0	10577.8	23194.3	0	2.90902e+06	303.229	292.011	0	24480	810.754	647.283	0.782861
24660	1.29031e+08	1119.23	9096	1676	292	134	0	1119.23	45	155.051	0	10681.8	23125.3	0	3.21046e+06	325.008	305.049	0	24660	849.044	646.119	0.781453
24840	3.81905e+07	315.695	1074	0	292	134	0	315.695	45	162	0	10744	23226	0	1.89998e+06	362.387	373.524	0	24840	814.745	644.957	0.780048
25020	3.62687e+07	389.576	3325	468	292	134	0	389.576	44	130.924	0	10719.1	23156.2	0	1.73074e+06	366.882	330.112	0	25020	821.943	643.798	0.778645
25200	7.39392e+07	793.089	6057	1083	290	131	0	793.089	45	131.057	0	10372.9	22970	0	2.0405e+06	273.388	301.327	0	25200	830.865	642.64	0.777245
25380	5.66347e+07	775.23	5311	1162	294	129	0	775.23	45	111.587	0	10308.6	23331	0	1.51531e+06	357.958	344.97	0	25380	847.577	641.484	0.775847
25560	2.54753e+07	210.588	1001	208	294	129	0	210.588	45	162	0	10349	23384	0	1.36494e+06	407.476	364.724	0	25560	842.772	640.33	0.774452
25740	2.6395e+07	237.122	1597	4	294	129	0	237.122	45	150.417	0	10191	23226	0	1.22717e+06	309.993	268.98	0	25740	816.457	639.179	0.773059
25920	1.71409e+07	207.868	1284	317	294	129	0	207.868	44	120.485	0	10191	23253	0	535346	274.65	280.794	0	25920	818.026	638.029	0.771669
26100	1.23999e+07	102.501	325	28	294	129	0	102.501	45	162	0	10349	23226	0	712120	374.589	304.321	0	26100	818.039	636.882	0.770281
26280	1.84645e+07	192.233	908	0	294	129	0	192.233	44	133.925	0	10349	23360.1	0	1.06533e+06	363.33	379.83	0	26280	834.397	635.737	0.768896
26460	1.15539e+06	105.24	153	25	294	129	0	105.24	45	41.8009	0	10349	23227.8	0	389084	331.68	323.475	0	26460	822.405	634.593	0.767513
26640	6.06965e+06	442.653	1083	198	294	129	0	442.653	45	46.7154	0	10338	23353.6	0	821655	318.892	313.768	0	26640	822.843	633.452	0.766133
26820	6.56816e+07	1936.73	8802	1976	304	136	0	1936.73	45	73.5615	0	10797.5	24090.8	0	1.60619e+06	313.926	310.17	0	26820	837.58	632.313	0.764755
27000	8.05975e+07	1006.53	6782	1079	305	138	0	1006.53	45	118.205	0	10950.9	24186.6	0	1.32279e+06	291.818	325.982	0	27000	822.737	631.176	0.763379
27180	1.36461e+08	1566.3	10831	1796	303	137	0	1566.3	44	124.999	0	10910.1	24009.3	0	3.30343e+06	311.817	302.454	0	27180	827.738	630.041	0.762007
27360	1.4712e+08	1438.26	10519	1208	303	139	0	1438.26	45	140.445	0	11024.1	24046.3	0	3.32778e+06	280.337	327.505	0	27360	819.799	628.908	0.760636
27540	1.05931e+08	1266.71	8512	2015	302	142	0	1266.71	45	121.606	0	11295.3	23947.4	0	2.95426e+06	314.127	328.55	0	27540	808.685	627.777	0.759268
27720	9.75669e+07	1082.78	8159	1127	298	135	0	1082.78	45	127.937	0	10730	23625.8	0	1.79675e+06	311.528	328.009	0	27720	834.434	626.648	0.757903
27900	9.73268e+07	1067.41	8229	553	303	144	0	1067.41	45	129.003	0	11471.3	24011.3	0	4.95346e+06	320.591	313.154	0	27900	808.242	625.521	0.75654
28080	4.01665e+06	399.543	906	211	303	144	0	399.543	45	40	0	11504.1	23992.1	0	635668	340.924	335.033	0	28080	833.829	624.396	0.755179
28260	6.10339e+07	951.082	6152	1070	296	141	0	951.082	45	103.313	0	11193.1	23450.9	0	2.24828e+06	317.539	329.641	0	28260	832.064	623.273	0.753821
28440	1.28174e+08	2380.83	13097	1863	292	148	0	2380.83	45	93.6287	0	11788.9	23174.2	0	3.25421e+06	308.51	342.137	0	28440	823.279	622.152	0.752466
28620	1.28739e+08	1542.21	10254	1923	296	148	0	1542.21	45	121.462	0	11793.9	23460.2	0	3.28396e+06	331.358	316.233	0	28620	825.05	621.033	0.751112
28800	1.31179e+08	1128.33	8544	1062	295	150	0	1128.33	45	156.214	0	11910.1	23373.2	0	2.67017e+06	307.16	312.761	0	28800	826.124	619.916	0.749762
