MS2-QUANT	v0j
Region DEFINITION, 05-Apr-2021
COMMENT	Outline definition performed in MS2-QUANT (Main program)
FILE	MAX_20201217_RI516_C12MS2128TkTat_001_visit_33.tif
PATH	/Volumes/EBL/20201217/
PARAMETERS
Pix-XY	Pix-Z	RI	Ex	Em	NA	dT	Type
79	600	1.458	488	521	1.4	180	widefield
ANALYSIS-SETTINGS	
IMAGING-BACKGROUND	150
LIMIT-FIT-SIGMA-XY-MIN	-60
LIMIT-FIT-SIGMA-XY-MAX	114
LIMIT-FIT-SIGMA-Z-MIN	0
LIMIT-FIT-SIGMA-Z-MAX	0
LIMIT-FIT-BGD-MIN	108
LIMIT-FIT-BGD-MAX	109
DETECTION-THRESHOLD	500
REGION	TxSite
X_POS	228	228	227	227	226	226	225	224	224	224	223	223	222	222	221	221	220	220	219	219	218	218	217	217	216	216	216	215	215	215	215	214	214	214	214	214	213	213	213	213	213	213	213	212	212	212	212	212	212	212	212	212	212	212	212	211	211	211	211	211	211	211	211	211	211	211	211	211	211	211	211	211	211	211	211	211	212	212	212	212	212	212	213	213	213	213	213	214	214	214	214	215	215	215	215	216	216	216	217	217	218	218	219	219	219	220	220	221	221	222	222	223	223	224	224	225	225	226	226	227	227	228	228	229	229	230	230	231	231	232	232	233	233	234	234	235	235	236	236	237	237	238	238	239	239	239	240	240	241	241	241	242	242	242	243	243	244	244	244	244	245	245	245	246	246	246	246	247	247	247	247	248	248	248	248	249	249	249	249	249	250	250	250	250	250	250	250	250	251	251	251	251	251	251	251	251	251	251	251	251	251	251	251	251	251	251	251	250	250	250	250	250	250	250	250	250	250	249	249	249	249	249	248	248	248	247	247	247	247	246	246	246	245	245	245	245	244	244	244	243	243	243	243	242	242	242	241	241	240	240	239	239	238	238	237	237	237	236	236	235	235	END
Y_POS	110	110	110	110	110	110	110	110	110	111	111	111	111	111	112	112	112	112	112	113	113	113	113	114	114	114	115	115	115	115	116	116	116	117	117	117	117	118	118	118	119	119	120	120	121	121	122	122	123	123	123	124	124	125	125	125	126	126	127	127	128	128	129	129	130	130	131	131	132	132	133	133	134	134	135	135	136	136	137	137	138	138	138	139	139	140	140	141	141	141	142	142	143	143	143	143	144	144	144	145	145	145	146	146	146	146	147	147	147	147	147	148	148	148	148	148	148	148	148	148	148	148	148	148	148	148	148	148	148	148	148	148	148	148	148	148	148	148	148	148	148	148	148	148	147	147	147	147	147	147	146	146	146	146	146	145	145	145	145	144	144	144	144	143	143	143	142	142	141	141	141	140	140	140	139	139	139	138	138	137	137	137	136	136	136	135	135	134	134	134	133	133	132	132	131	131	130	130	129	129	128	128	127	127	126	126	125	125	125	124	124	123	123	122	122	121	121	121	120	120	120	119	119	118	118	118	117	117	117	117	116	116	116	115	115	115	115	115	114	114	114	114	113	113	113	113	113	112	112	112	112	112	112	112	112	111	111	111	111	111	111	END
QUANTIFICATION
Time[s]	Q_Integrate	Q_AMP	Q_Sum_pix	Q_MIP_int	Pix_Y	Pix_X	Pix_Z	AMP	BGD	SigmaXY	SigmaZ	MuY	MuX	MuZ	RES	Cent_Y	Cent_X	Cent_Z	OPB_time	OPB_INT	OPB_FIT	OPB_FIT_norm
0	6.41962e+06	338.33	1151	81	123	212	0	338.33	108	54.9542	0	16906	9717	0	1.29242e+06	345.161	318.146	0	0	1018.49	1323.65	1
180	9.3413e+06	461.295	1323	313	123	212	0	461.295	108	56.7724	0	16906	9814.84	0	1.16312e+06	363.154	346.464	0	180	1031.89	1321.27	0.998202
360	1.85317e+06	761.989	1143	309	123	212	0	761.989	109	19.674	0	16815.5	9822.85	0	677798	355.039	286.072	0	360	1050.65	1318.89	0.996406
540	1.34577e+07	361.359	1430	381	123	212	0	361.359	109	77.1528	0	16748	9717	0	1.39618e+06	273.851	328.268	0	540	1053.32	1316.52	0.994615
720	38593.9	144.749	650	48	123	212	0	144.749	108	-6.5142	0	16748.1	9724.53	0	906899	314.737	250.844	0	720	1053.52	1314.16	0.992826
900	1.61892e+06	1169.86	931	0	123	212	0	1169.86	109	14.8407	0	16862.9	9717	0	968612	322.212	302.306	0	900	1033.89	1311.79	0.99104
1080	2.98406e+06	1249.94	1366	421	123	212	0	1249.94	109	19.4926	0	16828.7	9827.12	0	1.10251e+06	330.621	318.155	0	1080	1044.14	1309.43	0.989258
1260	5.69478e+06	1833.99	1711	0	123	212	0	1833.99	108	22.2305	0	16906	9796.19	0	853274	344.356	339.763	0	1260	1051.53	1307.08	0.987479
1440	913406	1086.07	614	19	123	212	0	1086.07	108	11.5694	0	16905	9794.32	0	848408	322.777	307.773	0	1440	1042.38	1304.73	0.985703
1620	1.44686e+07	191.313	1954	50	123	212	0	191.313	109	114	0	16906	9789.38	0	1.16628e+06	370.847	304.568	0	1620	996.799	1302.38	0.98393
1800	9.26045e+06	122.448	1589	152	123	212	0	122.448	109	114	0	16748	9791.38	0	1.04226e+06	331.141	356.857	0	1800	1030.96	1300.04	0.982161
1980	9.75825e+06	178.904	1557	55	123	212	0	178.904	108	94.3001	0	16906	9738.48	0	993961	367.522	329.554	0	1980	1029.45	1297.7	0.980395
2160	8.15346e+06	124.63	1200	356	123	212	0	124.63	108	104.474	0	16749	9875	0	1.0868e+06	320.729	387.01	0	2160	1029.62	1295.37	0.978632
2340	7.32282e+06	1010.09	2021	0	123	212	0	1010.09	109	33.9679	0	16748	9870.93	0	1.30153e+06	310.05	331.06	0	2340	1035.53	1293.04	0.976872
2520	1.38305e+07	182.876	1270	56	123	212	0	182.876	109	114	0	16748	9875	0	1.53708e+06	281.634	342.172	0	2520	1044.68	1290.71	0.975115
2700	1.51607e+07	200.465	1358	545	123	212	0	200.465	109	114	0	16847	9717	0	1.18646e+06	304.769	302.986	0	2700	1054.78	1288.39	0.973361
2880	1.71706e+07	227.042	1486	0	123	212	0	227.042	109	114	0	16906	9853.27	0	2.28849e+06	363.746	319.522	0	2880	1055.48	1286.07	0.971611
3060	5.42829e+06	1772	1704	0	123	212	0	1772	109	22.0806	0	16906	9874.75	0	1.43112e+06	361.528	310.909	0	3060	1044.81	1283.76	0.969863
3240	3.25364e+06	1197.98	891	599	123	212	0	1197.98	109	20.7908	0	16827.1	9805.03	0	913311	327.858	334.197	0	3240	1058.63	1281.45	0.968119
3420	3.15973e+06	1340	1794	0	123	212	0	1340	108	19.3724	0	16748	9754.41	0	841929	321.834	334.949	0	3420	1075.79	1279.15	0.966378
3600	2.1436e+06	969.988	777	0	123	212	0	969.988	108	18.7542	0	16822.8	9717	0	797812	302.384	314.915	0	3600	1050.88	1276.85	0.96464
3780	3.37137e+06	1310	1338	373	123	212	0	1310	108	20.2385	0	16802.7	9834.69	0	1.09265e+06	308.792	287.951	0	3780	1048.19	1274.55	0.962905
3960	3.85755e+06	964.891	1026	112	123	212	0	964.891	108	25.2247	0	16748	9782.84	0	978949	291.018	330.323	0	3960	1046.14	1272.26	0.961174
4140	4.85176e+06	1616	1604	104	123	212	0	1616	108	21.8594	0	16906	9875	0	699685	347.028	354.152	0	4140	1058.87	1269.97	0.959445
4320	130428	279.113	760	0	123	212	0	279.113	108	8.62393	0	16828.3	9867.12	0	723378	325.946	376.124	0	4320	1039.82	1267.69	0.95772
4500	0.104662	169.701	38	0	123	212	0	169.701	108	-0.00990746	0	16790.5	9840.51	0	524367	298.964	334.125	0	4500	1044.4	1265.41	0.955997
4680	1.31363e-05	187.863	200	0	123	212	0	187.863	108	0.000105493	0	16775.1	9747.06	0	748750	327.77	299.688	0	4680	1099.12	1263.13	0.954278
4860	3.29974e+06	1259.99	1128	234	123	212	0	1259.99	108	20.4158	0	16750.4	9717.32	0	660899	305.163	321.117	0	4860	1068.98	1260.86	0.952562
5040	1.92423	152.841	286	0	123	212	0	152.841	108	-0.0447629	0	16859.8	9773.32	0	849867	338.473	292.593	0	5040	1034.08	1258.59	0.950849
5220	910470	1044.83	471	0	123	212	0	1044.83	108	11.7766	0	16826.4	9872.09	0	856270	248.587	335.855	0	5220	1030.31	1256.33	0.949139
5400	548552	947.778	544	30	123	212	0	947.778	108	-9.59766	0	16822.8	9870.02	0	719966	261.9	402.191	0	5400	1060.4	1254.07	0.947432
5580	56088.7	213.024	117	0	123	212	0	213.024	108	-6.47342	0	16903.4	9795.7	0	668490	323.375	343.398	0	5580	1022.28	1251.81	0.945728
5760	2.30265e+06	978	746	17	123	212	0	978	108	19.3577	0	16827	9717.47	0	547847	278.837	287.499	0	5760	1031.9	1249.56	0.944027
5940	818810	756	388	0	123	212	0	756	108	13.1293	0	16781.8	9717	0	746713	291.752	329.884	0	5940	1026.93	1247.32	0.94233
6120	427625	497.684	445	0	123	212	0	497.684	108	11.694	0	16751.5	9874.99	0	446889	288.45	346.288	0	6120	1011.9	1245.07	0.940635
6300	0.185203	123.484	286	0	123	212	0	123.484	108	-0.01545	0	16809.2	9831.31	0	551507	295.788	323.376	0	6300	1035.18	1242.83	0.938943
6480	0.0277069	79.4356	364	0	123	212	0	79.4356	108	-0.00745068	0	16897	9799.28	0	571913	333.146	273.152	0	6480	1010.38	1240.6	0.937255
6660	3.24732e+06	1432.91	1417	237	123	212	0	1432.91	108	18.9917	0	16853.7	9746.63	0	913242	325.912	336.785	0	6660	1054.07	1238.37	0.935569
6840	2.51103e+06	1361.91	988	0	123	212	0	1361.91	108	17.1302	0	16906	9793.09	0	973604	358.34	377.027	0	6840	1083.43	1236.14	0.933887
7020	179980	12.3924	527	35	123	212	0	12.3924	108	48.0778	0	16825.9	9875	0	872283	378.744	354.399	0	7020	1076.43	1233.92	0.932207
7200	9.84461e+06	510.528	1930	0	123	212	0	510.528	109	55.3997	0	16748	9864.92	0	1.30789e+06	318.862	323.928	0	7200	1085.25	1231.7	0.930531
7380	9.74256e+06	128.823	764	0	123	212	0	128.823	109	114	0	16906	9875	0	1.11653e+06	380.938	354.12	0	7380	1114.82	1229.48	0.928857
7560	6.0302e+06	1736	1845	0	123	212	0	1736	109	23.5126	0	16748	9858.63	0	695222	295.209	302.034	0	7560	1070.57	1227.27	0.927187
7740	0.00186424	90.2433	426	0	123	212	0	90.2433	109	-0.00181323	0	16776.4	9874.96	0	2.03566e+06	292.366	377.224	0	7740	1126.88	1225.06	0.92552
7920	6.3189e+06	162.866	1082	0	123	212	0	162.866	109	78.7878	0	16906	9875	0	1.30945e+06	344.015	325.198	0	7920	1098.26	1222.86	0.923855
8100	9.26169e+06	529.799	1303	318	123	212	0	529.799	109	52.7476	0	16906	9875	0	1.45962e+06	338.709	329.381	0	8100	1128.25	1220.66	0.922194
8280	9.99051e+06	1063.43	2526	313	123	212	0	1063.43	109	38.6679	0	16774	9875	0	2.24666e+06	262.785	339.775	0	8280	1128.7	1218.47	0.920535
8460	4.10218e+06	302.509	1233	213	123	212	0	302.509	109	46.4567	0	16748	9717	0	2.22632e+06	341.133	312.065	0	8460	1119.23	1216.28	0.91888
8640	5.77051e+06	1334	1366	450	123	212	0	1334	109	26.2385	0	16875.3	9795.97	0	1.31327e+06	358.073	291.898	0	8640	1109.29	1214.09	0.917227
8820	4.30803e+06	1611.95	2169	39	123	212	0	1611.95	109	20.624	0	16778.7	9731.47	0	1.72823e+06	310.791	340.5	0	8820	1126.56	1211.91	0.915578
9000	2.68573e+06	1220	1191	428	123	212	0	1220	109	18.7181	0	16806.2	9813.55	0	1.19193e+06	337.262	366.844	0	9000	1147.99	1209.73	0.913931
9180	1.19692e+07	158.264	2069	0	123	212	0	158.264	109	114	0	16748	9792.95	0	1.54499e+06	308.252	316.954	0	9180	1160.41	1207.55	0.912288
9360	9.31009e+06	544.356	1576	321	123	212	0	544.356	109	52.1732	0	16906	9717	0	1.20512e+06	336.427	304.138	0	9360	1120.84	1205.38	0.910647
9540	727215	954.712	546	225	123	212	0	954.712	108	11.0105	0	16827.5	9795.62	0	991393	363.148	309.141	0	9540	1156.37	1203.21	0.909009
9720	1.05547e+07	139.561	1213	130	123	212	0	139.561	108.469	114	0	16810.4	9875	0	1.23074e+06	320.29	345.201	0	9720	1165.66	1201.05	0.907374
9900	9.66835e+06	127.841	1070	24	123	212	0	127.841	109	114	0	16906	9875	0	1.45511e+06	340.945	342.937	0	9900	1112.13	1198.89	0.905743
10080	5.86287e+06	1054.19	1787	0	123	212	0	1054.19	109	29.7513	0	16906	9811.73	0	1.76901e+06	331.753	383.808	0	10080	1121.75	1196.73	0.904114
10260	1.39585e+06	1235.14	1065	325	123	212	0	1235.14	109	13.4113	0	16827.2	9812.06	0	1.65548e+06	320.289	318.74	0	10260	1161.48	1194.58	0.902488
10440	3.9386e+06	1159.99	1824	0	123	212	0	1159.99	109	23.2464	0	16904	9818.43	0	1.05936e+06	327.146	294.85	0	10440	1122.98	1192.43	0.900865
10620	9.5636e+06	365.288	1415	75	123	212	0	365.288	109	64.5666	0	16906	9717	0	955696	358.497	279.289	0	10620	1123.75	1190.29	0.899245
10800	4.92325e+06	1272	1960	0	123	212	0	1272	109	24.8195	0	16906	9741.58	0	1.28208e+06	334.059	305.485	0	10800	1143.8	1188.15	0.897628
10980	3.4752e+06	1269.7	1473	58	123	212	0	1269.7	108	20.8713	0	16881.1	9844.04	0	794497	318.511	331.093	0	10980	1120.71	1186.01	0.896013
11160	7.24739e+06	102.853	974	146	123	212	0	102.853	109	109.167	0	16869.1	9875	0	1.64663e+06	341.643	343.13	0	11160	1159.72	1183.88	0.894402
11340	1.48637e+07	196.538	2058	227	123	212	0	196.538	108	114	0	16906	9842.96	0	1.32272e+06	342.697	364.683	0	11340	1136.34	1181.75	0.892793
11520	2.59836e+06	44.8875	586	96	123	212	0	44.8875	108	97.4464	0	16906	9875	0	854924	353.131	384.452	0	11520	1161.03	1179.62	0.891188
11700	1.85866e+07	266.671	832	321	123	212	0	266.671	108	108.454	0	16906	9875	0	1.9768e+06	378.434	392.293	0	11700	1151.95	1177.5	0.889585
11880	1.29148e+06	1315.99	954	0	123	212	0	1315.99	108.226	12.4976	0	16877.9	9717	0	1.66713e+06	279.984	255.739	0	11880	1156.86	1175.38	0.887985
12060	3.21697e+06	1122.1	1088	0	123	212	0	1122.1	108	21.3608	0	16906	9874.71	0	1.38947e+06	424.796	316.85	0	12060	1182.89	1173.27	0.886388
12240	2.10443e+06	895.925	803	0	123	212	0	895.925	108	19.3349	0	16824.3	9875	0	506865	259.988	306.982	0	12240	1168.16	1171.16	0.884794
12420	4.31811e+06	1092	1204	546	123	212	0	1092	108	25.0868	0	16858.5	9796.02	0	504917	336.681	371.173	0	12420	1188.03	1169.05	0.883203
12600	4.73927e+06	101.681	956	0	123	212	0	101.681	108	86.6699	0	16906	9717	0	989888	398.216	306.625	0	12600	1194.16	1166.95	0.881615
12780	138.969	1.33516	422	0	123	212	0	1.33516	109	4.07008	0	16755.2	9874.99	0	1.32905e+06	304.378	390.67	0	12780	1184.86	1164.85	0.880029
12960	1.91566e+06	1070	1048	0	123	212	0	1070	108	16.8802	0	16870.3	9875	0	722177	369.499	340.516	0	12960	1185.16	1162.76	0.878447
13140	0.31241	220.587	142	0	123	212	0	220.587	108	0.0150135	0	16898.2	9873.11	0	1.07373e+06	373.334	364.078	0	13140	1195.58	1160.67	0.876867
13320	1.53804e+06	932.742	523	0	123	212	0	932.742	108	16.1999	0	16828.4	9874.98	0	649727	305.973	309.626	0	13320	1177.11	1158.58	0.87529
13500	292902	628.779	599	0	123	212	0	628.779	108	8.61038	0	16826.2	9868.54	0	806004	318.719	331.414	0	13500	1189.68	1156.49	0.873716
13680	0.929948	79.6623	496	0	123	212	0	79.6623	108	-0.0431035	0	16831.8	9720.79	0	564748	276.761	331.344	0	13680	1189.24	1154.42	0.872145
13860	2.53675e+06	235.767	1131	1	123	212	0	235.767	108	41.3816	0	16777.4	9875	0	740988	299.532	328.557	0	13860	1188.71	1152.34	0.870576
14040	1.74181e+06	738	822	133	123	212	0	738	108	19.3813	0	16748	9875	0	512800	272.538	309.048	0	14040	1183.5	1150.27	0.869011
14220	6.36751	52.1744	347	0	123	212	0	52.1744	108	0.139369	0	16863.5	9717.13	0	589657	310.544	262.937	0	14220	1210.32	1148.2	0.867448
14400	686439	521.913	414	161	123	212	0	521.913	108	14.4681	0	16868	9794.81	0	601100	314.287	314.226	0	14400	1224.94	1146.13	0.865888
14580	1.64584e+06	787.858	802	105	123	212	0	787.858	108	18.2339	0	16899.9	9779.97	0	550788	352.976	310.903	0	14580	1211.36	1144.07	0.864331
14760	0.113234	122.693	143	0	123	212	0	122.693	108	-0.0121196	0	16865.1	9719.3	0	590756	335.393	348.59	0	14760	1226.91	1142.01	0.862776
14940	0.638886	99.1751	87	0	123	212	0	99.1751	108	0.0320199	0	16845.3	9844.61	0	514274	333.046	354.962	0	14940	1211.27	1139.96	0.861225
15120	1.63292e+06	115.969	560	3	123	212	0	115.969	108	47.3392	0	16906	9717	0	832457	362.471	299.387	0	15120	1208.67	1137.91	0.859676
15300	2.63655e+06	984	648	0	123	212	0	984	108	20.6505	0	16906	9717	0	534754	307.823	301.847	0	15300	1182.5	1135.86	0.85813
15480	3.84403e+06	1158	1001	258	123	212	0	1158	108	22.9852	0	16824.9	9738.92	0	496734	308.406	321.649	0	15480	1241.92	1133.82	0.856586
15660	161.254	88.4721	149	0	123	212	0	88.4721	108	0.538595	0	16900.7	9772.85	0	584517	359.302	270.072	0	15660	1214.26	1131.78	0.855046
15840	0.713746	137.051	696	0	123	212	0	137.051	108.002	-0.0287899	0	16801.1	9816.74	0	1.30981e+06	313.581	319.62	0	15840	1192.11	1129.75	0.853508
16020	0.00161645	115.224	327	0	123	212	0	115.224	108	-0.00149424	0	16794.3	9850.45	0	684285	331.503	342.871	0	16020	1199.02	1127.72	0.851973
16200	2.67867e+06	1095.86	548	0	123	212	0	1095.86	108	19.7239	0	16748	9795.97	0	727579	277.873	276.592	0	16200	1220.68	1125.69	0.850441
16380	1.92768e+06	1966.38	1162	0	123	212	0	1966.38	108	12.4909	0	16826.3	9875	0	2.02246e+06	226.124	392.242	0	16380	1218.59	1123.66	0.848912
16560	1.13125e+06	815.887	672	0	123	212	0	815.887	108	14.855	0	16906	9717	0	684336	339.726	296.735	0	16560	1231.72	1121.64	0.847385
16740	5.40883e+06	1632	1574	449	123	212	0	1632	109	22.9669	0	16871.3	9812.08	0	1.51302e+06	303.913	379.758	0	16740	1229.79	1119.63	0.845861
16920	567640	646.559	687	0	123	212	0	646.559	108	-11.8207	0	16826	9873.47	0	608737	272.457	306.009	0	16920	1198.16	1117.61	0.84434
17100	6.12795e+06	1533.87	1956	408	123	212	0	1533.87	109	25.2159	0	16853.2	9835.54	0	1.6898e+06	292.238	343.869	0	17100	1206.29	1115.6	0.842822
17280	1.85275e+07	568.63	3287	399	123	212	0	568.63	109	72.0845	0	16851	9782.03	0	2.35756e+06	309.954	320.983	0	17280	1247.59	1113.6	0.841306
17460	2.30371e+07	304.612	2941	302	123	212	0	304.612	109	114	0	16857.6	9852.81	0	3.01066e+06	343.388	329.005	0	17460	1239.95	1111.59	0.839793
17640	7.09478e+06	673.801	1978	13	123	212	0	673.801	109	40.9368	0	16883.2	9717	0	1.47573e+06	325.27	295.01	0	17640	1247.25	1109.59	0.838283
17820	9.05e+06	1654	2308	326	123	212	0	1654	109	29.5098	0	16795.9	9726.81	0	1.54112e+06	276.872	323.669	0	17820	1246.69	1107.6	0.836775
18000	1.275e+07	168.59	1037	108	123	212	0	168.59	109	114	0	16748	9717	0	1.73136e+06	287.947	323.73	0	18000	1205.73	1105.61	0.83527
18180	4.25042e+06	765.992	1797	155	123	212	0	765.992	109	29.7176	0	16877.8	9837.87	0	918298	303.817	301.861	0	18180	1231.98	1103.62	0.833768
18360	3.77455e+07	694.951	4708	1299	123	212	0	694.951	109	94.0819	0	16831.5	9792.05	0	2.13227e+06	307.185	315.936	0	18360	1235.59	1101.63	0.832269
18540	3.11232e+07	411.532	2368	310	123	212	0	411.532	109	114	0	16748	9875	0	2.99309e+06	288.733	357.98	0	18540	1247.29	1099.65	0.830772
18720	3.13103e+07	414.006	2494	0	123	212	0	414.006	109	114	0	16875.7	9717	0	2.89695e+06	345.21	309.317	0	18720	1242.18	1097.67	0.829278
18900	2.26655e+07	380.281	2807	424	123	212	0	380.281	108	99.0527	0	16779.8	9809.52	0	1.52119e+06	293.063	288.433	0	18900	1215.47	1095.7	0.827786
19080	2.06043e+07	272.444	2061	72	123	212	0	272.444	109	114	0	16906	9875	0	2.12867e+06	322.304	333.833	0	19080	1236.99	1093.73	0.826298
19260	2.41445e+07	319.255	1913	425	123	212	0	319.255	109	114	0	16794.3	9717	0	2.50569e+06	308.517	276.596	0	19260	1211.68	1091.76	0.824812
19440	1.06668e+07	1437.77	2945	752	123	212	0	1437.77	109	34.3623	0	16834.1	9833.37	0	2.25449e+06	315.35	307.977	0	19440	1229.3	1089.8	0.823328
19620	1.7512e+07	231.555	1750	0	123	212	0	231.555	109	114	0	16906	9717	0	2.12488e+06	321.464	270.077	0	19620	1211.7	1087.84	0.821848
19800	1.19354e+06	1131.23	665	88	123	212	0	1131.23	109	12.9585	0	16834.7	9720.4	0	1.23118e+06	347.535	316.838	0	19800	1239.16	1085.88	0.82037
19980	4.60889e+06	813.886	2104	139	123	212	0	813.886	109	30.0211	0	16830.9	9727.72	0	1.44413e+06	307.43	327.146	0	19980	1195.64	1083.93	0.818894
20160	4.32535e+06	1208	1820	242	123	212	0	1208	109	23.8719	0	16752.5	9854.41	0	1.21892e+06	267.732	318.794	0	20160	1195.53	1081.98	0.817422
20340	8.06918e+06	106.696	1272	0	123	212	0	106.696	109	114	0	16906	9818.36	0	1.42687e+06	341.506	305.483	0	20340	1203.77	1080.04	0.815952
20520	3.02183e+07	399.566	3221	281	123	212	0	399.566	109	114	0	16748	9727.16	0	3.00456e+06	279.562	292.477	0	20520	1163.3	1078.09	0.814484
20700	1.22234e+07	219.488	1436	0	123	212	0	219.488	109	95.3824	0	16825	9875	0	2.17005e+06	296.242	326.249	0	20700	1174.47	1076.15	0.81302
20880	1.50656e+07	1015.49	3102	482	123	212	0	1015.49	109	48.592	0	16822.1	9855.38	0	3.15791e+06	302.899	314.588	0	20880	1215.37	1074.22	0.811557
21060	2.78197e+07	367.851	2630	0	123	212	0	367.851	109	114	0	16906	9848.1	0	3.43044e+06	339.265	333.248	0	21060	1207.63	1072.29	0.810098
21240	1.40609e+07	649.073	2686	648	123	212	0	649.073	109	58.721	0	16782.8	9754.77	0	3.1193e+06	322.266	329.345	0	21240	1155.82	1070.36	0.808641
21420	8.41234e+06	1748	2338	258	123	212	0	1748	109	27.6756	0	16898	9768.06	0	2.59895e+06	354.569	348.619	0	21420	1213.14	1068.43	0.807187
21600	2.26534e+07	299.539	2209	254	123	212	0	299.539	109	114	0	16773.3	9875	0	1.61449e+06	311.041	335.273	0	21600	1207.11	1066.51	0.805735
21780	6.47954e+06	494.953	1283	82	123	212	0	494.953	109	45.6458	0	16906	9875	0	1.60319e+06	344.025	309.336	0	21780	1239.69	1064.59	0.804286
21960	1.70487e+07	225.429	1960	177	123	212	0	225.429	109	114	0	16748	9875	0	2.04255e+06	271.821	364.269	0	21960	1193.15	1062.68	0.80284
22140	2.56686e+07	339.408	2997	166	123	212	0	339.408	109	114	0	16906	9786.45	0	2.52947e+06	318.319	308.351	0	22140	1202.48	1060.77	0.801396
22320	5.12281e+06	1583.99	1350	356	123	212	0	1583.99	109	22.6876	0	16878.4	9802.64	0	2.62122e+06	320.382	289.586	0	22320	1185.1	1058.86	0.799955
22500	2.45508e+07	324.628	2545	348	123	212	0	324.628	109	114	0	16748	9875	0	3.46848e+06	300.102	324.305	0	22500	1214.12	1056.96	0.798516
22680	2.19518e+07	290.261	2205	181	123	212	0	290.261	109	114	0	16839.1	9875	0	3.31602e+06	313.136	349.83	0	22680	1233.94	1055.06	0.79708
22860	7.37257e+06	1841.99	1770	603	123	212	0	1841.99	109	25.2392	0	16785.8	9803.14	0	2.87561e+06	327.624	349.225	0	22860	1198.05	1053.16	0.795647
23040	1.18271e+07	156.386	1020	458	123	212	0	156.386	109	114	0	16748	9844.55	0	2.93524e+06	273.606	314.494	0	23040	1206.56	1051.26	0.794216
23220	2.00694e+07	265.371	1451	199	123	212	0	265.371	109	114	0	16900.7	9717	0	3.4658e+06	304.004	307.93	0	23220	1179.9	1049.37	0.792787
23400	1.39971e+07	239.384	1879	22	123	212	0	239.384	109	97.9949	0	16906	9717	0	1.46325e+06	329.419	298.509	0	23400	1178.86	1047.49	0.791362
23580	99856	592.876	884	0	123	212	0	592.876	109	-5.17744	0	16896.8	9722.51	0	3.70747e+06	353.822	269.771	0	23580	1219.29	1045.6	0.789939
23760	3.14332e+07	415.631	2025	158	123	212	0	415.631	109	114	0	16906	9717	0	2.87113e+06	359.686	298.746	0	23760	1227.06	1043.72	0.788518
23940	6.08672e+06	1818	1834	24	123	212	0	1818	109	23.0837	0	16760.5	9717	0	2.10565e+06	285.822	322.893	0	23940	1221.83	1041.85	0.7871
24120	4.51355e+07	596.812	4203	880	116	246	0	596.812	109	114	0	19547.3	9184.48	0	4.58103e+06	344.48	256.612	0	24120	1242.38	1039.97	0.785684
24300	1.08051e+07	142.872	907	117	116	246	0	142.872	109	114	0	19592	9322	0	2.23435e+06	332.498	316.113	0	24300	1212.47	1038.1	0.784271
24480	1.8139e+07	3524	4988	1762	119	241	0	3524	109	28.6219	0	19145	9470.72	0	4.1929e+06	299.011	302.279	0	24480	1211.36	1036.23	0.782861
24660	1.24092e+07	164.083	1696	324	119	241	0	164.083	109	114	0	19090.4	9559	0	2.04583e+06	311.761	276.563	0	24660	1220.55	1034.37	0.781453
24840	2.80866e+07	371.379	2052	501	119	241	0	371.379	109	114	0	19039	9559	0	2.10247e+06	294.96	379.2	0	24840	1222.74	1032.51	0.780048
25020	2.01062e+07	265.857	1431	0	119	241	0	265.857	109	114	0	19190.8	9401	0	3.73381e+06	297.234	298.277	0	25020	1249.44	1030.65	0.778645
25200	3.11186e+07	411.472	2705	46	119	241	0	411.472	109	114	0	19137.1	9401	0	2.78071e+06	314.935	274.487	0	25200	1228.09	1028.8	0.777245
25380	6.51196e+06	1456	1778	194	119	241	0	1456	109	26.68	0	19189.3	9508.05	0	1.25314e+06	328.771	290.439	0	25380	1238.93	1026.95	0.775847
25560	1.93101e+07	255.332	852	0	119	241	0	255.332	109	114	0	19197	9401	0	1.95105e+06	346.201	223.626	0	25560	1221.39	1025.1	0.774452
25740	2.25119e+07	297.668	1158	93	119	241	0	297.668	109	114	0	19039	9401	0	2.02629e+06	298.645	285.053	0	25740	1229.03	1023.26	0.773059
25920	1.02571e+07	1954	2839	0	119	241	0	1954	109	28.9042	0	19039	9448.09	0	2.07079e+06	309.504	308.244	0	25920	1260.19	1021.42	0.771669
26100	9.6064e+06	716.832	2276	410	119	241	0	716.832	109	46.183	0	19058	9402.44	0	1.35499e+06	346.125	275.049	0	26100	1206.99	1019.58	0.770281
26280	2.91643e+07	385.63	3146	440	119	241	0	385.63	109	114	0	19168.6	9475.73	0	3.77139e+06	328.045	284.667	0	26280	1269.75	1017.75	0.768896
26460	2.17475e+07	287.56	1790	189	119	241	0	287.56	109	114	0	19039	9476	0	1.99524e+06	293.754	285.936	0	26460	1258.26	1015.92	0.767513
26640	1.56359e+07	223.39	1254	0	119	241	0	223.39	108	108.729	0	19039	9559	0	2.54926e+06	283.082	321.077	0	26640	1293.4	1014.09	0.766133
26820	2.16767e+07	286.624	1973	60	119	241	0	286.624	109	114	0	19039	9401.64	0	1.8503e+06	268.741	311.638	0	26820	1274.91	1012.27	0.764755
27000	5.2591e+06	1464	1480	574	119	241	0	1464	109	23.9109	0	19083	9475.71	0	1.97947e+06	306.008	316.576	0	27000	1254.42	1010.45	0.763379
27180	6.28424e+06	1968	2068	0	119	241	0	1968	109	22.5436	0	19039.3	9549.26	0	1.15405e+06	270.024	320.237	0	27180	1303.35	1008.63	0.762007
27360	6.52274e+06	1565.99	1879	394	119	241	0	1565.99	109	25.7472	0	19150.9	9440.01	0	1.99009e+06	260.69	298.282	0	27360	1306.09	1006.82	0.760636
27540	1.79533e+06	1675.99	783	0	119	241	0	1675.99	109	13.0571	0	19040.6	9425.67	0	2.27894e+06	317.996	286.164	0	27540	1304.88	1005.01	0.759268
27720	2.21635e+07	293.061	1544	94	119	241	0	293.061	109	114	0	19039	9473.88	0	1.58123e+06	273.606	307.052	0	27720	1297.96	1003.2	0.757903
27900	2.53548e+07	335.258	3051	258	119	241	0	335.258	108	114	0	19149.7	9467.38	0	1.15525e+06	322.536	288.104	0	27900	1316.27	1001.39	0.75654
28080	2.31502e+06	955.527	1274	0	119	241	0	955.527	108.584	19.6366	0	19118.2	9401	0	915485	282.462	295.608	0	28080	1326.99	999.594	0.755179
28260	3.34016e+07	441.658	2983	815	119	241	0	441.658	108	114	0	19039	9444.32	0	2.76332e+06	241.759	310.843	0	28260	1317.23	997.796	0.753821
28440	2.25906e+07	298.708	1824	561	119	241	0	298.708	109	114	0	19039	9401	0	2.54496e+06	254.86	271.267	0	28440	1291.95	996.002	0.752466
28620	1.15006e+07	152.069	1635	116	119	241	0	152.069	109	114	0	19039	9401	0	1.73301e+06	266.287	282.157	0	28620	1357.59	994.211	0.751112
28800	1.54831e+07	204.728	620	0	119	241	0	204.728	109	114	0	19039	9401	0	3.54638e+06	275.352	309.166	0	28800	1320.28	992.423	0.749762
