MS2-QUANT	v0j
Region DEFINITION, 05-Apr-2021
COMMENT	Outline definition performed in MS2-QUANT (Main program)
FILE	MAX_20201217_RI516_C12MS2128TkTat_001_visit_19.tif
PATH	/Volumes/EBL/20201217/
PARAMETERS
Pix-XY	Pix-Z	RI	Ex	Em	NA	dT	Type
79	600	1.458	488	521	1.4	180	widefield
ANALYSIS-SETTINGS	
IMAGING-BACKGROUND	150
LIMIT-FIT-SIGMA-XY-MIN	31
LIMIT-FIT-SIGMA-XY-MAX	149
LIMIT-FIT-SIGMA-Z-MIN	0
LIMIT-FIT-SIGMA-Z-MAX	0
LIMIT-FIT-BGD-MIN	37
LIMIT-FIT-BGD-MAX	38
DETECTION-THRESHOLD	500
REGION	TxSite
X_POS	205	204	204	204	204	204	203	203	203	203	203	202	202	202	202	201	201	201	201	200	200	200	200	199	199	199	198	198	198	197	197	197	197	196	196	195	195	195	195	194	194	194	193	193	193	192	192	192	191	191	191	190	190	190	189	189	189	188	188	188	187	187	186	186	186	185	185	185	184	184	183	183	183	182	182	181	181	180	180	179	179	178	178	177	177	176	176	175	175	174	174	173	173	172	172	172	171	171	171	170	170	170	169	169	168	168	168	168	167	167	167	166	166	165	165	164	164	164	164	163	163	163	163	163	162	162	162	162	162	161	161	161	160	160	160	160	160	160	159	159	159	159	159	159	159	158	158	158	158	158	158	158	157	157	157	156	156	156	155	155	154	154	153	153	153	152	152	151	151	150	150	150	149	149	148	148	147	147	146	146	145	145	145	145	144	144	143	143	143	143	143	143	143	143	143	143	143	144	144	144	144	144	145	145	145	146	146	147	147	148	148	149	149	149	149	150	150	150	151	151	151	152	152	152	153	153	153	154	154	155	155	156	156	157	157	158	158	159	159	160	160	160	161	161	161	162	162	162	163	163	163	163	164	164	165	165	165	165	166	166	166	167	167	167	167	167	168	168	168	168	169	169	169	169	169	170	170	170	170	171	171	171	171	172	172	172	172	173	173	173	173	173	174	174	174	174	175	175	175	176	176	176	177	177	177	178	178	178	178	179	179	179	180	180	180	181	181	181	181	181	182	182	182	183	183	183	183	184	184	184	185	185	185	185	186	186	186	187	187	187	188	188	188	188	189	189	189	189	190	190	190	191	191	191	192	192	192	193	193	193	194	194	194	195	195	196	196	197	197	198	198	198	199	199	200	200	201	201	202	203	203	204	204	204	205	205	206	206	207	207	207	208	208	208	208	209	209	209	209	210	210	210	210	210	210	210	210	210	210	210	210	210	210	210	210	210	210	210	211	211	211	211	211	211	211	212	212	212	212	213	213	213	213	214	214	215	215	215	216	216	217	217	218	218	219	219	219	220	220	221	221	222	222	223	223	224	224	224	225	225	226	226	227	227	227	228	228	229	229	230	230	231	231	232	232	232	233	233	233	234	234	235	235	236	236	237	237	237	238	238	238	239	239	239	239	240	240	240	241	241	241	241	241	242	242	242	242	243	243	243	243	243	243	243	244	244	244	244	244	244	244	244	244	244	244	244	244	244	244	244	244	244	244	244	243	243	243	243	243	242	242	242	242	241	241	241	240	240	240	239	239	239	238	238	238	237	237	237	236	236	235	235	235	234	234	233	233	232	232	232	231	231	230	229	229	228	228	227	227	226	226	225	225	224	224	223	223	222	222	221	221	220	220	219	219	218	218	217	217	216	216	215	215	214	214	213	213	212	212	211	211	211	210	210	210	209	209	208	208	END
Y_POS	73	73	73	73	72	72	72	71	71	71	70	70	70	70	69	69	69	68	68	68	67	67	67	67	66	66	66	66	65	65	65	65	64	64	64	64	63	63	63	63	63	62	62	62	62	62	61	61	61	61	61	61	60	60	60	60	59	59	59	59	59	59	59	58	58	58	58	58	58	58	58	57	57	57	57	57	57	57	57	57	57	57	57	57	57	57	57	57	57	57	57	58	58	58	58	58	58	58	59	59	59	59	59	59	59	60	60	60	60	60	61	61	61	62	62	62	63	63	63	63	64	64	64	65	65	65	65	66	66	66	67	67	67	68	68	68	69	69	69	70	70	71	71	72	72	72	73	73	74	74	74	75	75	76	76	76	76	76	76	76	76	76	76	76	77	77	77	77	77	77	77	77	77	77	77	77	77	78	78	78	78	78	78	79	79	79	79	79	80	80	81	81	82	82	83	83	84	84	84	85	85	85	85	86	86	86	86	86	86	86	86	86	85	85	85	85	84	84	84	83	83	83	83	82	82	82	82	82	82	82	82	82	82	82	82	82	82	82	82	82	82	82	82	83	83	83	83	83	83	83	84	84	85	85	86	86	86	87	87	87	88	88	88	89	89	89	89	90	90	91	91	91	92	92	93	93	93	94	94	94	95	95	95	95	96	96	96	96	97	97	97	98	98	98	98	99	99	99	100	100	100	100	100	101	101	101	102	102	102	102	103	103	103	104	104	104	104	104	105	105	105	106	106	106	106	107	107	107	108	108	109	109	109	110	110	110	111	111	111	112	112	112	113	113	113	114	114	114	114	115	115	115	115	116	116	116	116	116	117	117	117	117	117	118	118	118	118	118	118	118	118	119	119	119	119	119	119	119	120	120	120	120	120	120	120	120	120	120	120	120	120	120	120	119	119	119	118	118	118	118	117	117	116	116	116	115	115	114	114	113	113	112	112	111	111	110	110	109	109	109	108	108	108	107	107	107	106	106	106	106	105	105	104	104	104	103	103	103	103	102	102	102	102	101	101	101	101	100	100	100	100	100	100	100	100	100	99	99	99	99	99	99	99	99	99	99	99	99	99	99	99	99	99	99	99	98	98	98	98	97	97	97	97	97	96	96	96	96	95	95	95	95	94	94	94	94	94	93	93	93	93	92	92	92	91	91	91	90	90	90	89	89	88	88	88	87	87	87	86	86	85	85	84	84	83	83	82	82	81	81	81	80	80	79	79	79	78	78	77	77	77	76	76	76	76	75	75	75	75	75	75	74	74	74	74	74	74	73	73	73	73	73	73	73	73	73	72	72	72	72	72	72	72	72	72	72	72	72	72	72	72	72	72	72	72	72	72	72	72	72	72	72	73	73	73	73	73	73	73	73	73	73	73	73	73	73	73	73	73	73	74	74	74	74	74	74	74	74	74	END
QUANTIFICATION
Time[s]	Q_Integrate	Q_AMP	Q_Sum_pix	Q_MIP_int	Pix_Y	Pix_X	Pix_Z	AMP	BGD	SigmaXY	SigmaZ	MuY	MuX	MuZ	RES	Cent_Y	Cent_X	Cent_Z	OPB_time	OPB_INT	OPB_FIT	OPB_FIT_norm
0	1.98285e+06	57.5891	129	65	81	177	0	57.5891	37	74.129	0	14141	6439.94	0	178114	390.404	318.655	0	0	673.376	692.325	1
180	995566	164.879	211	153	81	177	0	164.879	37	31.0001	0	14061.9	6490.73	0	176406	346.487	315.777	0	180	677.728	688.446	0.994398
360	418432	69.2838	241	47	81	177	0	69.2838	37	31.0032	0	14024.9	6548.47	0	96420.9	242.6	286.506	0	360	673.191	684.686	0.988966
540	1.27908e+06	211.833	395	0	81	177	0	211.833	37	31	0	14141	6549.92	0	86508.4	376.28	379.316	0	540	673.247	681.039	0.983699
720	1.90562e+06	315.598	466	0	81	177	0	315.598	37	31	0	14095.2	6557	0	110179	336.212	295.508	0	720	682.701	677.502	0.978589
900	1.07399e-09	1.77867e-13	6	0	81	177	0	1.77867e-13	37	31	0	14141	6557	0	76074	226.684	292.102	0	900	673.464	674.068	0.973629
1080	1.15299e+06	190.95	281	0	81	177	0	190.95	37	31	0	14074.2	6557	0	71465.4	308.547	362.885	0	1080	680.235	670.734	0.968814
1260	569601	94.3338	222	0	81	177	0	94.3338	37	31	0	13983	6404.15	0	120155	286.401	258.035	0	1260	680.088	667.497	0.964138
1440	2.93486e+06	138.301	312	41	81	177	0	138.301	37	58.1181	0	14085.9	6557	0	167916	336.024	387.594	0	1440	669.436	664.351	0.959594
1620	287899	47.3573	88	0	81	177	0	47.3573	38	31.1055	0	14141	6478.36	0	284402	328.355	280.729	0	1620	682.655	661.293	0.955177
1800	2.51679e+06	384.122	650	51	81	177	0	384.122	38	32.2923	0	13983	6451.34	0	246317	252.287	359.963	0	1800	665.966	658.319	0.950882
1980	2.4365e-06	4.03519e-10	95	0	81	177	0	4.03519e-10	37	31	0	13983	6557	0	293322	264.767	346.217	0	1980	664.054	655.427	0.946704
2160	854260	141.477	223	0	81	177	0	141.477	37	31	0	14126.7	6557	0	303066	336.251	335.637	0	2160	647.677	652.612	0.942638
2340	844497	139.86	235	111	81	177	0	139.86	37	31	0	14095.5	6478.5	0	94229.4	323.927	248.59	0	2340	644.108	649.871	0.938679
2520	1.22927e+06	203.584	331	0	81	177	0	203.584	37	31	0	13983	6417.32	0	168322	377.002	286.162	0	2520	647.726	647.202	0.934824
2700	1.25154e+06	42.7803	223	17	81	177	0	42.7803	37	68.2709	0	13992.5	6399	0	202982	287.841	289.731	0	2700	649.738	644.601	0.931067
2880	737406	122.124	252	0	81	177	0	122.124	37	31	0	14141	6550.69	0	158406	327.058	313.036	0	2880	650.853	642.065	0.927405
3060	778065	128.857	254	49	81	177	0	128.857	37	31.0002	0	13991.9	6399	0	268008	297.935	350.098	0	3060	647.781	639.593	0.923833
3240	496943	15.8411	131	0	81	177	0	15.8411	37	70.7163	0	13983	6399	0	146266	274.905	251.744	0	3240	656.373	637.18	0.920348
3420	3.93202e+06	55.9745	363	34	81	177	0	55.9745	37	108.964	0	13983	6399	0	211062	265.924	305.424	0	3420	627.889	634.826	0.916947
3600	2.148e+06	355.738	438	41	81	177	0	355.738	37	31	0	14141	6557	0	124236	305.932	307.792	0	3600	639.517	632.526	0.913626
3780	370815	61.412	272	0	81	177	0	61.412	37	31	0	14106	6399.51	0	123467	383.268	320.251	0	3780	630.63	630.28	0.910382
3960	2.43515e+06	403.295	515	0	81	177	0	403.295	37	31	0	14141	6528.06	0	86247.2	372.913	314.75	0	3960	601.38	628.085	0.907212
4140	1.0537e+06	174.507	435	0	81	177	0	174.507	37	31	0	13983	6476.41	0	167751	268.296	285.099	0	4140	580.341	625.939	0.904112
4320	2.5556e+06	423.244	536	0	81	177	0	423.244	37.2154	31	0	14110.6	6399	0	164872	285.398	307.474	0	4320	608.243	623.84	0.901079
4500	570799	94.532	235	0	81	177	0	94.532	37	31	0	13983	6399	0	171732	323.622	279.606	0	4500	623.349	621.785	0.898112
4680	7.01546e+06	129.84	637	131	81	177	0	129.84	38	93.8145	0	14013.4	6557	0	217104	282.344	342.7	0	4680	621.11	619.774	0.895207
4860	5.94735e+06	906.826	1411	0	81	177	0	906.826	38	32.308	0	14141	6511.06	0	374932	322.354	292.406	0	4860	640.248	617.805	0.892362
5040	2.73097e+06	452.287	578	232	81	177	0	452.287	38	31	0	14088.4	6497.94	0	271779	316.633	253.956	0	5040	620.104	615.875	0.889575
5220	9.75617e+06	88.6354	543	180	81	177	0	88.6354	37	149	0	14141	6399	0	489985	349.787	274.782	0	5220	620.091	613.983	0.886842
5400	324556	53.7487	159	0	81	177	0	53.7487	37	31.0006	0	14022.3	6401.12	0	110961	290.747	317.82	0	5400	623.911	612.128	0.884162
5580	1.28728e+06	213.192	418	18	81	177	0	213.192	37	31	0	14141	6530.29	0	95430	289.55	282.001	0	5580	620.382	610.308	0.881534
5760	1.04321e+06	172.77	288	0	81	177	0	172.77	37	31	0	13995.7	6399.5	0	114526	243.081	311.842	0	5760	617.146	608.521	0.878953
5940	197.59	0.0327198	126	56	81	177	0	0.0327198	37	31.0018	0	13983.8	6402.89	0	209278	179.243	398.48	0	5940	620.549	606.767	0.87642
6120	1.73373e+06	108.172	296	30	81	177	0	108.172	37	50.5061	0	13983	6399	0	140601	316.843	260.656	0	6120	619.922	605.045	0.873931
6300	4.19434e+06	64.8135	329	0	81	177	0	64.8135	38	103.816	0	14141	6423.64	0	387354	376.338	328.992	0	6300	600.059	603.352	0.871486
6480	2.90038e+06	55.1545	289	59	81	177	0	55.1545	37	92.4415	0	13983	6399	0	146480	267.426	307.345	0	6480	594.406	601.687	0.869082
6660	1.31434e+06	41.7272	206	0	81	177	0	41.7272	37	70.8619	0	13992.7	6399	0	150950	324.219	299.604	0	6660	586.041	600.05	0.866718
6840	2.31169e+06	382.846	677	45	81	177	0	382.846	38	31.0001	0	14137.3	6399	0	275793	334.877	289.503	0	6840	593.82	598.44	0.864392
7020	1.95046e+06	323.022	355	0	81	177	0	323.022	37	31	0	14061.2	6399	0	228542	288.64	257.451	0	7020	587.075	596.855	0.862102
7200	1.27739e+07	116.051	1001	0	81	177	0	116.051	38	149	0	14141	6399	0	445033	335.079	288.23	0	7200	596.9	595.294	0.859848
7380	6.64132e+06	176.549	1024	150	81	177	0	176.549	37	77.5497	0	14037.8	6433.57	0	266246	347.554	287.434	0	7380	579.118	593.757	0.857628
7560	3.08598e+07	315.791	1730	641	81	177	0	315.791	37.9999	135.644	0	14141	6409.67	0	715013	375.684	284.638	0	7560	588.381	592.243	0.85544
7740	6.09472e+07	757.518	5139	830	81	177	0	757.518	37.0001	118.569	0	14074.8	6488.97	0	1.64689e+06	324.401	319.519	0	7740	626.121	590.75	0.853284
7920	5.09294e+07	830.126	4878	1188	83	179	0	830.126	38	100.686	0	14220.8	6605.23	0	1.16757e+06	325.659	288.166	0	7920	604.534	589.277	0.851157
8100	6.01085e+07	1035.63	5926	995	76	183	0	1035.63	38	97.5911	0	14512	6101.73	0	1.16821e+06	295.361	332.792	0	8100	599.452	587.825	0.84906
8280	6.38721e+06	78.3794	822	0	76	183	0	78.3794	37	119.557	0	14457	6072.59	0	332148	287.247	282.37	0	8280	590.923	586.392	0.84699
8460	4.65222e+06	42.2657	239	29	76	183	0	42.2657	37	149	0	14457	6162	0	278125	263.323	336.965	0	8460	592.365	584.978	0.844947
8640	5.05073e+06	521.006	994	289	76	183	0	521.006	38	39.2795	0	14527.9	6117.45	0	641902	270.23	344.47	0	8640	586.149	583.581	0.842929
8820	1.75549e+06	290.734	508	55	76	183	0	290.734	38	31	0	14608.6	6067.12	0	387325	403.057	343.667	0	8820	575.03	582.201	0.840937
9000	3.63047e+06	601.257	787	322	76	183	0	601.257	37	31	0	14568.7	6087.93	0	148270	323.638	357.268	0	9000	590.624	580.838	0.838968
9180	5.39527e+06	120.978	279	7	76	183	0	120.978	37	84.6832	0	14457	6120.54	0	355195	251.855	291.954	0	9180	583.642	579.491	0.837022
9360	5.88708e+06	77.2497	515	13	76	183	0	77.2497	37	114.547	0	14457	6162	0	456794	250.309	334.079	0	9360	575.586	578.159	0.835098
9540	734658	121.603	353	59	76	183	0	121.603	38	31.0085	0	14476.6	6159.3	0	295234	233.257	332.178	0	9540	578.923	576.842	0.833195
9720	2.06656e+06	342.251	515	75	76	183	0	342.251	38	31	0	14475.9	6090.18	0	389712	321.824	305.022	0	9720	576.95	575.538	0.831312
9900	3.33842e+06	552.888	837	80	76	183	0	552.888	38	31	0	14462.7	6120.59	0	656344	243.434	310.628	0	9900	574.34	574.249	0.82945
10080	6.29722e+06	57.2105	374	64	76	183	0	57.2105	38	149	0	14457	6162	0	508094	290.142	313.41	0	10080	582.03	572.972	0.827606
10260	1.20969e+06	42.6987	269	36	76	183	0	42.6987	38	67.1771	0	14552.4	6004	0	235197	318.713	304.287	0	10260	559.243	571.708	0.82578
10440	1.03311e+06	171.098	289	0	76	183	0	171.098	38	31	0	14615	6091.3	0	287041	328.074	310.787	0	10440	562.783	570.456	0.823972
10620	1.33322e+07	206.279	1685	72	76	183	0	206.279	38	103.74	0	14581.4	6121.68	0	534830	344.441	344.883	0	10620	569.459	569.216	0.822181
10800	1.01696e+07	156.086	526	2	76	183	0	156.086	37.0002	104.225	0	14457	6007.49	0	512046	250.833	273.778	0	10800	555.568	567.988	0.820406
10980	4.20433e+06	38.1965	313	0	76	183	0	38.1965	38	149	0	14457	6162	0	802001	245.752	353.691	0	10980	551.404	566.77	0.818647
11160	438354	29.5092	35	0	76	183	0	29.5092	37	48.6233	0	14615	6004	0	160332	368.275	307.19	0	11160	567.258	565.562	0.816903
11340	2.82836e+06	468.415	598	113	76	183	0	468.415	38	31	0	14615	6005.18	0	228637	316.36	302.37	0	11340	566.881	564.365	0.815174
11520	1.52977e+08	2249.53	13849	2422	79	172	0	2249.53	38	106.876	0	13691.2	6339.18	0	3.62167e+06	328.851	336.588	0	11520	550.484	563.178	0.813459
11700	1.18156e+08	1523.42	10217	1300	78	177	0	1523.42	38	115.821	0	14041.9	6242.33	0	2.02306e+06	303.245	321.718	0	11700	553.635	562	0.811757
11880	1.46404e+08	1339.57	9533	1667	76	177	0	1339.57	37	148.119	0	14088	6099.44	0	3.4487e+06	338.282	328.789	0	11880	557.059	560.831	0.810069
12060	6.26904e+07	744.814	5726	534	80	181	0	744.814	38	122.13	0	14372.1	6372.58	0	1.1922e+06	307.309	296.579	0	12060	543.261	559.671	0.808393
12240	1.92853e+08	2605	17536	2057	75	182	0	2605	37.0001	112.502	0	14468.3	6001.1	0	3.70761e+06	325.137	310.399	0	12240	552.246	558.519	0.80673
12420	1.1645e+08	1092.57	8864	918	75	182	0	1092.57	38	145.101	0	14467.2	6020.66	0	2.97019e+06	323.603	324.522	0	12420	552.595	557.376	0.805078
12600	1.27245e+08	1966.25	11327	2021	74	181	0	1966.25	38	103.816	0	14350.7	5907.4	0	2.1989e+06	308.01	309.533	0	12600	556.71	556.24	0.803438
12780	2.18245e+08	2587.16	17417	1909	75	183	0	2587.16	37	122.311	0	14520.2	6018.96	0	5.22088e+06	311.791	334.24	0	12780	547.173	555.113	0.801809
12960	2.44257e+08	3168.21	20443	3266	72	182	0	3168.21	38	115.384	0	14474.7	5751.22	0	6.6078e+06	337.829	316.999	0	12960	547.283	553.992	0.800191
13140	1.77595e+08	2324.96	14092	2487	69	179	0	2324.96	37	114.714	0	14259.7	5539.23	0	5.05771e+06	354.542	328.976	0	13140	530.863	552.879	0.798583
13320	1.11701e+08	1182.2	8862	983	73	175	0	1182.2	37.0001	132.327	0	13940	5841.48	0	2.18093e+06	341.521	318.075	0	13320	544.607	551.773	0.796986
13500	1.34039e+08	1217.75	9108	1091	75	180	0	1217.75	38	149	0	14284.7	5976.56	0	1.8049e+06	312.637	301.808	0	13500	539.916	550.673	0.795397
13680	2.61226e+08	3076.77	20880	2731	71	181	0	3076.77	38	122.839	0	14395	5705.63	0	5.68503e+06	335.43	318.966	0	13680	531.788	549.581	0.793819
13860	2.48788e+08	2783.25	19118	2982	73	183	0	2783.25	37.9999	127.224	0	14536.1	5844.74	0	3.4005e+06	319.337	315.523	0	13860	557.207	548.494	0.792249
14040	1.68283e+08	1528.86	11384	1390	67	183	0	1528.86	38	149	0	14540.9	5406.66	0	3.31735e+06	322.485	341.276	0	14040	543.14	547.413	0.790689
14220	1.22151e+08	1132.59	8065	1681	69	180	0	1132.59	38	146.506	0	14291.9	5537.11	0	2.30451e+06	317.932	320.896	0	14220	543.724	546.339	0.789136
14400	1.04932e+08	1145.53	7898	1067	80	181	0	1145.53	37.0124	129.423	0	14389.5	6377.94	0	1.75534e+06	322.326	305.71	0	14400	534.21	545.27	0.787592
14580	1.5833e+08	2367.55	13521	1919	83	184	0	2367.55	37.0002	105.826	0	14645.8	6674.4	0	3.60569e+06	345.795	352.603	0	14580	534.426	544.207	0.786057
14760	8.23032e+07	975.432	6983	851	85	186	0	975.432	37.0001	122.33	0	14735	6776.45	0	2.45451e+06	283.737	306.543	0	14760	548.578	543.149	0.784529
14940	1.8323e+08	1719.52	13076	1986	86	189	0	1719.52	38	145.074	0	15014.1	6880.03	0	2.5042e+06	326.074	321.847	0	14940	534.85	542.096	0.783008
15120	7.45245e+07	1401.07	8088	751	86	189	0	1401.07	38	93.0169	0	15028.9	6881.87	0	1.93284e+06	315.107	337.477	0	15120	534.378	541.049	0.781495
15300	1.86571e+08	2788.83	15925	2527	88	187	0	2788.83	38	105.848	0	14889.8	6994.58	0	2.566e+06	345.157	293.201	0	15300	530.776	540.006	0.779989
15480	1.84474e+08	1812.29	13350	2461	84	186	0	1812.29	37.0002	139.912	0	14825	6705.1	0	4.57921e+06	361.164	307.273	0	15480	529.653	538.968	0.778491
15660	1.08573e+08	1401.6	9405	1035	82	185	0	1401.6	37.9999	115.73	0	14717.1	6541.36	0	2.0167e+06	332.158	307.195	0	15660	537.347	537.935	0.776998
15840	5.77401e+07	1044.45	5706	930	83	184	0	1044.45	38	94.9979	0	14648.1	6634.42	0	2.12806e+06	323.798	341.377	0	15840	517.11	536.907	0.775513
16020	9.15449e+07	1467.36	9655	1606	86	184	0	1467.36	37.9999	101.651	0	14614.3	6870.96	0	2.27385e+06	323.68	321.278	0	16020	531.373	535.883	0.774034
16200	1.03456e+08	939.901	6777	907	89	179	0	939.901	38	149	0	14209.5	7054.66	0	1.89425e+06	299.62	284.94	0	16200	538.314	534.863	0.772561
16380	9.15428e+07	903.052	6430	757	89	181	0	903.052	37.0001	139.466	0	14348.6	7151.04	0	2.48881e+06	290.099	351.628	0	16380	541.63	533.848	0.771094
16560	1.11481e+08	1397.83	9644	1680	89	184	0	1397.83	38	117.9	0	14611.8	7113.36	0	2.84078e+06	299.693	331.543	0	16560	534.885	532.836	0.769633
16740	1.35489e+08	1836.15	12898	1707	89	181	0	1836.15	37.9999	112.274	0	14387.8	7122.46	0	3.46929e+06	326.827	319.893	0	16740	528.036	531.829	0.768178
16920	1.03781e+08	1208.85	7993	1772	88	183	0	1208.85	38	123.759	0	14524.6	7019.71	0	1.92515e+06	302.26	303.15	0	16920	535.88	530.825	0.766728
17100	1.33155e+08	1812.09	10825	1606	89	182	0	1812.09	38	111.986	0	14482	7143.39	0	2.42831e+06	318.142	337.264	0	17100	527.466	529.825	0.765284
17280	7.98722e+07	1296.29	7672	1763	89	188	0	1296.29	38	100.932	0	14917	7139.82	0	2.58674e+06	291.127	344.823	0	17280	523.885	528.829	0.763846
17460	7.97531e+07	1192	7265	1330	91	187	0	1192	38	105.855	0	14864.9	7300.72	0	1.88339e+06	332.038	354.428	0	17460	530.676	527.837	0.762412
17640	3.41408e+08	3672.09	25757	3521	95	190	0	3672.09	37.0001	130.799	0	15081.6	7574.48	0	8.3878e+06	303.753	319.291	0	17640	522.448	526.848	0.760984
17820	1.9192e+08	1743.6	13101	2386	95	192	0	1743.6	38	149	0	15229.5	7557.77	0	5.14184e+06	296.034	298.049	0	17820	536.888	525.863	0.759561
18000	1.32448e+08	1658.1	10616	1724	88	191	0	1658.1	38	118.02	0	15208.7	7051.48	0	2.56535e+06	343.916	344.492	0	18000	528.287	524.881	0.758142
18180	3.47047e+06	177.09	505	0	88	191	0	177.09	38	55.8491	0	15089	7110	0	317925	232.33	270.461	0	18180	535.621	523.902	0.756728
18360	4.07304e+06	674.553	973	65	88	191	0	674.553	38	31	0	15246.3	7104.89	0	225771	275.376	280.967	0	18360	527.445	522.926	0.755319
18540	725568	120.164	234	0	88	191	0	120.164	37	31	0	15167.7	6952	0	77043.9	317.803	237.429	0	18540	528.18	521.954	0.753915
18720	5.63255e+06	51.1719	291	48	88	191	0	51.1719	38	149	0	15089	7110	0	389494	295.754	376.183	0	18720	525.026	520.985	0.752515
18900	2.0472e+06	87.3207	474	25	88	191	0	87.3207	37	61.091	0	15089	6982.24	0	249863	325.008	372.247	0	18900	528.221	520.019	0.751119
19080	2.45527e+06	135.515	439	125	88	191	0	135.515	38	53.6995	0	15247	7031.72	0	374201	319.381	314.752	0	19080	516.751	519.056	0.749728
19260	1.06187e+08	989.717	6935	1189	103	196	0	989.717	37.0001	145.882	0	15534.1	8249.66	0	2.39899e+06	293.451	337.949	0	19260	508.429	518.095	0.748341
19440	7.42365e+06	165.061	770	155	103	196	0	165.061	38	85.0586	0	15558.5	8295	0	446197	329.342	363.387	0	19440	519.684	517.138	0.746958
19620	1.97393e+08	2420.05	15644	2052	107	203	0	2420.05	37.9996	119.628	0	16101.4	8485.46	0	4.71289e+06	302.805	276.391	0	19620	511.876	516.183	0.745579
19800	2.17701e+08	1981.17	15022	1566	104	196	0	1981.17	37	148.79	0	15571.1	8336.06	0	5.25755e+06	320.716	345.499	0	19800	505.983	515.231	0.744204
19980	1.36818e+08	1533.22	10833	858	103	198	0	1533.22	37.9903	127.074	0	15736.8	8183.77	0	4.14609e+06	332.329	293.726	0	19980	513.724	514.282	0.742833
20160	1.65946e+08	2140.99	13378	2122	102	196	0	2140.99	38	115.773	0	15522.4	8129.78	0	3.03655e+06	282.255	319.23	0	20160	510.091	513.336	0.741466
20340	2.23371e+08	2573.52	16912	2725	101	199	0	2573.52	37	124.679	0	15839	8065.55	0	2.4898e+06	351.751	329.781	0	20340	508.869	512.392	0.740103
20520	1.2789e+08	1421.64	10083	1604	100	199	0	1421.64	37	127.79	0	15792.9	8002	0	3.27308e+06	315.444	337.785	0	20520	494.911	511.45	0.738743
20700	2.46071e+07	271.025	1615	0	100	199	0	271.025	38	128.617	0	15721	7900	0	1.29995e+06	280.953	239.23	0	20700	498.787	510.512	0.737387
20880	3.16233e+07	287.299	1313	0	100	199	0	287.299	38	149	0	15879	7900	0	1.50909e+06	370.713	266.656	0	20880	498.357	509.575	0.736035
21060	2.08125e+07	189.083	1166	298	100	199	0	189.083	38	149	0	15795.3	7900	0	831316	307.921	282.261	0	21060	496.651	508.642	0.734686
21240	1.68484e+07	153.069	821	0	100	199	0	153.069	38	149	0	15721	7900	0	894977	306.946	288.97	0	21240	495.794	507.71	0.733341
21420	5.95956e+07	932.462	6383	453	98	198	0	932.462	37.9999	103.07	0	15734.3	7842.61	0	1.58909e+06	315.033	334.922	0	21420	496.828	506.781	0.731999
21600	6.98686e+07	882.47	6272	702	97	201	0	882.47	38	117.35	0	15959.4	7779.11	0	1.73432e+06	298.377	341.814	0	21600	487.396	505.854	0.73066
21780	7.66365e+07	976.293	6077	725	100	199	0	976.293	37.9999	116.708	0	15838.2	7933.46	0	2.15507e+06	333.056	282.595	0	21780	505.48	504.93	0.729325
21960	1.13451e+08	1572.41	9926	1634	98	201	0	1572.41	37	110.741	0	15945.2	7847.14	0	1.58762e+06	297.061	334.884	0	21960	507.907	504.008	0.727993
22140	2.37462e+07	215.735	901	0	98	201	0	215.735	37.7582	149	0	15879	7862.07	0	1.23026e+06	201.661	348.079	0	22140	500.505	503.088	0.726665
22320	3.69787e+06	612.419	689	172	98	201	0	612.419	38	31	0	15899.1	7820.78	0	425072	272.54	322.771	0	22320	487.074	502.171	0.725339
22500	5.05051e+06	53.489	532	0	98	201	0	53.489	38	132.262	0	16037	7742	0	308598	350.639	283.224	0	22500	476.788	501.255	0.724017
22680	5.12527e+06	848.816	845	0	98	201	0	848.816	37	31	0	16037	7900	0	185828	301.512	336.347	0	22680	477.763	500.342	0.722698
22860	5.01135e+06	184.07	887	259	98	201	0	184.07	38	65.8468	0	15879	7821.92	0	439148	311.113	364.483	0	22860	469.41	499.431	0.721382
23040	2.58222e+06	354.087	610	73	98	201	0	354.087	38	34.0684	0	15879	7818.6	0	187672	297.463	377.367	0	23040	468.931	498.522	0.720069
23220	1.30627e+07	118.675	807	8	98	201	0	118.675	38	149	0	15879	7900	0	858853	254.856	364.501	0	23220	459.402	497.615	0.718759
23400	9.63991e+07	2042.14	11304	1827	89	216	0	2042.14	38	87.253	0	17121.9	7105.19	0	2.35024e+06	313.076	321.446	0	23400	458.862	496.71	0.717452
23580	9.96017e+07	1511.75	9422	1153	87	205	0	1511.75	38	104.905	0	16238.4	6939.09	0	2.61362e+06	294.861	304.279	0	23580	473.644	495.807	0.716148
23760	9.10986e+07	1396.08	8330	2027	94	207	0	1396.08	38	104.318	0	16429.6	7510.64	0	2.84644e+06	321.338	305.872	0	23760	464.865	494.907	0.714847
23940	8.28654e+07	828.314	6305	577	97	207	0	828.314	37.9998	138.063	0	16406.5	7730.53	0	1.96553e+06	302.522	306.133	0	23940	480.979	494.008	0.713549
24120	6.08244e+07	791.233	5067	1247	88	214	0	791.233	38	115.173	0	17006.2	7031.1	0	2.26254e+06	321.342	295.06	0	24120	479.728	493.111	0.712254
24300	1.49813e+06	248.112	342	0	88	214	0	248.112	38	31	0	17005.7	7109.75	0	351432	319.077	349.328	0	24300	476.123	492.216	0.710961
24480	6.09433e+07	662.297	4479	942	86	224	0	662.297	38	129.84	0	17790.1	6836.68	0	2.16515e+06	304.897	293.504	0	24480	481.251	491.323	0.709672
24660	5.14471e+06	61.3693	297	67	86	224	0	61.3693	37.029	121.804	0	17854	6952	0	280921	362.806	354.465	0	24660	477.918	490.433	0.708385
24840	2.17014e+07	234.804	1743	206	86	224	0	234.804	37	130.246	0	17854	6814.57	0	981150	377.874	278.791	0	24840	494.75	489.544	0.707101
25020	3.07377e+06	509.06	631	7	86	224	0	509.06	38	31	0	17845.4	6951.34	0	271541	356.742	327.925	0	25020	500.325	488.656	0.705819
25200	1.22286e+07	216.079	1010	183	86	224	0	216.079	38	96.2321	0	17746.2	6794	0	446035	319.466	294.754	0	25200	508.054	487.771	0.704541
25380	27281.1	4.51813	243	0	86	224	0	4.51813	37	31	0	17854	6794	0	212655	374.714	315.821	0	25380	511.055	486.888	0.703265
25560	3.17424e+07	456.755	1191	158	86	224	0	456.755	37	108.264	0	17854	6952	0	1.48938e+06	429.759	437.772	0	25560	507.107	486.006	0.701992
25740	1.09863e+06	181.949	245	122	86	224	0	181.949	37	31	0	17813.1	6873.05	0	114564	422.942	383.646	0	25740	498.139	485.127	0.700721
25920	3.29339e+06	545.43	528	0	86	224	0	545.43	37	31	0	17708.3	6794	0	148908	305.531	283.332	0	25920	504.612	484.249	0.699453
26100	1.45298e+07	132.004	74	0	86	224	0	132.004	38	149	0	17854	6952	0	2.07039e+06	335.413	419.3	0	26100	506.95	483.373	0.698188
26280	4.12285e+07	493.477	2402	306	86	224	0	493.477	37	121.53	0	17696	6952	0	735837	246.491	402.295	0	26280	494.043	482.498	0.696925
26460	512223	5.67982	169	69	86	224	0	5.67982	37	128.011	0	17696	6794	0	150396	275.564	275.761	0	26460	508.946	481.626	0.695665
26640	2.23642e+06	370.382	647	0	86	224	0	370.382	37	31	0	17832.1	6794	0	183669	362.027	295.609	0	26640	497.813	480.755	0.694407
26820	3.49539e+06	31.7558	75	0	86	224	0	31.7558	38	149	0	17696	6952	0	637492	291.973	351.758	0	26820	518.087	479.886	0.693152
27000	5.50862e+06	101.363	506	402	86	224	0	101.363	37	94.1118	0	17854	6842.84	0	390603	347.04	259.911	0	27000	502.053	479.019	0.691899
27180	689888	114.255	193	0	86	224	0	114.255	37	31	0	17775	6952	0	80727.9	315.484	322.565	0	27180	505.766	478.154	0.690649
27360	743543	123.141	144	0	86	224	0	123.141	38	31	0	17775.6	6951.97	0	233531	342.12	321.288	0	27360	500.977	477.29	0.689402
27540	1.66909e+06	276.425	487	98	86	224	0	276.425	38	31	0	17764.7	6817.89	0	192107	313.527	300.838	0	27540	511.73	476.428	0.688157
27720	2.23821e+06	370.679	298	0	86	224	0	370.679	37	31	0	17696	6875.38	0	218544	296.743	340.748	0	27720	503.621	475.568	0.686914
27900	7.4899e+06	68.0461	409	166	86	224	0	68.0461	38	149	0	17854	6952	0	507904	298.412	391.569	0	27900	493.341	474.709	0.685674
28080	2.53603e+06	26.8882	110	93	86	224	0	26.8882	37	132.157	0	17854	6794	0	292150	366.945	269.737	0	28080	510.408	473.852	0.684436
28260	157259	26.0283	134	37	86	224	0	26.0283	38	31.0095	0	17766.9	6802.8	0	423921	362.67	326.944	0	28260	490.255	472.997	0.683201
28440	4.66983e+06	178.631	636	0	86	224	0	178.631	37	64.5188	0	17817.3	6952	0	393226	343.274	321.043	0	28440	506.978	472.143	0.681968
28620	627917	103.992	427	0	86	224	0	103.992	37	31	0	17696	6794	0	131726	284.85	317.421	0	28620	513.758	471.291	0.680737
28800	70563.9	3.99846	49	0	86	224	0	3.99846	37	52.9979	0	17696.1	6952	0	230037	303.601	376.578	0	28800	502.112	470.441	0.679509
