MS2-QUANT	v0j
Region DEFINITION, 05-Apr-2021
COMMENT	Outline definition performed in MS2-QUANT (Main program)
FILE	MAX_20201217_RI516_C12MS2128TkTat_001_visit_26.tif
PATH	/Volumes/EBL/20201217/
PARAMETERS
Pix-XY	Pix-Z	RI	Ex	Em	NA	dT	Type
79	600	1.458	488	521	1.4	180	widefield
ANALYSIS-SETTINGS	
IMAGING-BACKGROUND	150
LIMIT-FIT-SIGMA-XY-MIN	61
LIMIT-FIT-SIGMA-XY-MAX	173
LIMIT-FIT-SIGMA-Z-MIN	0
LIMIT-FIT-SIGMA-Z-MAX	0
LIMIT-FIT-BGD-MIN	34
LIMIT-FIT-BGD-MAX	35
DETECTION-THRESHOLD	500
REGION	TxSite
X_POS	102	101	101	100	100	99	99	98	97	96	95	95	94	93	93	92	91	91	90	90	89	89	88	88	87	87	86	86	86	85	85	84	84	83	82	81	81	80	80	80	79	79	78	77	76	76	75	75	74	73	73	72	71	71	70	70	69	69	69	68	68	67	67	66	66	66	65	65	64	64	63	63	62	62	61	61	61	60	60	59	59	59	58	58	57	57	57	56	56	56	55	55	55	55	54	54	54	53	53	53	52	52	51	51	51	51	50	50	50	50	49	49	49	49	49	49	48	48	48	48	48	47	47	47	47	47	47	47	47	46	46	46	46	46	46	46	46	46	45	45	45	45	45	45	45	45	45	45	46	46	46	46	47	47	47	47	48	48	48	49	49	49	50	50	51	52	53	54	54	55	56	57	57	57	58	59	59	60	60	61	61	62	62	63	64	65	65	66	66	67	67	68	68	69	69	70	71	71	72	72	73	74	74	75	75	76	76	77	77	78	78	79	79	80	80	80	81	81	81	82	82	82	82	83	83	83	84	84	84	84	84	85	85	85	85	86	86	86	86	87	87	87	88	88	88	88	89	89	89	89	89	90	90	91	91	91	92	92	93	93	94	94	94	95	96	96	97	97	97	97	98	98	98	99	99	100	100	101	101	102	103	104	104	105	106	107	108	108	109	109	110	110	111	111	112	112	113	114	114	115	115	116	116	116	117	117	117	118	118	118	119	119	120	120	121	121	121	121	122	122	122	123	123	123	124	124	124	125	125	126	126	127	127	128	128	129	129	130	130	131	131	132	132	133	134	134	134	135	135	135	136	136	136	137	137	138	138	139	139	140	140	141	141	142	142	143	143	144	144	145	145	146	146	147	147	148	148	149	149	150	150	151	151	151	152	152	153	153	154	154	155	155	155	156	157	157	158	158	159	159	160	160	161	161	162	162	163	164	164	165	165	166	166	167	167	168	168	169	169	170	170	171	171	171	172	172	172	173	173	174	174	174	175	175	175	176	176	177	177	177	177	178	178	178	179	179	180	180	180	180	181	181	181	181	182	182	182	183	183	183	183	184	184	185	185	186	187	187	188	188	189	189	190	190	190	190	191	191	191	191	191	192	192	192	192	192	193	193	193	193	193	193	193	193	194	194	194	194	194	194	194	194	194	195	195	195	195	195	195	195	195	195	195	195	195	195	195	195	195	194	194	194	194	194	193	193	193	193	193	192	192	191	191	191	191	190	190	189	189	189	189	188	188	187	187	186	185	185	184	184	183	183	182	182	181	181	180	179	178	178	177	177	176	176	176	175	175	174	174	174	174	173	173	172	172	171	171	171	170	170	170	170	169	169	169	168	168	167	167	167	166	166	165	165	164	163	163	162	162	161	161	160	160	159	159	159	158	158	158	157	157	156	156	156	155	155	155	155	154	154	154	154	153	153	152	152	152	152	151	151	151	151	150	150	150	150	149	149	148	148	147	146	146	145	145	144	144	143	143	142	142	141	141	141	140	140	139	139	139	138	138	137	137	136	136	135	135	134	134	133	133	132	132	131	130	129	129	128	127	127	126	126	125	125	124	124	123	123	122	121	121	120	120	119	119	118	118	117	117	116	116	115	115	115	114	114	113	113	112	112	111	111	110	110	110	109	109	109	108	108	108	108	107	107	106	106	106	END
Y_POS	297	297	296	296	295	295	295	294	294	293	293	292	291	291	291	291	290	290	290	290	290	290	290	289	289	289	289	289	289	288	288	288	288	288	288	287	287	287	287	287	287	287	286	286	286	286	286	286	285	285	285	285	285	285	285	285	285	284	284	284	284	284	284	284	284	284	284	284	284	284	284	284	284	284	284	284	285	285	285	285	285	286	286	286	286	287	287	287	287	288	288	288	288	289	289	289	289	290	290	290	291	291	291	292	292	292	293	293	293	294	294	295	295	295	296	296	297	297	298	298	299	299	299	300	300	300	301	301	302	302	303	303	304	304	305	305	306	307	307	307	308	308	309	309	310	310	311	311	312	312	313	313	313	314	314	315	315	315	316	316	316	317	317	317	318	318	319	319	319	320	320	320	320	321	321	321	321	321	321	321	321	321	321	321	321	321	321	321	321	321	321	321	321	321	321	321	321	321	321	321	321	321	321	321	320	320	320	320	320	320	320	320	320	321	321	321	321	322	322	322	323	323	323	324	324	324	325	325	326	326	326	327	327	328	328	328	328	329	329	329	330	330	330	331	331	331	331	332	332	332	333	333	333	333	334	334	334	335	335	335	335	336	336	336	337	337	337	337	337	338	338	338	338	338	338	338	339	339	339	339	339	340	340	340	340	340	340	340	340	340	340	340	340	340	340	340	340	340	340	340	340	340	340	340	340	340	339	339	339	339	339	338	338	338	338	337	337	337	337	336	336	336	335	335	335	335	335	335	335	335	334	334	334	334	334	334	334	334	334	334	334	334	334	334	334	335	335	335	335	336	336	336	336	336	336	336	337	337	337	337	337	337	337	337	337	337	337	337	337	337	337	337	337	337	337	337	337	336	336	336	336	336	336	336	336	335	335	335	335	335	335	335	334	334	334	334	334	333	333	333	333	333	333	333	332	332	332	332	331	331	331	331	331	330	330	330	329	329	329	328	328	328	328	327	327	327	327	326	326	325	325	325	325	324	324	323	323	322	322	322	321	321	321	320	320	319	319	319	319	318	318	318	318	317	317	317	316	316	316	316	315	315	314	314	313	312	312	311	311	310	309	309	308	308	307	307	307	306	306	305	305	304	304	303	303	302	302	302	301	301	300	300	299	299	298	298	297	297	297	296	296	295	295	295	294	294	293	292	292	291	291	290	290	289	289	288	288	287	287	287	286	286	286	285	285	285	284	284	284	284	283	283	283	282	282	282	282	282	281	281	281	281	280	280	280	280	279	279	279	279	279	279	279	278	278	278	278	278	278	278	278	278	278	278	279	279	279	279	280	280	280	280	281	281	281	281	282	282	282	283	283	283	283	283	284	284	284	284	285	285	285	285	286	286	286	287	287	287	287	288	288	288	289	289	289	289	290	290	290	291	291	292	292	292	293	293	293	294	294	295	295	295	295	296	297	297	298	298	299	299	299	300	300	300	300	301	301	301	302	302	302	302	303	303	303	304	304	304	304	304	305	305	305	305	305	306	306	306	307	307	307	307	307	307	307	307	308	308	308	308	308	308	308	308	308	308	308	308	308	308	308	308	308	308	308	308	308	308	308	308	308	308	308	308	308	308	308	308	308	308	308	308	307	307	307	307	306	306	306	306	306	306	306	305	305	305	305	304	304	304	304	303	303	303	303	302	302	END
QUANTIFICATION
Time[s]	Q_Integrate	Q_AMP	Q_Sum_pix	Q_MIP_int	Pix_Y	Pix_X	Pix_Z	AMP	BGD	SigmaXY	SigmaZ	MuY	MuX	MuZ	RES	Cent_Y	Cent_X	Cent_Z	OPB_time	OPB_INT	OPB_FIT	OPB_FIT_norm
0	1.94612e+06	83.2565	400	8	309	53	0	83.2565	34	61	0	4307.87	24569	0	176062	318.036	339.233	0	0	406.186	595.862	1
180	777313	30.5632	260	0	309	53	0	30.5632	34	63.6347	0	4187	24569	0	174054	321.41	341.484	0	180	404.152	594.791	0.998202
360	1.34049e+06	57.3473	350	172	309	53	0	57.3473	35	61	0	4276.92	24491.4	0	190991	315.884	300.061	0	360	391.973	593.721	0.996406
540	1.70492e+06	72.9381	384	0	309	53	0	72.9381	34	61	0	4187	24471.2	0	161905	326.934	335.075	0	540	378.632	592.653	0.994615
720	61.4091	0.00262488	105	70	309	53	0	0.00262488	34	61.0262	0	4312.38	24411	0	125120	350.487	307.902	0	720	393.015	591.587	0.992826
900	1.00219e+06	42.8744	244	0	309	53	0	42.8744	34	61	0	4345	24457.1	0	187506	323.728	406.592	0	900	382.026	590.523	0.99104
1080	2.86205e+06	122.441	279	61	309	53	0	122.441	34	61	0	4345	24569	0	163236	344.037	361.802	0	1080	394.535	589.461	0.989258
1260	2.37574e+06	101.636	325	12	309	53	0	101.636	34	61	0	4187	24417.7	0	119854	299.842	265.833	0	1260	391.947	588.401	0.987479
1440	2.89389e+06	61.0166	396	123	309	53	0	61.0166	34	87.471	0	4187	24470.5	0	192800	254.134	356.419	0	1440	385.192	587.343	0.985703
1620	0.155345	6.64577e-06	84	0	309	53	0	6.64577e-06	34	61	0	4256.32	24569	0	120649	411.505	342.183	0	1620	389.466	586.287	0.983931
1800	2.68301e+06	114.781	409	171	309	53	0	114.781	34.8439	61	0	4205.69	24411	0	183679	286.759	315.704	0	1800	391.082	585.233	0.982161
1980	3.32655e+06	81.3385	452	10	309	53	0	81.3385	34	80.9553	0	4345	24411	0	170765	416.173	267.661	0	1980	382.634	584.18	0.980395
2160	1.13432e+06	48.527	211	8	309	53	0	48.527	35	61.0001	0	4345	24569	0	240737	324.259	381.584	0	2160	390.905	583.13	0.978632
2340	1.47872e+06	63.2607	412	67	309	53	0	63.2607	34	61	0	4345	24411	0	145590	320.372	242.888	0	2340	381.136	582.081	0.976872
2520	544447	23.2918	248	111	309	53	0	23.2918	35	61.0001	0	4250.57	24520.4	0	216730	310.827	290.764	0	2520	370.466	581.034	0.975115
2700	1.74361e+07	249.421	1289	0	309	53	0	249.421	34	108.647	0	4345	24482.1	0	501817	388.461	298	0	2700	394.669	579.989	0.973361
2880	1.43254e+06	61.2852	388	19	309	53	0	61.2852	34	61.0001	0	4202.73	24559.6	0	108648	337.919	317.908	0	2880	379.283	578.946	0.971611
3060	2.67903e+06	114.611	627	93	309	53	0	114.611	34	61	0	4238.34	24444.8	0	74114.6	341.647	345.204	0	3060	382.898	577.905	0.969863
3240	1.85896e+06	79.5277	409	0	309	53	0	79.5277	34.0002	61.0001	0	4205.95	24510.7	0	239399	266.615	367.919	0	3240	389.075	576.866	0.968119
3420	2.55807e+06	109.436	487	207	309	53	0	109.436	35	61	0	4235.42	24491.4	0	259843	304.49	325.001	0	3420	396.789	575.828	0.966378
3600	39194.4	1.67676	283	5	309	53	0	1.67676	34.9999	61.0001	0	4293.56	24454.5	0	181429	372.598	335.979	0	3600	402.911	574.793	0.96464
3780	2.77109e+06	118.55	420	144	309	53	0	118.55	34	61	0	4187	24569	0	156431	369.633	329.03	0	3780	397.846	573.759	0.962906
3960	4.58931e+06	35.7957	433	0	309	53	0	35.7957	34	171.465	0	4187	24411	0	243490	277.162	279.345	0	3960	392.397	572.727	0.961174
4140	0.0035656	1.52539e-07	225	0	309	53	0	1.52539e-07	34	61	0	4187	24411	0	137352	253.5	272.222	0	4140	404.669	571.697	0.959445
4320	5.11928e+06	39.5839	475	2	309	53	0	39.5839	35	173	0	4262.99	24411	0	281928	301.728	283.636	0	4320	413.328	570.669	0.95772
4500	1.07122e+08	829.948	6664	984	309	53	0	829.948	34	172.647	0	4301.89	24439.4	0	1.69645e+06	336.194	286.781	0	4500	414.048	569.643	0.955997
4680	1.39521e+08	1214.31	8757	1078	309	57	0	1214.31	34	154.592	0	4542.07	24467	0	1.97144e+06	288.125	304.141	0	4680	415.655	568.618	0.954278
4860	4.35676e+07	391.974	1667	47	309	57	0	391.974	35	150.228	0	4661	24569	0	1.19568e+06	405.781	347.437	0	4860	400.172	567.596	0.952562
5040	6.58703e+07	617.385	4556	1022	312	58	0	617.385	35	145.221	0	4641.28	24727.4	0	1.06478e+06	306.716	312.43	0	5040	419.426	566.575	0.950849
5220	5.95992e+07	493.118	3206	476	312	58	0	493.118	35	161.861	0	4740	24681.5	0	1.26123e+06	345.614	287.65	0	5220	415.285	565.556	0.949139
5400	4.3803e+07	466.425	1504	159	312	58	0	466.425	35	131.746	0	4582	24648	0	1.36895e+06	252.12	236.5	0	5400	401.143	564.539	0.947432
5580	3.16648e+07	291.877	1377	128	312	58	0	291.877	35	147.215	0	4740	24806	0	744599	377.707	332.014	0	5580	408.468	563.524	0.945728
5760	2.93555e+07	243.458	1130	0	312	58	0	243.458	34	161.504	0	4740	24648	0	860374	380.641	236.063	0	5760	407.288	562.51	0.944027
5940	2.03653e+07	295.945	489	0	312	58	0	295.945	34.0068	107.63	0	4740	24648	0	1.45284e+06	439.128	256.467	0	5940	393.036	561.499	0.94233
6120	6.57885e+06	74.1251	176	0	312	58	0	74.1251	34	126.598	0	4740	24648	0	331093	375.8	240.638	0	6120	408.681	560.489	0.940635
6300	3.10948e+06	110.869	449	96	312	58	0	110.869	34	66.8374	0	4740	24683.5	0	120329	352.178	294.398	0	6300	409.423	559.481	0.938943
6480	2.84565e+06	22.0035	296	76	312	58	0	22.0035	35	173	0	4582	24648	0	209460	294.296	292.218	0	6480	420.442	558.475	0.937255
6660	1.88023e+06	68.3701	427	0	312	58	0	68.3701	34	66.1806	0	4689.56	24806	0	208826	327.951	367.828	0	6660	408.125	557.47	0.935569
6840	1.03197e+08	862.561	6863	1322	312	67	0	862.561	35	160.336	0	5341.8	24750.3	0	1.41785e+06	305.897	330.918	0	6840	422.213	556.468	0.933887
7020	1.0576e+07	81.7767	332	85	312	67	0	81.7767	35	173	0	5451	24648	0	518047	372.445	226.18	0	7020	406.588	555.467	0.932207
7200	9.08689e+07	926.086	6513	738	308	73	0	926.086	34.0005	136.058	0	5834.44	24365.4	0	1.42144e+06	317.622	279.828	0	7200	426.077	554.468	0.930531
7380	1.41266e+08	1092.31	8598	1360	307	75	0	1092.31	35	173	0	6035.12	24303.7	0	2.22841e+06	339.689	299.82	0	7380	433.533	553.471	0.928857
7560	9.10492e+07	704.021	5575	573	309	81	0	704.021	34	173	0	6494.69	24496.4	0	1.5797e+06	331.936	318.95	0	7560	431.907	552.476	0.927187
7740	1.10285e+08	933.319	7526	794	310	84	0	933.319	34	158.52	0	6743.21	24586.6	0	2.30991e+06	340.239	327.134	0	7740	445.458	551.482	0.92552
7920	1.09755e+08	848.658	5981	810	307	86	0	848.658	35	173	0	6846.53	24367.5	0	2.27411e+06	295.075	332.453	0	7920	445.266	550.49	0.923855
8100	1.20784e+08	1218.14	8534	1341	303	84	0	1218.14	34	137.134	0	6753.28	24027.1	0	1.45658e+06	346.853	323.569	0	8100	442.162	549.5	0.922194
8280	8.1054e+07	713.113	5260	993	306	86	0	713.113	34.0006	153.137	0	6875.18	24285.8	0	1.73427e+06	318.384	339.261	0	8280	442.007	548.512	0.920535
8460	3.50254e+07	270.828	1308	7	306	86	0	270.828	35	173	0	6794	24186.7	0	1.34938e+06	236.436	290.989	0	8460	463.985	547.526	0.91888
8640	3.6612e+07	347.087	1499	301	306	86	0	347.087	34	143.894	0	6879.03	24332	0	1.36061e+06	313.165	424.743	0	8640	448.423	546.541	0.917227
8820	1.38e+08	1131.35	8750	808	307	85	0	1131.35	34.0001	163.271	0	6836.04	24366.3	0	1.96927e+06	343.046	337.74	0	8820	456.274	545.558	0.915578
9000	1.00648e+08	778.24	6155	943	310	86	0	778.24	35	173	0	6842.86	24627.6	0	1.50553e+06	301.807	347.448	0	9000	452.68	544.577	0.913931
9180	8.61693e+07	912.243	6458	889	307	88	0	912.243	34	132.3	0	7059.97	24341.1	0	1.78022e+06	352.809	316.606	0	9180	448.252	543.598	0.912288
9360	8.7863e+06	67.9385	421	51	307	88	0	67.9385	35	173	0	6952	24411	0	331305	312.972	345.766	0	9360	455.367	542.62	0.910647
9540	1.3215e+08	1221.33	9241	1237	307	85	0	1221.33	34	146.896	0	6808.36	24291.6	0	2.13368e+06	335.217	277.646	0	9540	461.767	541.644	0.909009
9720	7.8767e+07	609.051	5107	734	306	86	0	609.051	35	173	0	6868.37	24300.2	0	1.35015e+06	312.088	351.059	0	9720	465.327	540.67	0.907375
9900	1.50567e+07	116.427	559	0	306	86	0	116.427	34	172.994	0	6952	24174	0	601373	400.131	242.381	0	9900	463.959	539.698	0.905743
10080	8.63522e+07	768.544	6242	484	302	90	0	768.544	34.0001	151.62	0	7211.28	23919.7	0	1.61678e+06	340.838	305.055	0	10080	473.194	538.727	0.904114
10260	1.04171e+08	922.85	6983	1186	303	87	0	922.85	34.9738	152.224	0	6955.04	24027.5	0	1.37152e+06	315.67	321.451	0	10260	459.825	537.758	0.902488
10440	4.54835e+06	35.1693	312	0	303	87	0	35.1693	35	173	0	6873	24082.6	0	353917	277.018	334.096	0	10440	466.366	536.791	0.900865
10620	8.76608e+07	792.138	5954	1006	299	78	0	792.138	34	149.674	0	6274.91	23752.3	0	1.96348e+06	334.313	349.985	0	10620	454.651	535.826	0.899245
10800	1.23437e+08	1160.2	8190	1393	302	81	0	1160.2	35	144.891	0	6442.67	23908.6	0	2.3726e+06	293.498	297.263	0	10800	464.535	534.862	0.897628
10980	8.85571e+07	684.752	5922	803	299	86	0	684.752	35	173	0	6886.22	23746.1	0	1.56868e+06	318.932	348.386	0	10980	456.027	533.9	0.896013
11160	3.28235e+07	298.037	1275	190	299	86	0	298.037	35	149.07	0	6938.82	23779	0	1.12991e+06	347.458	372.151	0	11160	480.599	532.94	0.894402
11340	1.35883e+07	105.069	416	281	299	86	0	105.069	35	173	0	6952	23779	0	972124	391.465	401.16	0	11340	484.304	531.982	0.892793
11520	1.06827e+08	1194.24	7790	1913	305	87	0	1194.24	35	127.288	0	6920.51	24222.4	0	2.41603e+06	308.871	358.532	0	11520	486.348	531.025	0.891188
11700	1.25645e+08	1213.98	9284	1052	307	87	0	1213.98	35	141.74	0	6947.48	24357.9	0	2.46495e+06	315.301	330.089	0	11700	489.992	530.07	0.889585
11880	8.79677e+07	898.278	6233	781	307	91	0	898.278	34.0001	135.859	0	7305.68	24355.5	0	1.91919e+06	339.543	336.599	0	11880	488.944	529.117	0.887985
12060	2.02806e+07	156.816	416	73	307	91	0	156.816	35	173	0	7347	24300.4	0	1.22796e+06	427.135	302.744	0	12060	503.143	528.165	0.886388
12240	9.54341e+06	184.823	1435	18	307	91	0	184.823	35	91.5339	0	7221.09	24351.9	0	730488	336.187	371.281	0	12240	510.297	527.216	0.884794
12420	6.60118e+07	950.152	6385	850	306	98	0	950.152	34.0001	108.245	0	7823.19	24250	0	1.41718e+06	318.527	322.293	0	12420	507.135	526.267	0.883203
12600	8.95784e+07	1501.66	8950	1132	304	98	0	1501.66	35	99.1001	0	7824.26	24123.5	0	1.68568e+06	312.374	337.058	0	12600	530.147	525.321	0.881615
12780	1.57504e+07	127.748	1039	262	304	98	0	127.748	35	164.953	0	7869.73	24174	0	587659	306.202	394.881	0	12780	509.773	524.376	0.880029
12960	2.56947e+06	50.6676	258	0	304	98	0	50.6676	35	90.6495	0	7742	24016	0	692532	344.299	404.866	0	12960	524.281	523.433	0.878447
13140	307454	13.1526	96	0	304	98	0	13.1526	35	61.0012	0	7792.33	24016	0	224778	349.984	396.4	0	13140	514.759	522.492	0.876867
13320	3.41894e+06	146.265	801	0	304	98	0	146.265	35	61	0	7900	24021	0	319905	350.903	294.819	0	13320	519.751	521.552	0.87529
13500	3.02569e+06	39.6422	372	223	304	98	0	39.6422	35	114.656	0	7900	24174	0	290650	303.756	356.33	0	13500	519.382	520.614	0.873716
13680	5.37963e+06	230.145	936	0	304	98	0	230.145	34	61	0	7807.38	24169.4	0	221793	286.385	304.582	0	13680	507.274	519.678	0.872145
13860	6.81972e+07	984.224	6527	961	316	101	0	984.224	34	108.073	0	8071.54	25026.2	0	966192	342.758	312.033	0	13860	523.261	518.743	0.870576
14040	9.5246e+07	1435.69	8906	1028	313	103	0	1435.69	35	105.33	0	8236.49	24828.1	0	1.39613e+06	331.366	330.428	0	14040	520.456	517.811	0.869011
14220	1.07896e+08	1221.19	8568	1032	315	105	0	1221.19	35	126.205	0	8350.28	24941.6	0	1.57209e+06	290.416	294.363	0	14220	533.693	516.879	0.867448
14400	8.0343e+07	1100.54	6757	945	317	102	0	1100.54	35	111.539	0	8111.45	25094.3	0	1.70246e+06	300.496	305.731	0	14400	535.558	515.95	0.865888
14580	1.45716e+08	1670.59	11407	1593	317	105	0	1670.59	35	125.098	0	8417.63	25133.6	0	3.84329e+06	356.292	322.716	0	14580	540.909	515.022	0.864331
14760	5.46891e+07	653.007	3241	451	317	105	0	653.007	35	121.725	0	8295	25045.5	0	1.16376e+06	271.904	278.484	0	14760	521.856	514.096	0.862776
14940	9.56242e+07	1230.09	7852	952	316	100	0	1230.09	34	115.989	0	7947.37	25065.1	0	1.14759e+06	298.282	323.013	0	14940	529.697	513.171	0.861225
15120	1.92336e+08	2275.45	15475	2317	320	103	0	2275.45	34	122.475	0	8207.06	25351	0	2.52518e+06	304.459	301.959	0	15120	529.231	512.248	0.859676
15300	1.97304e+08	2533.14	16951	2253	316	101	0	2533.14	34.9999	116.133	0	8058.5	25045	0	2.06814e+06	314.471	324.844	0	15300	532.787	511.327	0.85813
15480	1.91507e+08	2107.66	14648	1803	317	96	0	2107.66	35	128.686	0	7627.23	25121.2	0	4.93528e+06	281.876	308.793	0	15480	538.157	510.407	0.856586
15660	9.81416e+07	1409.08	9316	1340	318	95	0	1409.08	34.9999	108.408	0	7592.48	25220.7	0	1.18263e+06	329.774	327.412	0	15660	532.702	509.49	0.855046
15840	3.79211e+07	1622.29	5577	1524	323	92	0	1622.29	35	61	0	7364.88	25608.8	0	2.60342e+06	362.834	277.57	0	15840	549.413	508.573	0.853508
16020	1.17094e+07	117.877	994	143	323	92	0	117.877	34	137.324	0	7367.31	25624	0	400482	337.989	325.238	0	16020	549.612	507.659	0.851973
16200	3.63553e+06	155.531	576	0	323	92	0	155.531	35	61	0	7268	25600.1	0	229005	346.117	360.577	0	16200	563.9	506.746	0.850441
16380	8.52396e+07	1080.18	7110	1183	332	104	0	1080.18	34.9996	117.101	0	8338.24	26306.4	0	2.23615e+06	356.811	304.251	0	16380	568.952	505.834	0.848912
16560	4.45956e+07	1151.2	4868	1124	330	108	0	1151.2	35	78.7255	0	8642.84	26117.7	0	764678	349.309	306.564	0	16560	559.541	504.925	0.847385
16740	2.71478e+08	3511	22589	3218	332	105	0	3511	34.0001	115.597	0	8347.18	26326.8	0	2.65044e+06	294.466	333.011	0	16740	569.692	504.017	0.845861
16920	3.34108e+08	3266.61	23605	3733	325	108	0	3266.61	35	140.434	0	8603.48	25790.7	0	5.31697e+06	311.092	341.141	0	16920	570.166	503.11	0.84434
17100	3.51161e+08	3684.32	26306	3631	326	106	0	3684.32	35	133.168	0	8438.55	25813.1	0	3.8629e+06	304.676	299.252	0	17100	562.777	502.205	0.842822
17280	2.12145e+08	2360.19	16065	2355	325	108	0	2360.19	34	127.716	0	8596.27	25772.9	0	4.48156e+06	293.832	334.074	0	17280	578.457	501.302	0.841306
17460	2.44072e+08	1887.24	14940	1686	325	109	0	1887.24	35	173	0	8686.41	25761.4	0	4.66753e+06	309.619	318.218	0	17460	579.418	500.401	0.839793
17640	2.69627e+08	2980.22	20170	4058	324	114	0	2980.22	35	128.299	0	9102.4	25670.3	0	8.06318e+06	326	309.309	0	17640	585.907	499.501	0.838283
17820	2.38496e+08	2597.91	17881	2265	324	112	0	2597.91	34.0019	129.625	0	8963.43	25684.7	0	2.28734e+06	345.91	324.746	0	17820	595.154	498.603	0.836775
18000	2.1828e+08	2168.17	14645	2467	326	115	0	2168.17	34.0001	138.73	0	9191.88	25800.1	0	3.73389e+06	335.198	287.474	0	18000	610.698	497.706	0.83527
18180	1.57107e+08	1276.11	9403	2305	326	122	0	1276.11	34	164.723	0	9677.38	25760.2	0	5.56667e+06	290.33	269.219	0	18180	623.71	496.811	0.833768
18360	1.70005e+08	2056.97	13424	1896	324	128	0	2056.97	34.0001	120.665	0	10175.3	25687.2	0	2.26066e+06	306.607	329.406	0	18360	634.567	495.917	0.832269
18540	8.50203e+07	907.023	6543	878	323	133	0	907.023	34	131.568	0	10610.5	25571.2	0	1.2171e+06	323.586	289.787	0	18540	662.624	495.026	0.830772
18720	1.59155e+07	174.34	1110	50	323	133	0	174.34	35	129.112	0	10625.1	25517	0	636013	340.203	285.944	0	18720	648.072	494.135	0.829278
18900	2.59166e+06	110.873	537	217	323	133	0	110.873	35	61	0	10606.3	25602	0	294105	337.717	208.594	0	18900	650.105	493.247	0.827787
19080	8.29616e+07	1199.93	7937	1307	321	138	0	1199.93	35	107.932	0	10978.7	25439.4	0	1.58475e+06	316.756	323.986	0	19080	653.405	492.36	0.826298
19260	1.6795e+08	2030.51	13723	2241	322	139	0	2030.51	35	120.728	0	11066	25551.6	0	3.5028e+06	328.913	355.237	0	19260	649.858	491.474	0.824812
19440	9.47987e+07	1323.91	8634	1234	322	139	0	1323.91	34	110.232	0	11109.6	25546.6	0	2.22242e+06	353.049	349.544	0	19440	661.45	490.59	0.823329
19620	3.10175e+08	3355.31	24091	3605	328	143	0	3355.31	35	130.266	0	11365.8	26002.9	0	4.48412e+06	305.807	328.517	0	19620	665.538	489.708	0.821848
19800	2.20595e+08	2177.8	15666	2248	324	145	0	2177.8	35	139.384	0	11523.6	25704.2	0	2.81297e+06	305.371	330.568	0	19800	662.06	488.827	0.82037
19980	6.24853e+07	1161.45	6619	1236	321	141	0	1161.45	35	93.5944	0	11221.4	25442.3	0	1.10755e+06	330.159	336.462	0	19980	654.195	487.948	0.818895
20160	7.97604e+07	1030.51	7108	823	322	147	0	1030.51	34	115.669	0	11685.9	25486.9	0	1.55921e+06	311.044	289.181	0	20160	659.659	487.071	0.817422
20340	9.17726e+07	1454.49	8789	1406	319	148	0	1454.49	35	102.311	0	11747.5	25293.3	0	1.91993e+06	293.522	318.53	0	20340	647.182	486.195	0.815952
20520	7.19957e+07	953.949	5987	864	323	151	0	953.949	35	113.853	0	12052	25572.6	0	1.62071e+06	349.14	304.347	0	20520	663.353	485.32	0.814484
20700	5.79497e+07	945.66	6650	747	324	156	0	945.66	34	100.619	0	12390.1	25692.3	0	1.50581e+06	294.265	348.898	0	20700	650.856	484.448	0.81302
20880	2.17181e+08	2152.2	14799	2255	322	156	0	2152.2	35	138.98	0	12391	25501.4	0	4.74675e+06	312.595	309.708	0	20880	651.676	483.576	0.811558
21060	1.81726e+08	1609.12	11675	1682	324	158	0	1609.12	34	152.289	0	12549.9	25641.6	0	3.40202e+06	305.686	296.139	0	21060	647.478	482.707	0.810098
21240	1.1605e+08	955.114	6944	840	318	157	0	955.114	34	162.669	0	12503.6	25195.8	0	2.34215e+06	323.357	312.385	0	21240	657.82	481.839	0.808641
21420	1.38438e+08	1835.26	12266	1978	315	163	0	1835.26	35	113.816	0	12958.8	24970.8	0	1.96291e+06	323.088	313.508	0	21420	654.998	480.972	0.807187
21600	1.33508e+08	1597.95	10605	1266	313	161	0	1597.95	35	121.532	0	12827.6	24818.2	0	4.23171e+06	334.848	334.696	0	21600	669.7	480.107	0.805735
21780	2.08644e+08	1967.82	14692	1985	310	163	0	1967.82	34.9998	144.49	0	12939.4	24560.6	0	5.38822e+06	306.935	312.67	0	21780	677.374	479.244	0.804286
21960	1.99632e+08	2216.14	14625	2570	313	164	0	2216.14	35	127.91	0	13006.5	24834.5	0	3.55123e+06	304.289	350.529	0	21960	675.951	478.382	0.80284
22140	1.69854e+08	1765.38	12628	1147	313	163	0	1765.38	34.0001	134.09	0	12929.7	24788.5	0	3.63258e+06	295.758	289.614	0	22140	662.595	477.522	0.801396
22320	1.5892e+08	1931.79	13197	1714	309	162	0	1931.79	34	120.298	0	12904.2	24509.6	0	2.46798e+06	350.252	331.046	0	22320	634.115	476.663	0.799955
22500	1.06122e+08	1067.45	7794	908	308	161	0	1067.45	34	137.407	0	12830.9	24437.9	0	2.32464e+06	348.338	346.184	0	22500	666.053	475.806	0.798516
22680	1.56365e+08	2254.49	14397	2222	308	163	0	2254.49	34.001	108.136	0	12949.2	24419	0	2.88323e+06	317.956	319.877	0	22680	639.897	474.95	0.79708
22860	1.42602e+08	2192.18	13693	2109	305	164	0	2192.18	35	104.129	0	13040.9	24176.7	0	2.93335e+06	311.162	318.35	0	22860	650.712	474.096	0.795647
23040	1.01628e+08	1424.44	8993	1248	302	167	0	1424.44	34.0001	109.99	0	13280	23979.6	0	1.36173e+06	327.026	352.973	0	23040	659.637	473.243	0.794216
23220	1.39658e+07	269.364	712	0	302	167	0	269.364	35	91.7363	0	13351	23858	0	720250	336.424	259.609	0	23220	634.345	472.392	0.792788
23400	1.23161e+07	100.881	1271	11	302	167	0	100.881	34	163.407	0	13351	23994.4	0	472547	348.549	371.451	0	23400	642.569	471.543	0.791362
23580	8.27122e+07	1099.29	7134	1125	295	174	0	1099.29	34.0001	113.637	0	13838	23352.4	0	1.69593e+06	326.804	294.424	0	23580	638.199	470.695	0.789939
23760	8.36334e+07	1123.34	6994	1160	297	177	0	1123.34	34	112.895	0	14025.3	23585.9	0	2.71437e+06	286.455	353.475	0	23760	636.705	469.848	0.788518
23940	1.31334e+07	561.859	1675	126	297	177	0	561.859	35	61	0	13988.6	23613.3	0	635309	318.273	315.869	0	23940	632.808	469.003	0.7871
24120	6.93621e+06	296.737	1181	0	297	177	0	296.737	35	61	0	13983	23559.6	0	927297	243.313	299.536	0	24120	642.903	468.16	0.785684
24300	9.1007e+06	86.7882	806	0	297	177	0	86.7882	34	143.215	0	14141	23567.4	0	275158	384.795	290.787	0	24300	631.744	467.318	0.784272
24480	2.42909e+08	2267.12	17519	2496	294	181	0	2267.12	34.0022	145.721	0	14362.9	23282.8	0	5.28906e+06	297.601	296.096	0	24480	635.403	466.477	0.782861
24660	2.07206e+08	1789.11	13863	1470	294	179	0	1789.11	34.9998	155.683	0	14211.2	23310.7	0	3.91782e+06	318.564	314.268	0	24660	646.232	465.638	0.781453
24840	8.31323e+07	660.311	6143	856	295	180	0	660.311	34	168.36	0	14252.9	23374.2	0	2.23426e+06	272.483	313.917	0	24840	629.065	464.801	0.780048
25020	9.49373e+07	1200.67	7369	1905	301	179	0	1200.67	35	117.252	0	14174.6	23849.7	0	3.01535e+06	282.55	306.442	0	25020	628.304	463.965	0.778645
25200	3.32273e+07	262.288	1780	3	301	179	0	262.288	35	169.404	0	14141	23937	0	1.52505e+06	259.957	379.187	0	25200	634.718	463.131	0.777245
25380	1.21784e+08	1139.93	8320	968	303	176	0	1139.93	34	145.379	0	14038	23959.1	0	1.94984e+06	358.335	272.805	0	25380	627.233	462.298	0.775847
25560	1.00437e+08	1255.61	8127	1273	306	177	0	1255.61	34.0005	118.126	0	14035.8	24203.9	0	2.73897e+06	285.33	263.071	0	25560	624.44	461.466	0.774452
25740	2.42826e+08	2368.79	17366	1956	307	175	0	2368.79	34	140.681	0	13874	24349.4	0	7.86087e+06	288.658	330.903	0	25740	627.324	460.637	0.773059
25920	1.55868e+08	1416.65	10436	1511	300	173	0	1416.65	34	148.949	0	13768.1	23849.7	0	3.78452e+06	333.537	375.581	0	25920	620.095	459.808	0.771669
26100	1.58189e+08	1342.07	9784	1843	302	176	0	1342.07	34	158.161	0	13976.3	23918.4	0	2.94798e+06	306.489	302.756	0	26100	637.277	458.981	0.770281
26280	1.07254e+08	1056.49	7848	868	306	175	0	1056.49	34	139.625	0	13858	24220.6	0	3.03777e+06	271.82	289.157	0	26280	632.898	458.156	0.768896
26460	1.8151e+08	1673	12890	1890	303	170	0	1673	35	147.223	0	13523.8	23987	0	4.28722e+06	328.001	300.047	0	26460	626.235	457.332	0.767513
26640	9.49766e+07	1111.7	8765	431	304	173	0	1111.7	34	123.354	0	13735.2	24087.1	0	3.02791e+06	305.775	306.285	0	26640	629.287	456.509	0.766133
26820	1.0013e+08	774.237	6823	614	304	174	0	774.237	35	173	0	13802	24069.8	0	3.48638e+06	299.965	298.931	0	26820	637.692	455.688	0.764755
27000	2.08129e+08	1776.23	13814	2253	303	172	0	1776.23	34	157.317	0	13666.6	23988.4	0	6.53797e+06	305.567	288.446	0	27000	635.056	454.869	0.763379
27180	1.55622e+08	1475.5	10848	1122	305	173	0	1475.5	34.0009	143.88	0	13767.8	24133.2	0	3.04947e+06	338.647	286.481	0	27180	635.926	454.051	0.762007
27360	1.3776e+08	1627.5	10790	1461	304	178	0	1627.5	34.0018	122.59	0	14159.8	24104.5	0	1.36811e+06	321.956	324.617	0	27360	611.438	453.234	0.760636
27540	1.94513e+08	1881.09	14053	1199	301	176	0	1881.09	35	141.639	0	13999.4	23855.1	0	4.80061e+06	323.846	320.486	0	27540	633.154	452.419	0.759268
27720	1.28471e+08	1653.96	10612	1824	296	176	0	1653.96	35	115.93	0	14007.6	23480.6	0	3.22837e+06	336.117	331.698	0	27720	612.586	451.606	0.757903
27900	9.93395e+07	1049.55	7383	917	290	180	0	1049.55	34.9726	132.494	0	14281.2	23043.8	0	1.90433e+06	313.319	366.367	0	27900	616.707	450.794	0.75654
28080	1.61178e+08	1739.34	12444	1886	289	182	0	1739.34	34.235	130.49	0	14421.8	22882.7	0	3.13767e+06	283.805	286.866	0	28080	615.824	449.983	0.755179
28260	1.22975e+08	1140.07	8642	735	290	180	0	1140.07	34	146.523	0	14302.8	23020.3	0	4.07302e+06	314.538	341.441	0	28260	621.873	449.174	0.753821
28440	1.3815e+08	1703.27	11268	1930	298	179	0	1703.27	34.0001	119.191	0	14203.2	23586.5	0	2.73585e+06	293.822	293.099	0	28440	623.063	448.366	0.752466
28620	1.26352e+08	1146.34	8078	2061	295	180	0	1146.34	34	149.171	0	14340.4	23315.1	0	3.88195e+06	352.095	268.628	0	28620	616.138	447.559	0.751112
28800	1.94233e+08	2205.25	14148	2191	293	185	0	2205.25	34.0001	125.934	0	14730.9	23256.8	0	3.85252e+06	347.345	337.431	0	28800	623.42	446.755	0.749762
