MS2-QUANT	v0j
Region DEFINITION, 05-Apr-2021
COMMENT	Outline definition performed in MS2-QUANT (Main program)
FILE	MAX_20201217_RI516_C12MS2128TkTat_001_visit_9.tif
PATH	/Volumes/EBL/20201217/
PARAMETERS
Pix-XY	Pix-Z	RI	Ex	Em	NA	dT	Type
79	600	1.458	488	521	1.4	180	widefield
ANALYSIS-SETTINGS	
IMAGING-BACKGROUND	150
LIMIT-FIT-SIGMA-XY-MIN	55
LIMIT-FIT-SIGMA-XY-MAX	159
LIMIT-FIT-SIGMA-Z-MIN	0
LIMIT-FIT-SIGMA-Z-MAX	0
LIMIT-FIT-BGD-MIN	63
LIMIT-FIT-BGD-MAX	64
DETECTION-THRESHOLD	500
REGION	TxSite
X_POS	200	200	200	199	199	199	199	199	198	198	198	197	197	197	196	195	195	194	193	193	192	192	191	191	190	190	189	189	188	188	187	187	186	186	185	184	184	183	183	182	182	181	181	180	180	180	179	179	179	179	178	178	178	177	177	177	177	177	176	176	176	176	176	175	175	175	175	175	175	174	174	174	174	174	174	174	174	173	173	173	173	173	173	173	173	173	173	173	173	173	173	174	174	174	174	174	174	174	175	175	175	175	175	175	175	176	176	176	177	177	177	177	177	177	177	177	178	178	178	178	178	179	179	179	179	179	179	179	179	179	179	179	179	179	179	179	179	179	179	179	179	179	179	180	180	180	180	180	180	180	180	180	180	180	180	180	180	181	181	181	181	181	181	181	181	182	182	182	182	182	182	182	182	182	182	182	183	183	183	183	183	183	183	183	184	184	184	184	184	184	184	184	184	184	184	184	184	184	185	185	185	185	185	185	186	186	187	187	188	188	189	189	190	190	190	191	191	192	192	193	194	195	196	196	197	197	198	198	199	199	200	200	201	202	203	203	204	204	205	205	206	206	207	207	208	208	209	209	210	210	211	211	212	212	213	213	214	215	216	216	217	217	218	218	219	219	220	220	221	221	222	222	223	223	223	224	224	225	225	225	226	226	226	227	227	228	228	229	229	229	229	229	230	230	230	230	230	230	230	231	231	231	231	231	231	231	231	231	231	231	231	231	231	231	231	231	231	231	231	231	231	231	230	230	230	230	230	230	230	230	230	230	230	230	230	230	230	230	230	230	230	230	230	230	230	230	230	230	230	230	230	230	230	230	231	231	231	231	232	232	232	232	232	233	233	233	233	233	234	234	234	234	234	235	235	235	235	235	235	236	236	236	236	236	237	237	237	237	237	237	238	238	238	238	238	238	238	238	239	239	239	239	239	239	239	239	239	239	239	239	238	238	238	238	238	238	237	237	237	237	236	236	236	236	235	235	234	234	234	233	233	232	232	231	231	231	230	230	229	229	228	227	227	226	226	225	225	224	223	223	222	222	221	221	220	219	219	218	217	216	216	215	215	214	213	213	212	211	210	210	210	210	209	209	208	208	208	207	207	206	206	206	206	205	205	204	END
Y_POS	87	87	87	87	86	86	86	85	85	85	85	85	85	84	84	84	84	84	84	83	83	83	83	83	83	83	83	83	83	83	83	83	83	83	83	83	83	83	83	83	83	83	84	84	84	85	85	85	85	86	86	87	87	87	88	88	88	89	89	89	89	90	90	90	91	91	91	92	93	93	93	93	94	94	95	95	96	96	96	97	97	98	98	99	99	100	100	101	101	102	102	102	103	103	103	104	104	105	105	105	106	106	106	107	107	108	108	109	109	110	110	111	111	111	112	112	112	113	113	114	114	115	115	116	116	117	118	118	119	119	120	120	121	121	122	122	123	123	124	124	125	126	126	126	127	128	128	129	129	130	130	131	131	132	133	133	134	135	135	136	136	137	137	137	138	138	138	139	139	140	140	141	141	142	142	143	143	144	144	145	145	146	146	147	147	147	148	148	149	149	150	150	151	151	152	152	153	153	153	154	154	154	155	155	156	156	156	157	157	158	158	158	158	159	159	159	159	160	160	160	160	161	161	161	161	161	161	161	161	161	161	161	161	161	161	161	161	161	161	161	161	161	161	161	161	161	161	161	161	161	161	161	161	161	161	161	162	162	162	162	162	162	162	162	162	162	162	162	162	162	162	162	162	161	161	161	161	161	160	160	160	160	160	160	159	159	159	159	158	158	157	157	156	156	155	155	154	154	153	153	153	152	152	151	151	150	150	149	149	148	148	147	147	146	146	145	145	144	144	143	143	142	142	141	141	140	140	139	139	138	138	137	137	137	136	136	135	135	134	134	133	133	132	132	131	131	130	130	129	129	128	128	128	127	127	126	126	125	125	125	124	124	124	124	123	123	122	122	122	121	121	121	120	120	120	120	119	119	118	118	118	117	117	116	116	116	115	115	115	114	114	113	113	112	112	112	111	111	111	110	110	109	109	108	108	107	107	106	106	105	105	104	104	103	103	102	102	102	102	101	101	101	100	100	100	99	99	99	98	98	98	98	97	97	97	97	97	96	96	96	96	96	96	96	96	96	96	96	96	96	96	96	96	96	96	96	96	96	96	96	96	96	96	96	95	95	95	95	95	94	94	94	94	94	93	93	93	93	93	92	92	92	91	91	91	91	END
QUANTIFICATION
Time[s]	Q_Integrate	Q_AMP	Q_Sum_pix	Q_MIP_int	Pix_Y	Pix_X	Pix_Z	AMP	BGD	SigmaXY	SigmaZ	MuY	MuX	MuZ	RES	Cent_Y	Cent_X	Cent_Z	OPB_time	OPB_INT	OPB_FIT	OPB_FIT_norm
0	5.8142e+06	85.0491	404	299	109	227	0	85.0491	63	107.21	0	17989.8	8769	0	576222	310.063	404.349	0	0	631.797	772.663	1
180	1.45003e+07	380.049	2427	203	109	227	0	380.049	64	78.1137	0	17982.6	8718.23	0	912525	367.024	359.971	0	180	649.764	771.274	0.998202
360	4.10471e+06	43.2727	395	0	109	227	0	43.2727	63	132.705	0	18091	8769	0	668529	370.94	399.681	0	360	628.061	769.887	0.996406
540	683945	35.9856	460	18	109	227	0	35.9856	63	55.0001	0	17933.2	8763.89	0	237262	363.882	329.356	0	540	624.395	768.502	0.994615
720	7.07989e+06	372.508	984	189	109	227	0	372.508	63	55	0	18091	8769	0	291054	394.266	367.483	0	720	628.85	767.12	0.992826
900	2.63248e-09	2.22045e-14	136	49	109	227	0	2.22045e-14	63	159	0	18091	8769	0	273116	371.945	393.689	0	900	643.736	765.741	0.99104
1080	2.68611e+07	233.618	1108	22	109	227	0	233.618	63	154.688	0	18091	8611	0	2.25767e+06	422.289	208.119	0	1080	635.378	764.364	0.989258
1260	2.49273e+07	361.473	1938	293	109	227	0	361.473	63	107.766	0	18056.1	8769	0	586157	341.373	368.175	0	1260	633.867	762.989	0.987479
1440	7.52912e+06	80.4613	262	0	109	227	0	80.4613	63	131.405	0	18091	8769	0	765460	369.541	441.573	0	1440	625.816	761.617	0.985703
1620	8.00226e+07	1377.42	8337	980	109	227	0	1377.42	64	97.643	0	18039.5	8674.02	0	1.72601e+06	343.636	322.295	0	1620	621.263	760.247	0.983931
1800	4.10758e+07	1289.61	5571	1188	105	227	0	1289.61	64	71.2619	0	18018.8	8346.51	0	693672	309.746	303.705	0	1800	612.641	758.88	0.982161
1980	1.653e+08	2257.35	15063	2236	112	222	0	2257.35	63.0012	111.748	0	17615.1	8940.26	0	2.42332e+06	306.084	327.211	0	1980	611.599	757.515	0.980395
2160	5.56609e+07	703.092	5418	320	108	222	0	703.092	64	117.342	0	17613.8	8615.77	0	1.66885e+06	305.392	325.869	0	2160	607.046	756.153	0.978632
2340	4.14593e+06	218.137	762	404	108	222	0	218.137	64	55.0001	0	17617.1	8580.23	0	1.46149e+06	209.169	212.445	0	2340	604.286	754.793	0.976872
2520	3.88354e+06	204.332	1035	25	108	222	0	204.332	64	55	0	17607.8	8558.3	0	484992	344.388	314.415	0	2520	601.859	753.436	0.975115
2700	6.54441e+07	980.196	6480	760	110	218	0	980.196	63	105.725	0	17278.8	8734.67	0	1.66721e+06	310.983	293.628	0	2700	600.764	752.081	0.973361
2880	4.09668e+06	215.547	1121	200	110	218	0	215.547	64	55	0	17275.1	8706.53	0	1.34737e+06	394.128	398.665	0	2880	598.035	750.728	0.971611
3060	370358	19.4828	315	10	110	218	0	19.4828	64	55.005	0	17222	8848	0	505218	269.968	314.477	0	3060	604.08	749.378	0.969863
3240	5.5367e+06	291.313	1175	131	110	218	0	291.313	63	55	0	17367.9	8783.87	0	404287	332.811	321.489	0	3240	602.897	748.03	0.968119
3420	8.50148e-09	4.47305e-13	123	0	110	218	0	4.47305e-13	63	55	0	17380	8690	0	412819	392.044	274.884	0	3420	607.538	746.685	0.966378
3600	1.05455e+06	55.485	342	280	110	218	0	55.485	63	55	0	17302.6	8769.61	0	415943	294.447	353.981	0	3600	613.384	745.342	0.96464
3780	1.12868e+06	59.3852	561	192	110	218	0	59.3852	63	55	0	17331.8	8771.05	0	458697	294.227	248.197	0	3780	598.016	744.002	0.962906
3960	1.85781e+06	97.7486	385	0	110	218	0	97.7486	63	55	0	17380	8698.36	0	278685	281.925	304.283	0	3960	616.571	742.664	0.961174
4140	2.62831e+06	138.288	530	122	110	218	0	138.288	64	55	0	17222	8794.44	0	417073	257.443	283.189	0	4140	598.97	741.328	0.959445
4320	830269	43.6845	296	0	110	218	0	43.6845	63.0004	55	0	17293	8848	0	293447	320.511	330.548	0	4320	608.695	739.995	0.95772
4500	3.90303e+06	205.358	852	49	110	218	0	205.358	63	55	0	17380	8848	0	475897	402.367	341.136	0	4500	610.554	738.664	0.955997
4680	8.05972e+06	424.062	1529	112	110	218	0	424.062	63	55	0	17226.1	8764.64	0	330342	304.867	276.93	0	4680	614.763	737.336	0.954278
4860	866594	45.5958	556	0	110	218	0	45.5958	64	55	0	17227.9	8690	0	383988	268.013	300.565	0	4860	603.356	736.01	0.952562
5040	4.70337e+06	52.5523	635	175	110	218	0	52.5523	63	127.334	0	17233.6	8690	0	392996	281.178	249.521	0	5040	606.308	734.686	0.950849
5220	1.76279e+06	80.0919	116	0	110	218	0	80.0919	63	59.1893	0	17222	8754.53	0	454328	274.061	335.372	0	5220	596.519	733.365	0.949139
5400	3.25988e+06	27.4964	539	33	110	218	0	27.4964	64	159	0	17222	8690	0	412726	282.541	307.107	0	5400	603.406	732.046	0.947432
5580	872599	45.9118	290	0	110	218	0	45.9118	63	55	0	17222	8767.4	0	285272	346.492	303.641	0	5580	606.065	730.73	0.945728
5760	7.27517e+07	1072.91	7028	1034	104	208	0	1072.91	63	106.693	0	16482.6	8275.14	0	1.139e+06	290.227	305.487	0	5760	590.844	729.415	0.944027
5940	1.27383e+08	1196.64	9019	1221	104	205	0	1196.64	63	144.954	0	16246.7	8292.74	0	2.45146e+06	297.207	317.869	0	5940	605.961	728.104	0.94233
6120	833744	21.9157	386	98	104	205	0	21.9157	63	77.9977	0	16195	8373.67	0	285568	293.825	327.132	0	6120	602.81	726.794	0.940635
6300	6.0721e+07	959.303	5919	1389	95	198	0	959.303	63	102.498	0	15692.5	7557.44	0	1.38212e+06	289.895	291.547	0	6300	601.173	725.487	0.938943
6480	5.30501e+06	68.7893	723	158	95	198	0	68.7893	63	115.406	0	15642	7505	0	448296	262.427	311.973	0	6480	592.716	724.183	0.937255
6660	579634	30.4947	510	136	95	198	0	30.4947	64	55.0024	0	15642	7656.7	0	538499	260.818	305.647	0	6660	598.708	722.88	0.935569
6840	2.48945e+06	130.982	686	319	95	198	0	130.982	63	55.0001	0	15734.3	7598.26	0	426734	298.974	380.489	0	6840	615.995	721.58	0.933887
7020	8.4829e+07	1150.25	6962	1795	99	189	0	1150.25	64	112.236	0	15006.3	7935.57	0	2.2402e+06	302.23	331.416	0	7020	608.188	720.283	0.932207
7200	9.59978e+07	1126.14	8336	546	100	191	0	1126.14	63.0001	123.171	0	15155.1	7955.65	0	2.35699e+06	316.164	301.294	0	7200	634.77	718.987	0.930531
7380	4.71381e+06	248.017	898	168	100	191	0	248.017	63	55	0	15246.5	7912.61	0	337042	340.38	281.037	0	7380	619.498	717.694	0.928857
7560	4.78731e+07	1046.52	5820	1010	97	192	0	1046.52	64	85.8199	0	15223.4	7738.53	0	865009	293.336	298.053	0	7560	597.174	716.403	0.927187
7740	5.72849e+07	1067.16	5860	1324	99	201	0	1067.16	64	93.4809	0	15921.2	7859.06	0	1.25135e+06	284.035	276.75	0	7740	629.906	715.115	0.92552
7920	1.15618e+08	1466.85	9522	1619	99	205	0	1466.85	64	117.015	0	16244.9	7871	0	1.89645e+06	284.983	299.088	0	7920	617.696	713.829	0.923855
8100	6.03945e+07	1031.99	6404	1062	100	207	0	1031.99	64	98.0426	0	16444.6	7978.84	0	2.32843e+06	289.569	291.68	0	8100	603.178	712.545	0.922194
8280	3.00235e+07	262.854	1068	54	100	207	0	262.854	63.0001	153.793	0	16511	8058	0	1.00244e+06	381.315	404.569	0	8280	622.352	711.264	0.920535
8460	2.08879e+06	109.901	693	0	100	207	0	109.901	64	55	0	16353	7987.95	0	400399	292.151	335.783	0	8460	616.668	709.985	0.91888
8640	5.06953e+07	1225.99	5869	1402	106	214	0	1225.99	64	81.4176	0	17001.8	8432.24	0	1.75252e+06	326.566	292.51	0	8640	618.987	708.708	0.917227
8820	7.19656e+07	771.26	6332	459	104	208	0	771.26	64	131.137	0	16529.9	8279.06	0	2.20242e+06	322.604	300.572	0	8820	639.452	707.433	0.915578
9000	2.30351e+08	2711.26	18557	3013	107	212	0	2711.26	63.9999	122.895	0	16808.4	8528.42	0	5.33408e+06	294.425	304.802	0	9000	647.491	706.161	0.913931
9180	3.07008e+08	3246.23	22388	3546	113	214	0	3246.23	63.9998	132.417	0	16960.7	8963.31	0	6.74415e+06	290.422	274.045	0	9180	634.173	704.891	0.912288
9360	2.3306e+08	2104.04	15149	1759	108	211	0	2104.04	63	149.793	0	16788.1	8565.25	0	5.01267e+06	338.535	274.83	0	9360	641.394	703.624	0.910647
9540	7.20929e+07	790.286	6009	615	108	210	0	790.286	63	129.046	0	16681.9	8617.82	0	1.10785e+06	323.249	328.5	0	9540	638.759	702.358	0.909009
9720	2.49806e+06	131.435	508	311	108	210	0	131.435	63	55	0	16694	8612.12	0	420517	297.931	330.024	0	9720	658.886	701.095	0.907375
9900	9.79953e+06	82.6571	657	126	108	210	0	82.6571	64	159	0	16600.2	8690	0	624448	307.821	392.394	0	9900	652.046	699.834	0.905743
10080	3.21027e+06	79.2334	357	0	108	210	0	79.2334	63.9998	80.565	0	16590	8649.04	0	539622	277.834	289.236	0	10080	658.972	698.576	0.904114
10260	3.35305e+06	176.421	599	0	108	210	0	176.421	63	55	0	16669.8	8532	0	453975	312.614	350.673	0	10260	661.079	697.319	0.902488
10440	8.57877e+06	368.989	1380	166	108	210	0	368.989	63	60.8357	0	16615.4	8536.18	0	368029	267.264	289.438	0	10440	635.33	696.065	0.900865
10620	1.04727e+07	149.227	523	233	108	210	0	149.227	63	108.902	0	16590	8532	0	634567	254.046	284.055	0	10620	654.378	694.814	0.899245
10800	7.23202e+06	115.175	554	0	108	210	0	115.175	63	102.027	0	16748	8690	0	580019	417.35	322.641	0	10800	659.327	693.564	0.897628
10980	2.01702e+06	106.125	521	142	108	210	0	106.125	64	55	0	16748	8551.69	0	552109	356.224	301.861	0	10980	664.379	692.317	0.896013
11160	8.0545e+06	68.4507	201	0	108	210	0	68.4507	63	157.916	0	16748	8690	0	796014	442.075	392.308	0	11160	656.96	691.072	0.894402
11340	2.52664e+06	132.939	647	299	108	210	0	132.939	63	55	0	16694.4	8609.74	0	320299	271.721	272.584	0	11340	661.526	689.829	0.892793
11520	0.00692322	5.84285e-08	92	0	108	210	0	5.84285e-08	64	158.919	0	16748	8532	0	436675	364	361.122	0	11520	665.546	688.588	0.891188
11700	1.76021e+07	166.358	558	36	108	210	0	166.358	63	144.249	0	16748	8690	0	1.07137e+06	392.516	360.381	0	11700	659.634	687.35	0.889585
11880	4.85029e+06	255.198	755	260	108	210	0	255.198	63	55	0	16670.4	8554.86	0	364349	299.878	308.267	0	11880	668.281	686.114	0.887985
12060	650822	34.2429	302	0	108	210	0	34.2429	63	55	0	16590	8536.88	0	228342	323.262	309.398	0	12060	667.923	684.88	0.886388
12240	2.31447e+06	121.776	602	254	108	210	0	121.776	63	55	0	16678.8	8648.01	0	412410	353.133	303.243	0	12240	689.637	683.648	0.884794
12420	1.258e+06	66.1891	549	69	108	210	0	66.1891	63	55.0002	0	16683.8	8677.76	0	392560	351.66	355.693	0	12420	671.999	682.419	0.883203
12600	4.80317e+07	1291.02	6459	1036	123	220	0	1291.02	64	77.1129	0	17495.7	9800.41	0	928325	338.325	303.516	0	12600	667.515	681.192	0.881615
12780	987139	51.9383	566	0	123	220	0	51.9383	63.9999	55	0	17380	9718.25	0	818326	230.948	410.258	0	12780	690.014	679.966	0.880029
12960	805699	42.3918	285	26	123	220	0	42.3918	63.9998	55	0	17380	9875	0	445315	279.918	312.462	0	12960	682.146	678.744	0.878447
13140	3.0899e+06	162.575	603	18	123	220	0	162.575	63	55	0	17457.3	9872.07	0	376223	288.301	329.329	0	13140	689.846	677.523	0.876867
13320	6.36839e+07	1689.27	8131	1653	123	212	0	1689.27	63	77.6356	0	16825.7	9821.96	0	894441	305.763	349.995	0	13320	698.575	676.305	0.87529
13500	7.19423e+06	60.6818	460	105	123	212	0	60.6818	64	159	0	16748	9875	0	1.0491e+06	244.092	363.939	0	13500	686.669	675.088	0.873716
13680	8.83211e+07	1131.39	7943	1279	126	206	0	1131.39	63	116.298	0	16308.4	10018.9	0	3.08262e+06	271.025	302.035	0	13680	699.585	673.874	0.872145
13860	7.27686e+07	1166.06	7560	830	129	204	0	1166.06	64	101.668	0	16183	10243.6	0	1.66562e+06	323.886	290.364	0	13860	706.189	672.662	0.870576
14040	1.0331e+08	1414.31	9646	1758	133	207	0	1414.31	64	111.579	0	16426.4	10560.4	0	2.05222e+06	303.611	299.194	0	14040	714.093	671.453	0.869011
14220	5.79257e+07	789.815	5750	696	132	209	0	789.815	63	111.854	0	16607.4	10544	0	1.57387e+06	349.496	347.066	0	14220	692.653	670.245	0.867448
14400	1.48592e+08	2023.51	13845	1555	134	207	0	2023.51	64	111.941	0	16413	10647.7	0	3.23075e+06	301.528	296.485	0	14400	695.652	669.04	0.865888
14580	9.26198e+07	1155.39	8695	939	135	208	0	1155.39	64	118.29	0	16495.6	10733.5	0	2.23052e+06	292.195	294.051	0	14580	700.075	667.837	0.864331
14760	1.59573e+08	2207.55	13686	2373	135	203	0	2207.55	63.0001	110.867	0	16144.9	10718.7	0	3.55255e+06	339.352	293.902	0	14760	695.582	666.636	0.862776
14940	1.28357e+08	1691.53	11236	1651	136	208	0	1691.53	63.9999	114.239	0	16497.3	10854.7	0	2.28088e+06	290.168	336.838	0	14940	696.323	665.437	0.861225
15120	1.96463e+08	2370.63	15532	2811	135	203	0	2370.63	64	120.882	0	16114.3	10797.6	0	5.11053e+06	312.347	366.358	0	15120	698.756	664.24	0.859676
15300	1.20731e+08	1289.62	9246	1465	139	201	0	1289.62	64	131.448	0	15993.2	11045.9	0	2.82062e+06	341.579	311.762	0	15300	691.783	663.045	0.85813
15480	3.02212e+08	3141.78	23332	2998	138	199	0	3141.78	64	134.067	0	15782.2	10982.2	0	7.07935e+06	316.762	313.596	0	15480	698.772	661.853	0.856586
15660	3.21553e+08	3153.35	22204	3668	136	203	0	3153.35	64	140.106	0	16099.6	10856.4	0	6.04361e+06	311.28	338.767	0	15660	714.73	660.663	0.855046
15840	2.31224e+08	2962.75	19261	3117	137	206	0	2962.75	63.0007	116.279	0	16336.1	10910.5	0	6.8673e+06	298.737	325.184	0	15840	701.16	659.475	0.853508
16020	2.39999e+08	2657	18675	2866	141	206	0	2657	63	128.154	0	16373.3	11240	0	4.5408e+06	334.588	342.066	0	16020	700.548	658.289	0.851973
16200	1.06446e+08	1117.46	8149	853	145	205	0	1117.46	63	133.112	0	16234.6	11505.9	0	1.47281e+06	283.498	295.96	0	16200	716.48	657.105	0.850441
16380	1.47229e+08	1539.41	11340	1492	141	205	0	1539.41	63	133.503	0	16291.2	11197.9	0	2.43953e+06	331.867	296.241	0	16380	709.978	655.923	0.848912
16560	1.93573e+08	2687.95	16104	2364	143	204	0	2687.95	63.0001	110.615	0	16157.9	11339.6	0	2.34166e+06	286.159	294.227	0	16560	705.02	654.743	0.847385
16740	1.92819e+08	1751.29	12983	1697	138	198	0	1751.29	63.0001	149.034	0	15665.7	10987.6	0	3.92157e+06	277.734	317.161	0	16740	698.476	653.566	0.845861
16920	2.08726e+08	2467.8	17374	2318	136	196	0	2467.8	63	122.526	0	15582.4	10821.2	0	4.03295e+06	342.798	318.683	0	16920	710.017	652.391	0.84434
17100	1.86203e+08	2828.84	17707	3342	136	197	0	2828.84	63.9999	104.847	0	15637.2	10851.3	0	7.02189e+06	321.004	350.147	0	17100	713.875	651.217	0.842822
17280	2.07087e+08	2405.75	16007	2084	135	195	0	2405.75	63	123.982	0	15529.9	10780.7	0	6.29898e+06	362.3	344.396	0	17280	696.87	650.046	0.841306
17460	3.94293e+08	5077.63	34104	4713	136	193	0	5077.63	63.9999	115.909	0	15309.9	10818.1	0	6.58843e+06	308.731	318.316	0	17460	721.884	648.877	0.839793
17640	3.92687e+08	4616.85	30598	3870	135	191	0	4616.85	63	122.987	0	15169	10774.2	0	8.38661e+06	312.525	347.406	0	17640	704.962	647.71	0.838283
17820	4.79202e+08	5202.07	34572	5315	134	194	0	5202.07	63.9999	129.94	0	15441.5	10694.4	0	1.16234e+07	350.377	340.223	0	17820	698.747	646.545	0.836775
18000	4.96858e+08	4277.09	33068	3589	137	195	0	4277.09	64	156.104	0	15469.1	10893.5	0	1.20242e+07	307.293	315.747	0	18000	720.927	645.383	0.83527
18180	2.45821e+08	2163.74	16140	2301	138	193	0	2163.74	63.0001	153.075	0	15331.9	10983.8	0	6.6104e+06	322.959	315.191	0	18180	725.458	644.222	0.833768
18360	2.10988e+08	2163.27	16270	2264	140	193	0	2163.27	63.0008	135.448	0	15336.1	11137.5	0	3.97841e+06	324.767	305.807	0	18360	716.78	643.064	0.832269
18540	1.00877e+08	1316.21	9253	870	139	200	0	1316.21	64	114.955	0	15873.6	11060.8	0	2.31172e+06	302.234	325.09	0	18540	709.971	641.907	0.830772
18720	1.6063e+08	2062.89	13519	2201	136	197	0	2062.89	64	116.111	0	15670.1	10827	0	3.66641e+06	333.228	328.647	0	18720	722.61	640.753	0.829278
18900	1.08469e+08	2192.88	11345	2289	138	197	0	2192.88	64	89.4479	0	15607.4	10989.4	0	3.66411e+06	306.692	348.954	0	18900	715.093	639.6	0.827787
19080	3.36062e+07	604.001	3896	816	138	197	0	604.001	64	95.3341	0	15696.3	10952.2	0	1.28798e+06	382.264	307.354	0	19080	708.243	638.45	0.826298
19260	1.64518e+07	140.555	1620	198	138	197	0	140.555	64	157.164	0	15667.3	11060	0	707739	308.409	327.962	0	19260	712.582	637.302	0.824812
19440	5.95555e+06	313.351	1072	119	138	197	0	313.351	64	55	0	15709.7	10902	0	951561	313.906	314.751	0	19440	731.783	636.156	0.823329
19620	4.38983e+07	748.801	4895	657	139	200	0	748.801	64	98.1386	0	15849.7	11082.2	0	1.72442e+06	288.349	340.447	0	19620	715.42	635.012	0.821848
19800	1.2046e+08	1844.81	11241	1513	134	199	0	1844.81	64	104.358	0	15768.4	10702.2	0	2.48399e+06	292.844	346.377	0	19800	700.528	633.87	0.82037
19980	2.11514e+08	2298.88	15684	2088	141	196	0	2298.88	63.9993	129.83	0	15531.6	11190.3	0	5.28965e+06	289.993	298.537	0	19980	707.209	632.73	0.818895
20160	6.40279e+07	728.323	5323	818	137	197	0	728.323	64	125.771	0	15607.1	10876.1	0	1.82277e+06	304.468	312.377	0	20160	715.804	631.592	0.817422
20340	6.12476e+07	1553.37	7334	1443	135	191	0	1553.37	64	79.4433	0	15156.4	10778.7	0	486516	312.299	335.2	0	20340	698.969	630.456	0.815952
20520	9.32347e+07	1312.37	8112	1315	134	195	0	1312.37	64	109.707	0	15503	10703.6	0	2.03528e+06	331.877	346.306	0	20520	702.63	629.322	0.814484
20700	1.46532e+08	1725.23	12103	1873	131	195	0	1725.23	64	122.87	0	15487	10382.9	0	3.52566e+06	322.084	278.133	0	20700	699.242	628.191	0.81302
20880	8.18604e+07	1109.79	6891	1126	133	198	0	1109.79	63	112.249	0	15682.8	10572.1	0	1.5769e+06	287.062	295.559	0	20880	729.972	627.061	0.811558
21060	1.42443e+08	2639.63	14875	2841	134	200	0	2639.63	64	93.7499	0	15851.6	10669.9	0	2.39608e+06	296.672	319.221	0	21060	729.841	625.933	0.810098
21240	8.87453e+07	978.327	7301	954	139	201	0	978.327	63	128.536	0	15911.1	11016.3	0	2.41992e+06	275.165	279.426	0	21240	719.712	624.807	0.808641
21420	1.23073e+08	1732.5	10333	1830	138	203	0	1732.5	64	109.702	0	16076.1	10946.6	0	3.14252e+06	292.672	304.186	0	21420	719.102	623.684	0.807187
21600	6.04746e+07	1102.53	6763	714	139	204	0	1102.53	64	94.5896	0	16184.3	11086.1	0	2.01508e+06	306.439	325.28	0	21600	731.005	622.562	0.805735
21780	1.7994e+08	2902.67	17161	2457	137	203	0	2902.67	63.9978	101.282	0	16085.9	10884.2	0	3.02745e+06	286.595	302.464	0	21780	734.74	621.443	0.804286
21960	1.54283e+08	1384.37	10082	1567	139	200	0	1384.37	63.0001	150.569	0	15913.7	11055.6	0	3.08952e+06	340.39	309.631	0	21960	729.015	620.325	0.80284
22140	1.73212e+08	2347.48	15745	2561	146	199	0	2347.48	63.0001	112.272	0	15781.9	11599	0	2.43853e+06	301.358	302.294	0	22140	712.097	619.209	0.801396
22320	1.31917e+08	1906.71	12399	1690	149	197	0	1906.71	63.9999	107.976	0	15646.6	11858.4	0	2.98691e+06	325.915	325.291	0	22320	708.906	618.096	0.799955
22500	1.24353e+08	1500.47	9876	1916	146	194	0	1500.47	63.9967	120.884	0	15378.1	11639.9	0	2.58223e+06	288.006	327.619	0	22500	713.512	616.984	0.798516
22680	2.4034e+08	2694.17	18440	2290	146	194	0	2694.17	63.0001	127.046	0	15421.6	11591.5	0	3.54586e+06	330.998	306.157	0	22680	694.46	615.875	0.79708
22860	2.46341e+08	2223.08	16631	2370	146	198	0	2223.08	63.001	149.841	0	15720.6	11631.1	0	5.26047e+06	316.185	325.692	0	22860	711.973	614.767	0.795647
23040	1.51793e+08	1535.45	10422	1585	141	201	0	1535.45	63.0001	136.825	0	15930.4	11212.9	0	3.64548e+06	299.59	319.008	0	23040	713.134	613.662	0.794216
23220	1.35418e+08	1546.4	10650	1648	142	201	0	1546.4	63.3642	125.436	0	15991.8	11271.8	0	3.80457e+06	338.457	286.931	0	23220	690.715	612.558	0.792788
23400	1.18072e+08	1466.33	9940	1727	140	201	0	1466.33	64	118.632	0	15934.5	11134.9	0	2.04251e+06	303.957	311.166	0	23400	705.944	611.456	0.791362
23580	6.63168e+07	1081.82	6459	1233	143	205	0	1081.82	64	100.639	0	16269.7	11343	0	1.30233e+06	304.231	297.308	0	23580	718.802	610.357	0.789939
23760	1.11504e+08	1421.16	9500	1811	141	210	0	1421.16	64	116.673	0	16690.2	11219.3	0	3.2449e+06	346.698	301.204	0	23760	713.472	609.259	0.788518
23940	1.63485e+08	1935.81	12611	1679	140	211	0	1935.81	63	122.404	0	16721.1	11163.3	0	3.17039e+06	300.985	332.627	0	23940	713.14	608.163	0.7871
24120	1.748e+08	2190.44	14734	1928	138	207	0	2190.44	63.9989	117.946	0	16413.1	11006	0	4.20299e+06	289.388	332.682	0	24120	720.994	607.07	0.785684
24300	1.53468e+08	2085.28	13718	1921	140	205	0	2085.28	63.9999	112.093	0	16268.1	11145.5	0	2.48871e+06	323.251	320.593	0	24300	722.055	605.978	0.784272
24480	2.59313e+08	2823.25	19628	2953	140	209	0	2823.25	63.0021	129.671	0	16585.2	11160	0	6.1186e+06	318.449	326.042	0	24480	731.605	604.888	0.782861
24660	2.50899e+08	2620.41	19343	2238	140	212	0	2620.41	64	133.614	0	16813	11162.4	0	6.95804e+06	315.415	342.733	0	24660	738.115	603.8	0.781453
24840	4.13282e+08	4128.8	29695	4565	143	210	0	4128.8	63	138.122	0	16680	11381.6	0	1.73928e+07	339.046	326.046	0	24840	734.329	602.714	0.780048
25020	3.5557e+08	2999.16	21698	2900	144	210	0	2999.16	64	159	0	16620.9	11453.4	0	1.82644e+07	286.604	316.867	0	25020	744.563	601.631	0.778645
25200	2.77396e+08	2466.66	19863	2767	143	210	0	2466.66	64	151.736	0	16674	11400.7	0	1.06104e+07	321.445	343.743	0	25200	764.492	600.549	0.777245
25380	1.91457e+08	1638.85	11822	1721	142	211	0	1638.85	63	156.893	0	16669	11322.4	0	8.15427e+06	261.883	335.802	0	25380	724.295	599.469	0.775847
25560	2.00794e+08	1860.89	13586	2558	141	214	0	1860.89	63.0001	146.562	0	16986.7	11203.4	0	4.7983e+06	318.977	311.894	0	25560	743.237	598.39	0.774452
25740	2.92986e+08	2471.28	16086	2426	137	210	0	2471.28	64	159	0	16670.5	10921.8	0	1.0852e+07	318.848	332.053	0	25740	734.468	597.314	0.773059
25920	2.70666e+08	2461.07	18128	2664	136	210	0	2461.07	63	148.896	0	16662.9	10850.9	0	9.35456e+06	308.465	337.152	0	25920	739.408	596.24	0.771669
26100	2.17385e+08	2152.89	15437	2105	136	216	0	2152.89	63.0001	139.046	0	17155.9	10855.3	0	4.93284e+06	325.48	339.022	0	26100	748.416	595.168	0.770281
26280	1.18866e+08	1214.98	8820	1451	142	221	0	1214.98	63	135.759	0	17479.6	11340.1	0	2.12888e+06	265.161	344.62	0	26280	772.546	594.098	0.768896
26460	2.13269e+08	2417.25	17559	1908	136	218	0	2417.25	63.0002	126.081	0	17289.6	10836.8	0	5.76953e+06	303.461	331.497	0	26460	762.54	593.029	0.767513
26640	3.04013e+08	2995.7	20094	2691	144	219	0	2995.7	63.0001	139.586	0	17399.9	11427.5	0	7.23961e+06	331.865	297.424	0	26640	752.443	591.963	0.766133
26820	1.67082e+08	1904.31	14151	1431	140	218	0	1904.31	63	125.602	0	17315.3	11134	0	3.1352e+06	322.09	318.609	0	26820	772.849	590.898	0.764755
27000	1.62664e+08	1634.16	12346	1806	142	218	0	1634.16	64	137.537	0	17326.8	11275.5	0	6.94492e+06	338.209	298.59	0	27000	750.591	589.835	0.763379
27180	2.15747e+08	2534.59	17085	2681	139	215	0	2534.59	63	123.05	0	17028.8	11126.8	0	1.23506e+07	285.581	375.863	0	27180	758.457	588.775	0.762007
27360	4.09239e+08	4046.66	28837	4103	142	212	0	4046.66	63	139.212	0	16860.5	11324.7	0	6.27343e+06	342.427	339.568	0	27360	770.18	587.716	0.760636
27540	2.10276e+08	2047.47	15134	2259	139	208	0	2047.47	63	140.883	0	16545.3	11118.3	0	7.03489e+06	345.257	366.3	0	27540	766.34	586.659	0.759268
27720	3.07815e+08	3081.16	22330	2017	139	206	0	3081.16	63	137.917	0	16388.2	11068.5	0	8.17518e+06	344.474	321.391	0	27720	779.77	585.604	0.757903
27900	3.16834e+08	3451.86	23366	3489	137	208	0	3451.86	63	129.608	0	16546.6	10932.7	0	9.96989e+06	349.271	343.165	0	27900	794.088	584.551	0.75654
28080	7.9837e+07	899.373	6246	713	136	209	0	899.373	64	126.615	0	16642.9	10801.6	0	3.55239e+06	355.47	303.957	0	28080	781.077	583.499	0.755179
28260	1.36029e+08	1848.79	12002	2031	137	213	0	1848.79	64	112.076	0	16892.3	10884.1	0	2.78587e+06	301.317	308.97	0	28260	770.922	582.45	0.753821
28440	3.87884e+08	4522.31	30532	4236	137	216	0	4522.31	63.9996	123.681	0	17155	10913.7	0	8.4358e+06	327.483	317.89	0	28440	778.17	581.403	0.752466
28620	4.92221e+08	5735.69	38065	6483	140	216	0	5735.69	63	123.726	0	17139.7	11113.9	0	7.33253e+06	315.094	289.58	0	28620	791.38	580.357	0.751112
28800	2.46184e+08	2676.24	18346	2892	138	215	0	2676.24	63.0003	129.811	0	17086.9	10967.7	0	2.84981e+06	338.802	312.776	0	28800	782.252	579.313	0.749762
