MS2-QUANT	v0j
Region DEFINITION, 05-Apr-2021
COMMENT	Outline definition performed in MS2-QUANT (Main program)
FILE	MAX_20201217_RI516_C12MS2128TkTat_001_visit_23.tif
PATH	/Volumes/EBL/20201217/
PARAMETERS
Pix-XY	Pix-Z	RI	Ex	Em	NA	dT	Type
79	600	1.458	488	521	1.4	180	widefield
ANALYSIS-SETTINGS	
IMAGING-BACKGROUND	150
LIMIT-FIT-SIGMA-XY-MIN	-38
LIMIT-FIT-SIGMA-XY-MAX	110
LIMIT-FIT-SIGMA-Z-MIN	0
LIMIT-FIT-SIGMA-Z-MAX	0
LIMIT-FIT-BGD-MIN	37
LIMIT-FIT-BGD-MAX	38
DETECTION-THRESHOLD	500
REGION	TxSite
X_POS	132	131	131	130	130	129	128	128	127	127	126	126	125	125	124	124	124	123	123	123	123	123	122	122	122	122	122	121	121	121	121	120	120	119	119	118	118	118	118	117	117	117	116	116	115	115	114	114	114	113	113	112	111	111	110	110	109	109	108	108	107	107	106	106	105	105	104	103	103	102	102	101	101	100	99	98	98	97	96	96	95	95	94	94	93	93	92	92	91	91	91	90	90	90	90	89	89	88	88	88	88	87	87	87	86	86	86	86	86	86	86	86	86	86	86	86	86	85	85	85	85	85	85	85	85	85	85	85	84	84	84	84	84	84	84	84	84	84	84	84	84	84	84	84	84	84	84	84	84	84	85	85	85	85	85	85	86	86	86	86	86	87	87	87	88	88	88	88	88	89	89	89	90	90	91	91	91	92	92	93	93	94	94	95	95	96	96	97	97	98	98	98	99	99	100	100	101	101	102	102	103	103	103	104	104	105	105	106	107	107	108	109	109	110	110	111	111	112	112	113	113	114	114	114	115	115	116	116	117	118	118	119	119	120	121	121	122	122	123	123	124	124	125	126	127	128	129	129	130	130	131	131	132	132	132	133	133	134	134	134	135	135	135	136	136	137	137	138	138	139	140	140	141	141	142	142	143	143	144	144	145	145	146	146	147	147	148	148	149	149	150	150	151	151	152	152	152	153	153	154	154	155	155	155	156	156	157	157	157	157	158	158	159	159	159	160	160	161	161	162	163	163	164	164	165	166	166	167	167	168	168	169	169	169	170	170	171	171	172	172	173	173	174	174	175	175	175	175	175	175	175	176	176	176	176	176	176	176	176	176	176	176	176	176	176	176	175	175	175	175	174	174	174	173	173	172	172	171	171	171	170	170	170	169	169	169	168	168	168	167	167	166	166	165	165	165	164	164	163	163	163	162	162	162	161	160	160	159	159	158	158	158	157	157	156	156	155	155	155	155	154	154	154	154	153	153	153	153	152	152	152	152	151	151	151	150	150	149	149	148	148	148	147	147	147	147	146	146	146	146	146	145	145	145	144	144	144	144	143	143	143	143	142	142	142	142	142	141	141	141	141	140	140	140	140	139	139	139	138	138	138	138	137	137	136	END
Y_POS	96	96	96	96	96	96	96	96	96	96	96	96	96	96	96	96	96	96	95	95	95	94	94	94	93	93	93	92	92	92	91	91	91	90	90	90	89	89	89	89	88	88	88	88	88	88	87	87	87	87	87	87	87	86	86	86	86	86	86	86	86	86	86	86	86	86	86	86	86	86	86	86	86	86	86	86	86	86	86	86	86	86	86	86	86	86	86	86	86	86	87	87	87	87	88	88	88	88	89	89	89	90	90	90	90	91	91	91	92	92	93	93	94	94	95	95	96	96	96	97	97	98	98	99	99	100	100	101	101	102	102	103	103	104	104	105	105	106	106	107	107	108	108	109	109	110	110	111	111	112	112	112	113	113	114	114	114	115	115	115	116	116	116	117	117	117	118	118	118	118	118	119	119	119	120	120	120	120	120	121	121	121	121	121	121	121	121	121	121	121	121	121	121	122	122	122	122	122	123	123	123	123	123	123	123	124	124	124	124	124	124	124	124	124	124	124	124	124	124	124	124	124	123	123	123	123	123	123	123	123	123	123	123	123	123	123	123	123	123	123	123	124	124	124	124	124	125	125	125	125	125	125	125	125	125	125	125	125	126	126	126	126	126	126	126	126	126	126	126	126	126	126	126	126	126	126	126	126	126	126	126	126	126	127	127	127	127	127	127	127	127	127	127	127	128	128	128	128	128	128	129	129	129	129	129	129	129	130	130	130	130	130	130	131	131	131	131	131	131	132	132	132	132	132	132	132	133	133	134	134	134	134	135	135	135	135	135	135	135	135	135	135	135	135	135	135	134	134	134	133	133	133	132	132	131	131	130	130	129	129	128	128	127	127	126	126	125	125	124	124	124	123	123	123	122	122	122	122	121	121	121	121	121	121	120	120	120	120	120	120	120	119	119	119	119	119	119	119	119	118	118	118	118	118	118	118	118	117	117	117	117	117	116	116	116	115	115	115	115	114	114	114	114	113	113	113	113	112	112	112	112	111	111	111	110	110	110	110	109	109	109	109	109	108	108	108	108	107	107	107	106	106	106	106	106	105	105	104	104	104	103	103	103	102	102	102	101	101	101	101	100	100	100	100	99	99	99	99	99	98	98	98	98	98	98	END
QUANTIFICATION
Time[s]	Q_Integrate	Q_AMP	Q_Sum_pix	Q_MIP_int	Pix_Y	Pix_X	Pix_Z	AMP	BGD	SigmaXY	SigmaZ	MuY	MuX	MuZ	RES	Cent_Y	Cent_X	Cent_Z	OPB_time	OPB_INT	OPB_FIT	OPB_FIT_norm
0	1.69133e+06	544	447	0	111	97	0	544	37	22.2446	0	7814.71	8776.78	0	90634.3	390.886	308.865	0	0	473.676	602.347	1
180	236332	331.666	186	0	111	97	0	331.666	37	-10.6493	0	7821	8771.48	0	103495	336.352	325.626	0	180	481.746	601.264	0.998202
360	0.803081	41.9505	114	0	111	97	0	41.9505	37	-0.0551977	0	7663.05	8811.5	0	112799	262.484	211.073	0	360	491.649	600.183	0.996406
540	0.00932656	24.7282	122	0	111	97	0	24.7282	37	0.00774774	0	7808.51	8897.25	0	72737	333.138	359.386	0	540	481.226	599.104	0.994615
720	1.15035e+06	619.767	252	0	111	97	0	619.767	37	-17.1874	0	7663	8844.5	0	196688	335.028	281.164	0	720	477.678	598.026	0.992826
900	1.21359e+06	373.995	279	187	111	97	0	373.995	37	22.7254	0	7718.73	8848	0	107544	323.033	271.001	0	900	480.126	596.951	0.99104
1080	4.06323e+06	56.9424	742	0	111	97	0	56.9424	37	110	0	7821	8913.22	0	192131	381.452	307.511	0	1080	470.375	595.877	0.989258
1260	1.41577e+06	364	421	0	111	97	0	364	37	-24.8803	0	7791.6	8769	0	93755	278.014	322.428	0	1260	480.66	594.805	0.987479
1440	1.80435e+06	683.998	513	91	111	97	0	683.998	37.9977	20.4901	0	7688	8827.63	0	207673	311.152	291.907	0	1440	472.811	593.736	0.985703
1620	1.85271e+06	615.971	530	0	111	97	0	615.971	38	21.8793	0	7690.81	8771.16	0	253569	274.847	273.595	0	1620	462.68	592.668	0.983931
1800	847411	15.8836	414	0	111	97	0	15.8836	37	93.169	0	7780.86	8927	0	124057	310.491	400.717	0	1800	461.122	591.602	0.982161
1980	3.22396e+06	145.049	480	0	111	97	0	145.049	37	59.4808	0	7663.84	8908.91	0	117907	329.735	343.874	0	1980	451.554	590.538	0.980395
2160	241049	235.99	192	0	111	97	0	235.99	37.0001	12.7502	0	7817.93	8800.93	0	118626	331.895	317.289	0	2160	448.772	589.476	0.978632
2340	2.44285e+06	470	422	0	111	97	0	470	37	28.7613	0	7663	8812.14	0	119713	292.768	285.434	0	2340	460.522	588.416	0.976872
2520	1.49876e+06	674	465	0	111	97	0	674	38	18.8125	0	7680.32	8769	0	262417	302.947	295.504	0	2520	460.902	587.358	0.975115
2700	1.23617e+06	449.997	275	11	111	97	0	449.997	37	20.9096	0	7663	8851.09	0	118874	261.231	317.802	0	2700	466.422	586.302	0.973361
2880	1.46177e+06	52.4672	282	0	111	97	0	52.4672	37.9722	66.6143	0	7663	8808.29	0	240503	280.542	284.528	0	2880	461.405	585.247	0.971611
3060	465978	37.3386	193	0	111	97	0	37.3386	38	44.567	0	7663	8874.62	0	163730	257.142	368.727	0	3060	469.778	584.195	0.969863
3240	0.000486519	49.2386	67	0	111	97	0	49.2386	37	-0.00125403	0	7717.86	8769.54	0	116833	326.196	294.07	0	3240	473.252	583.144	0.968119
3420	183728	220.787	91	0	111	97	0	220.787	37	-11.5083	0	7742.5	8775.96	0	98330.9	236.537	313.422	0	3420	457.901	582.095	0.966378
3600	6.88599e+06	163.113	858	0	111	97	0	163.113	37	82.2962	0	7780.54	8927	0	227431	318.673	389.625	0	3600	455.956	581.049	0.96464
3780	2.47192e+06	530	671	140	111	97	0	530	37	27.2452	0	7697.08	8831.05	0	160523	267.594	299.507	0	3780	440.397	580.004	0.962906
3960	2.6347e+06	422	752	107	111	97	0	422	37	31.5224	0	7709.8	8793.59	0	85781.6	313.903	321.116	0	3960	456.571	578.961	0.961174
4140	966403	508.569	214	0	111	97	0	508.569	38	17.3906	0	7740.02	8769.02	0	195008	252.21	294.03	0	4140	454.784	577.919	0.959445
4320	3.62059e+06	50.7391	651	0	111	97	0	50.7391	38	110	0	7821	8927	0	346713	360.463	354.377	0	4320	466.472	576.88	0.95772
4500	1.71993e-06	89.5573	128	0	111	97	0	89.5573	38	5.52859e-05	0	7778.49	8902.74	0	200688	299.938	311.745	0	4500	477.911	575.843	0.955997
4680	2.15689e+06	504	423	0	111	97	0	504	37	26.0981	0	7663	8823.39	0	115574	279.164	280.754	0	4680	464.886	574.807	0.954278
4860	1.38191e+06	151.427	393	0	111	97	0	151.427	37.9743	38.1109	0	7775.96	8927	0	138516	275.931	275.855	0	4860	443.714	573.773	0.952562
5040	421692	428	108	0	111	97	0	428	37	12.5223	0	7663	8769	0	118148	241.505	294.68	0	5040	425.615	572.741	0.950849
5220	2.77693e+06	598	634	214	111	97	0	598	37	27.1858	0	7716.61	8816.22	0	162985	311.949	340.348	0	5220	436.193	571.711	0.949139
5400	1.1724e+06	499.966	331	0	111	97	0	499.966	37	19.3187	0	7741.93	8769	0	124010	330.949	276.074	0	5400	434.592	570.683	0.947432
5580	1.18547e+06	498	359	64	111	97	0	498	37	19.4643	0	7821	8769	0	136896	349.439	272.326	0	5580	427.467	569.657	0.945728
5760	1.63433e+06	583.98	509	0	111	97	0	583.98	37	21.1048	0	7742.46	8927	0	128356	328.724	405.688	0	5760	418.431	568.633	0.944027
5940	161630	242.264	261	8	111	97	0	242.264	37	10.3045	0	7667.04	8849.16	0	116250	265.768	331.719	0	5940	444.913	567.61	0.94233
6120	54956.5	109.15	216	0	111	97	0	109.15	37.0028	8.95175	0	7663	8841.43	0	183517	252.36	304.117	0	6120	437.475	566.589	0.940635
6300	1.11904e+06	487.959	342	130	111	97	0	487.959	38	19.1047	0	7766.8	8816.64	0	148614	332.472	301.464	0	6300	428.004	565.57	0.938943
6480	49915	140.463	173	36	111	97	0	140.463	37	-7.52047	0	7664.44	8923.77	0	178203	286.719	372.455	0	6480	436.751	564.553	0.937255
6660	804108	321.84	250	93	111	97	0	321.84	37	19.941	0	7739.48	8804.49	0	105758	318.635	375.895	0	6660	438.13	563.538	0.935569
6840	3.17844e+06	63.0308	450	173	111	97	0	63.0308	37	90.3752	0	7773.66	8769	0	229094	344.022	275.26	0	6840	454.51	562.524	0.933887
7020	1.13132e+06	408	391	0	111	97	0	408	38	21.0074	0	7821	8829.87	0	179599	291.463	281.561	0	7020	445.178	561.513	0.932207
7200	0.00206233	55.2188	140	0	111	97	0	55.2188	37	0.00243807	0	7759.54	8811.25	0	218405	341.549	306.152	0	7200	462.357	560.503	0.930531
7380	3.3681e+06	216.913	664	0	111	97	0	216.913	37.9999	49.712	0	7663	8924.04	0	251758	324.812	345.832	0	7380	454.043	559.495	0.928857
7560	545624	74.0145	350	19	111	97	0	74.0145	37	34.253	0	7820.4	8769	0	134093	315.086	286.329	0	7560	483.275	558.489	0.927187
7740	3.3989e+06	868	970	96	111	97	0	868	38	24.9643	0	7729.35	8779.93	0	251991	258.179	352.833	0	7740	471.116	557.484	0.92552
7920	2.07315e+06	207.68	479	0	111	97	0	207.68	37	39.8591	0	7663	8786.12	0	112819	336.089	311.536	0	7920	439.032	556.482	0.923855
8100	613704	465.787	403	101	111	97	0	465.787	37	14.4809	0	7742.45	8814.02	0	146018	272.837	259.216	0	8100	443.174	555.481	0.922194
8280	1.11721e+06	479.997	396	0	111	97	0	479.997	37	19.2468	0	7781.73	8927	0	155169	363.432	338.617	0	8280	443.617	554.482	0.920535
8460	380286	5.33015	147	0	111	97	0	5.33015	37	109.99	0	7805.95	8769	0	210274	318.614	253.874	0	8460	446.721	553.485	0.91888
8640	2.40997e+06	647.997	554	324	111	97	0	647.997	37.426	24.3293	0	7745.02	8828.11	0	152181	337.173	370.553	0	8640	443.788	552.489	0.917227
8820	1.13066e+06	656	421	0	111	97	0	656	38	-16.5625	0	7663	8825.5	0	191843	337.934	323.335	0	8820	447.01	551.496	0.915578
9000	2.64226e+06	121.353	542	57	111	97	0	121.353	38	58.8705	0	7821	8927	0	266942	306.595	340.519	0	9000	448.274	550.504	0.913931
9180	3.19309e+06	44.7482	457	92	111	97	0	44.7482	38	110	0	7821	8778.98	0	264076	346.969	272.115	0	9180	458.435	549.514	0.912288
9360	1.06051e+06	387.994	487	79	111	97	0	387.994	38	20.8571	0	7663.63	8780.18	0	145980	316.93	318.047	0	9360	465.663	548.526	0.910647
9540	580104	387.994	304	0	111	97	0	387.994	37	15.4259	0	7790.23	8927	0	103288	362.21	381.165	0	9540	471.579	547.539	0.909009
9720	507509	385.437	279	0	111	97	0	385.437	37	14.4762	0	7820.97	8844.25	0	98661	330.315	366.435	0	9720	482.28	546.555	0.907375
9900	1.05005e+06	423.814	322	196	111	97	0	423.814	37.8971	19.8576	0	7739.35	8851.41	0	137837	353.803	292.983	0	9900	476.417	545.572	0.905743
10080	977068	711.989	423	50	111	97	0	711.989	38	-14.7787	0	7742.17	8909.38	0	194534	300.561	288.981	0	10080	455.904	544.591	0.904114
10260	1.0452e+06	507.253	265	22	111	97	0	507.253	37	18.1091	0	7821	8847.64	0	144979	332.542	277.809	0	10260	476.368	543.611	0.902488
10440	460849	547.778	149	0	111	97	0	547.778	37	-11.5714	0	7819.95	8769.05	0	156521	304.948	299.218	0	10440	470.181	542.634	0.900865
10620	9.11018	57.9655	65	0	111	97	0	57.9655	37	-0.158157	0	7663.19	8814.12	0	128181	242.334	310.244	0	10620	476.924	541.658	0.899245
10800	9.25089	20.9112	0	0	111	97	0	20.9112	37	0.265346	0	7667.99	8791.72	0	124863	273.037	285.032	0	10800	477.953	540.684	0.897628
10980	737430	357.995	438	2	111	97	0	357.995	37	18.1064	0	7663	8802.54	0	96967.6	347.509	264.411	0	10980	476.28	539.711	0.896013
11160	3.15025e+06	44.1478	245	35	111	97	0	44.1478	38	110	0	7821	8903.78	0	202631	374.352	295.352	0	11160	472.766	538.741	0.894402
11340	2.27897e+06	531.992	705	179	111	97	0	531.992	38	26.1112	0	7709.27	8821.99	0	175056	254.202	285.049	0	11340	474.689	537.772	0.892793
11520	424176	610.283	105	0	111	97	0	610.283	37	10.5176	0	7663	8769	0	161305	264.077	314.637	0	11520	476.735	536.805	0.891188
11700	899193	487.439	232	0	111	97	0	487.439	38	17.1347	0	7742.07	8769.02	0	232934	232.679	252.179	0	11700	477.793	535.839	0.889585
11880	1.81633e+06	436	659	53	111	97	0	436	37	25.7492	0	7786.91	8919.27	0	159090	345.145	352.111	0	11880	468.317	534.876	0.887985
12060	3.63546e-14	2.22045e-14	107	0	111	97	0	2.22045e-14	37.0019	0.510469	0	7721.23	8769.03	0	156552	319.088	279.208	0	12060	477.409	533.914	0.886388
12240	378467	552.447	253	0	111	97	0	552.447	37.2263	-10.4419	0	7817.57	8850.35	0	223577	331.174	288.525	0	12240	492.012	532.954	0.884794
12420	2.34597e+06	83.1861	261	6	111	97	0	83.1861	37.3352	67.0228	0	7740.83	8769	0	216607	251.947	311.233	0	12420	475.459	531.995	0.883203
12600	3.18391e+06	994	1088	0	111	97	0	994	38	22.5786	0	7663.02	8844.75	0	322265	317.56	288.757	0	12600	473.354	531.038	0.881615
12780	1.13574e+07	159.164	595	0	111	97	0	159.164	38	110	0	7821	8769	0	497438	343.165	262.369	0	12780	484.927	530.083	0.880029
12960	5.31451e+06	81.0615	279	116	111	97	0	81.0615	37	104.604	0	7663	8769	0	187143	315.133	252.23	0	12960	484.841	529.13	0.878447
13140	4.00761e+06	420.641	879	0	111	97	0	420.641	38	38.9401	0	7754.84	8927	0	249853	344.106	300.569	0	13140	493.596	528.179	0.876867
13320	1.09668e+06	397.999	297	9	111	97	0	397.999	37	20.9416	0	7747.63	8769	0	78344.3	295.54	309.18	0	13320	496.123	527.229	0.87529
13500	526704	253.636	154	127	111	97	0	253.636	37	18.1798	0	7741.98	8848.02	0	66151.1	341.585	287.489	0	13500	496.501	526.281	0.873716
13680	485662	316.188	250	19	111	97	0	316.188	37.9999	15.6353	0	7818.82	8848.5	0	131224	331.637	331.515	0	13680	501.014	525.334	0.872145
13860	2.08723e+06	848	562	0	111	97	0	848	38	19.7924	0	7663	8769	0	351816	296.405	300.135	0	13860	506.5	524.389	0.870576
14040	1.39797e+06	508	487	0	111	97	0	508	38	20.928	0	7745.05	8769.24	0	176536	323.479	308.634	0	14040	507.326	523.446	0.869011
14220	2.10705e+06	714	461	0	111	97	0	714	37	21.672	0	7821	8926.65	0	212540	374.288	247.526	0	14220	509.415	522.505	0.867448
14400	2.58544e+06	152.497	239	56	111	97	0	152.497	38	51.9456	0	7663	8847.36	0	503576	315.843	269.947	0	14400	514.981	521.565	0.865888
14580	2.78126e+06	131.4	297	0	111	97	0	131.4	38	58.0433	0	7821	8772.13	0	311750	349.079	290.615	0	14580	518.585	520.627	0.864331
14760	4.66576e+06	65.3862	522	0	111	97	0	65.3862	38	110	0	7821	8927	0	387348	371.947	345.579	0	14760	521.57	519.691	0.862776
14940	2.4501e+06	692	533	346	111	97	0	692	38	23.7383	0	7749.11	8833.9	0	122884	314.777	343.325	0	14940	524.953	518.756	0.861225
15120	1.8276e+06	210.434	313	0	111	97	0	210.434	37	37.1786	0	7776.66	8769	0	205082	275.89	261.082	0	15120	510.703	517.823	0.859676
15300	1.96893e+06	679.998	440	0	111	97	0	679.998	37	21.467	0	7663	8926.79	0	111436	341.934	326.679	0	15300	522.181	516.892	0.85813
15480	4.2677e+06	387.646	382	53	111	97	0	387.646	38	41.859	0	7821	8927	0	242027	392.276	348.394	0	15480	520.167	515.963	0.856586
15660	279924	416.358	148	0	111	97	0	416.358	38	-10.3442	0	7742.44	8773.44	0	357473	352.327	293.192	0	15660	524.534	515.035	0.855046
15840	1.95788e+07	274.378	676	0	111	97	0	274.378	38	110	0	7729.35	8769	0	1.18885e+06	322.057	230.713	0	15840	531.641	514.109	0.853508
16020	1.08314e+07	151.791	674	59	111	97	0	151.791	38	110	0	7678.37	8769	0	747687	277.154	239.319	0	16020	508.726	513.184	0.851973
16200	6.84026e+07	958.598	5206	1460	111	97	0	958.598	38	110	0	7698.12	8872.8	0	2.40473e+06	280.206	319.534	0	16200	533.873	512.261	0.850441
16380	7.01935e+07	983.697	6631	606	111	95	0	983.697	38	110	0	7565.96	8814.61	0	1.59577e+06	307.859	278.643	0	16380	532.735	511.34	0.848912
16560	6.01975e+07	843.612	4791	815	110	97	0	843.612	38	110	0	7793.78	8726.87	0	2.4347e+06	370.863	272.93	0	16560	526.607	510.42	0.847385
16740	7.69744e+07	1078.72	7037	437	96	99	0	1078.72	38	110	0	7906.99	7707.82	0	4.15398e+06	327.273	364.437	0	16740	539.776	509.502	0.845861
16920	6.97804e+07	977.908	5766	789	103	102	0	977.908	38	110	0	8105.28	8262.21	0	2.03098e+06	287.189	338.727	0	16920	546.882	508.586	0.84434
17100	3.92866e+07	550.565	2061	22	103	102	0	550.565	38	110	0	8216	8267.84	0	1.77675e+06	417.747	341.289	0	17100	547.258	507.671	0.842822
17280	9.84547e+07	1379.75	8472	876	107	102	0	1379.75	38	110	0	8123.29	8520.19	0	4.48166e+06	319.896	299.188	0	17280	554.325	506.758	0.841306
17460	1.346e+08	1886.3	11561	1774	108	103	0	1886.3	38	110	0	8209.83	8589.58	0	4.06967e+06	330.603	286.433	0	17460	555.563	505.847	0.839793
17640	1.09741e+08	1537.92	9196	1436	107	106	0	1537.92	38	110	0	8421.24	8555.75	0	3.06459e+06	308.391	321.652	0	17640	548.21	504.937	0.838283
17820	1.04921e+08	1470.37	8970	1608	97	106	0	1470.37	38	110	0	8418.03	7755.59	0	2.73104e+06	283.612	330.683	0	17820	556.385	504.029	0.836775
18000	1.16114e+08	1627.23	9163	1725	105	105	0	1627.23	38	110	0	8351.81	8384.88	0	3.93559e+06	307.807	321.874	0	18000	561.492	503.123	0.83527
18180	1.15561e+08	1619.47	10239	1197	106	107	0	1619.47	38	110	0	8532.59	8480.5	0	3.70153e+06	301.392	329.858	0	18180	560.682	502.218	0.833768
18360	1.29328e+08	1812.41	10578	1964	106	105	0	1812.41	38	110	0	8376.14	8481.88	0	3.02317e+06	307.556	346.413	0	18360	552.444	501.315	0.832269
18540	1.17562e+08	1647.52	8942	1369	108	106	0	1647.52	38	110	0	8491.56	8568.26	0	4.96354e+06	353.583	292.685	0	18540	560.653	500.413	0.830772
18720	8.88898e+07	1245.71	6622	1230	106	108	0	1245.71	38	110	0	8636.93	8411.18	0	3.68857e+06	313.493	281.288	0	18720	556.362	499.513	0.829278
18900	5.88577e+07	824.835	4926	617	109	107	0	824.835	38	110	0	8510.98	8652.26	0	1.89219e+06	317.584	266.248	0	18900	562.192	498.615	0.827787
19080	1.0797e+08	1513.1	9565	1514	110	111	0	1513.1	38	110	0	8851.17	8749.89	0	2.53563e+06	310.133	309.487	0	19080	569.101	497.718	0.826298
19260	5.65826e+07	792.953	5449	502	112	113	0	792.953	38	110	0	9040.7	8903.62	0	1.83013e+06	331.392	275.595	0	19260	565.473	496.823	0.824812
19440	1.21101e+08	1697.12	10139	1810	110	114	0	1697.12	38	110	0	9068.6	8750.51	0	3.29722e+06	306.291	296.935	0	19440	570.928	495.93	0.823329
19620	7.32641e+07	1026.73	5949	1049	113	114	0	1026.73	38	110	0	9067.13	9026.51	0	2.04327e+06	293.548	320.553	0	19620	575.426	495.038	0.821848
19800	1.07539e+08	1507.05	9019	2053	114	119	0	1507.05	38	110	0	9445.38	9086.09	0	2.58261e+06	274.775	320.908	0	19800	576.634	494.148	0.82037
19980	1.558e+08	2183.39	12461	2295	116	120	0	2183.39	38	110	0	9584.79	9229	0	4.27376e+06	325.767	301.405	0	19980	590.137	493.259	0.818895
20160	1.57926e+08	2213.19	13398	1781	116	124	0	2213.19	38	110	0	9839.11	9236.88	0	6.2414e+06	269.505	302.371	0	20160	587.118	492.372	0.817422
20340	1.31019e+08	1836.11	10934	1269	116	126	0	1836.11	38	110	0	10039.7	9262.67	0	4.95741e+06	307.431	332.767	0	20340	597.808	491.486	0.815952
20520	1.19341e+08	1672.45	10360	935	115	128	0	1672.45	38	110	0	10208.3	9137.07	0	3.2409e+06	312.666	296.787	0	20520	588.828	490.603	0.814484
20700	2.99949e+07	420.35	2386	254	115	128	0	420.35	38	110	0	10112	9090.58	0	1.10803e+06	237.469	264.517	0	20700	604.054	489.72	0.81302
20880	7.43194e+07	1041.52	6225	807	112	130	0	1041.52	38	110	0	10364.9	8890.46	0	2.60963e+06	316.483	270.126	0	20880	615.217	488.84	0.811558
21060	9.70695e+07	1360.34	8378	1118	114	134	0	1360.34	38	110	0	10645.6	9042.61	0	4.23671e+06	275.947	294.507	0	21060	613.961	487.96	0.810098
21240	1.14002e+08	1597.63	9595	1813	112	135	0	1597.63	38	110	0	10727.5	8880.2	0	3.81683e+06	296.348	263.091	0	21240	601.978	487.083	0.808641
21420	6.02356e+07	844.145	4485	765	112	136	0	844.145	38	110	0	10855.5	8944.74	0	2.6701e+06	324.099	317.348	0	21420	621.918	486.207	0.807187
21600	2.21688e+07	310.675	1824	421	112	136	0	310.675	38	110	0	10757.6	8977.66	0	1.43429e+06	297.291	325.741	0	21600	614.505	485.333	0.805735
21780	4.73728e+07	663.886	2711	0	112	136	0	663.886	38	110	0	10744	8848	0	1.54196e+06	236.528	289.335	0	21780	608.449	484.46	0.804286
21960	5.7167e+07	801.142	5010	831	113	134	0	801.142	38	110	0	10675.7	8979.39	0	2.11608e+06	326.756	306.338	0	21960	633.409	483.589	0.80284
22140	1.06571e+07	149.35	742	128	113	134	0	149.35	38	110	0	10709.2	9085	0	1.04126e+06	312.606	343.645	0	22140	618.148	482.719	0.801396
22320	1.68096e+06	1174.08	410	25	113	134	0	1174.08	38	15.0953	0	10586.6	9052.7	0	600691	270.375	380.227	0	22320	618.891	481.851	0.799955
22500	6.61611e+06	228.167	890	175	113	134	0	228.167	38	67.9668	0	10655.8	9085	0	406931	314.518	303.609	0	22500	606.217	480.984	0.798516
22680	1.04038e+07	145.8	583	20	113	134	0	145.8	38	110	0	10586	9085	0	711023	221.038	342.933	0	22680	602.52	480.119	0.79708
22860	5.83251e+07	817.371	4500	900	120	133	0	817.371	38	110	0	10560.4	9534.43	0	2.13993e+06	289.393	290.306	0	22860	609.784	479.256	0.795647
23040	3.62578e+07	508.12	3321	505	120	133	0	508.12	38	110	0	10576.3	9505.07	0	849623	306.028	288.005	0	23040	613.502	478.394	0.794216
23220	1.16512e+06	487.918	477	14	120	133	0	487.918	38	19.495	0	10663.7	9559	0	193596	336.612	290.017	0	23220	610.096	477.534	0.792788
23400	6.05254e+06	84.8207	382	0	120	133	0	84.8207	38	110	0	10665	9480	0	483604	372.096	300.357	0	23400	616.087	476.675	0.791362
23580	2.97637e+06	674	726	186	120	133	0	674	37	26.5108	0	10633.6	9618.04	0	257095	353.825	294.994	0	23580	611.164	475.818	0.789939
23760	6.3599e+06	89.1281	218	0	120	133	0	89.1281	38	110	0	10665	9638	0	595936	307.944	368.312	0	23760	606.948	474.962	0.788518
23940	2.50896e+06	824	501	0	120	133	0	824	37	22.0137	0	10664.8	9480	0	189195	349.729	250.185	0	23940	631.833	474.108	0.7871
24120	703902	746.471	235	0	120	133	0	746.471	38	12.2507	0	10507.7	9556.75	0	392158	299.22	333.121	0	24120	621.679	473.255	0.785684
24300	1.1389e+06	85.0282	330	0	120	133	0	85.0282	38	46.1712	0	10507	9638	0	381002	237.142	329.668	0	24300	619.647	472.404	0.784272
24480	2.45068e+06	458.694	639	107	120	133	0	458.694	38	29.1603	0	10507	9638	0	293948	284.109	333.43	0	24480	634.298	471.554	0.782861
24660	7.64448e+06	107.13	574	0	120	133	0	107.13	38	110	0	10665	9480	0	587861	372.228	269.266	0	24660	644.613	470.706	0.781453
24840	1.5155e+06	355.2	379	0	120	133	0	355.2	37	26.0586	0	10551	9480	0	164376	272.485	334.817	0	24840	647.371	469.86	0.780048
25020	929223	531.447	329	0	120	133	0	531.447	38	16.6817	0	10638.9	9501.58	0	279462	303.184	304.264	0	25020	644.502	469.015	0.778645
25200	2.36779e+06	606	709	0	120	133	0	606	37.5022	24.9371	0	10538	9638	0	236358	353.7	341.264	0	25200	642.877	468.171	0.777245
25380	6.49626e+06	91.039	411	0	120	133	0	91.039	38	110	0	10507	9480	0	618259	291.382	313.059	0	25380	654.653	467.329	0.775847
25560	950860	709.996	327	0	120	133	0	709.996	38	14.5996	0	10554.8	9638	0	344974	322.644	331.241	0	25560	658.687	466.489	0.774452
25740	4.55002e+06	117.454	479	0	120	133	0	117.454	37	78.7256	0	10507	9480	0	229326	250.866	297.828	0	25740	638.731	465.65	0.773059
25920	1.84002e+06	964	490	149	120	133	0	964	38	17.4294	0	10508.2	9480	0	876150	292.887	305.248	0	25920	651.084	464.813	0.771669
26100	304399	390.036	339	87	120	133	0	390.036	38	11.145	0	10587.4	9559.94	0	645140	341.278	249.985	0	26100	642.97	463.977	0.770281
26280	5.0869e+06	1482	1100	0	120	133	0	1482	37	23.3729	0	10665	9553.4	0	209420	345.574	331.8	0	26280	674.896	463.142	0.768896
26460	8.2055e+06	114.992	477	0	120	133	0	114.992	38	110	0	10582.1	9480	0	566499	336.386	297.934	0	26460	645.67	462.309	0.767513
26640	1.01727e+06	543.885	422	0	120	133	0	543.885	37	17.2534	0	10583.2	9480	0	200767	291.005	255.928	0	26640	655.525	461.478	0.766133
26820	4.07057e+06	943.957	1027	0	120	133	0	943.957	38	26.1976	0	10663.9	9582.46	0	665496	381.967	273.796	0	26820	672.845	460.648	0.764755
27000	1.25761e+06	623.996	650	0	120	133	0	623.996	38	17.9099	0	10641.5	9480	0	298818	324.887	285.537	0	27000	658.826	459.82	0.763379
27180	5.38805e+06	75.5085	266	0	120	133	0	75.5085	37	110	0	10507	9638	0	467900	296.89	391.887	0	27180	658.542	458.993	0.762007
27360	9.48283e+07	1328.93	7720	1475	112	137	0	1328.93	38	110	0	10891.6	8889.9	0	1.51563e+06	306.079	285.814	0	27360	675.422	458.167	0.760636
27540	1.29186e+08	1810.42	11005	1375	111	138	0	1810.42	38	110	0	10990.5	8818.61	0	2.70876e+06	330.964	296.932	0	27540	683.81	457.343	0.759268
27720	1.08584e+08	1521.71	9159	1496	112	138	0	1521.71	38	110	0	10954.2	8985.24	0	4.27572e+06	288.737	349.748	0	27720	674.425	456.521	0.757903
27900	1.42684e+08	1999.59	11824	1387	115	134	0	1999.59	38	110	0	10692.5	9180.08	0	5.93302e+06	347.648	317.1	0	27900	656.338	455.7	0.75654
28080	1.37083e+08	1921.09	11843	2240	116	134	0	1921.09	38	110	0	10694.6	9237.85	0	5.07435e+06	339.194	307.15	0	28080	669.914	454.88	0.755179
28260	6.71385e+07	940.884	5872	1271	115	136	0	940.884	38	110	0	10831.4	9147.15	0	2.51587e+06	341.223	313.632	0	28260	673.982	454.062	0.753821
28440	5.73759e+07	804.07	5048	1101	115	136	0	804.07	38	110	0	10828.7	9113.9	0	1.5083e+06	343.589	258.038	0	28440	674.75	453.246	0.752466
28620	7.04403e+07	987.155	5681	1023	114	140	0	987.155	38	110	0	11187.7	9101.84	0	2.09443e+06	361.815	333.22	0	28620	693.211	452.431	0.751112
28800	4.13967e+07	580.136	3004	203	114	140	0	580.136	38	110	0	11060	9164	0	1.65547e+06	243.058	363.314	0	28800	672.178	451.617	0.749762
