MS2-QUANT	v0j
Region DEFINITION, 05-Apr-2021
COMMENT	Outline definition performed in MS2-QUANT (Main program)
FILE	MAX_20201217_RI516_C12MS2128TkTat_001_visit_4.tif
PATH	/Volumes/EBL/20201217/
PARAMETERS
Pix-XY	Pix-Z	RI	Ex	Em	NA	dT	Type
79	600	1.458	488	521	1.4	180	widefield
ANALYSIS-SETTINGS	
IMAGING-BACKGROUND	150
LIMIT-FIT-SIGMA-XY-MIN	23
LIMIT-FIT-SIGMA-XY-MAX	161
LIMIT-FIT-SIGMA-Z-MIN	0
LIMIT-FIT-SIGMA-Z-MAX	0
LIMIT-FIT-BGD-MIN	42
LIMIT-FIT-BGD-MAX	43
DETECTION-THRESHOLD	500
REGION	TxSite
X_POS	43	43	43	43	44	44	44	45	45	45	45	46	46	47	47	47	48	48	49	49	50	50	51	51	52	52	53	53	54	54	55	55	55	55	56	56	57	57	57	58	59	59	60	60	61	61	61	61	62	63	63	63	64	64	65	65	65	66	66	67	67	68	69	70	70	72	72	73	73	74	75	76	76	77	78	79	80	80	81	82	83	84	84	85	85	86	87	88	89	90	91	92	92	93	93	94	94	95	96	97	98	99	100	101	102	102	103	103	104	105	105	106	107	107	108	108	109	109	109	109	110	110	111	111	111	112	112	113	113	114	114	114	115	115	115	115	116	116	117	117	117	118	118	118	119	119	120	121	122	122	122	123	123	124	125	126	127	127	128	128	129	129	130	130	131	132	132	133	134	134	135	135	135	136	136	136	136	137	137	137	138	138	138	139	140	140	140	141	141	142	142	143	143	143	144	144	145	145	146	146	147	147	147	147	148	148	149	150	150	151	151	152	153	154	155	156	156	157	157	158	158	159	159	160	160	161	161	162	163	163	164	165	165	166	167	167	168	168	169	169	170	170	171	171	172	172	173	173	174	174	174	175	175	175	176	176	176	176	176	177	177	177	177	178	178	178	178	178	178	178	178	178	178	178	178	178	177	177	177	177	177	176	176	176	175	175	175	174	174	174	173	173	173	172	172	171	171	170	170	170	170	169	169	168	168	168	167	167	167	167	166	166	166	166	165	165	164	164	163	163	162	162	162	161	160	160	159	159	159	158	158	157	157	157	156	156	156	155	155	154	154	153	152	152	151	151	151	150	150	149	148	148	147	147	147	146	146	145	144	144	144	143	143	143	142	142	142	141	140	140	139	139	139	138	138	138	137	137	136	136	134	134	133	133	132	131	131	129	129	128	128	127	126	126	126	126	125	125	125	124	124	123	123	122	122	122	121	121	121	121	121	120	120	120	119	119	119	119	118	118	118	117	117	116	116	115	115	114	114	114	114	113	113	113	112	112	112	112	111	111	111	111	110	110	110	110	109	109	109	108	108	108	107	107	107	107	106	106	106	105	105	104	104	103	103	103	103	102	102	102	101	101	101	100	100	100	99	98	98	97	97	96	96	95	95	94	91	90	89	88	87	87	86	86	86	85	85	84	84	83	82	81	81	80	79	79	78	78	77	76	76	75	74	73	72	71	71	70	70	69	68	67	65	64	63	63	62	62	61	59	59	58	57	56	55	55	54	53	52	51	50	49	49	48	48	47	47	46	46	45	44	44	43	42	42	41	40	39	38	37	37	36	36	35	35	35	34	34	34	33	33	33	33	33	33	33	33	32	32	32	32	32	32	32	32	32	32	32	32	32	32	32	32	32	32	32	32	32	32	32	33	33	33	33	33	33	33	33	33	33	33	33	33	33	33	34	34	34	34	34	34	34	34	34	34	34	34	34	35	35	35	35	35	35	35	36	36	36	36	36	36	36	37	37	37	37	37	37	38	38	38	38	39	39	END
Y_POS	344	345	345	346	346	346	346	346	347	347	347	347	347	347	347	348	348	348	348	348	348	348	348	347	347	347	347	346	346	346	346	345	345	345	344	344	343	343	343	343	343	343	343	342	342	342	342	341	341	340	340	340	340	339	339	339	339	339	338	338	338	338	338	338	338	338	338	338	338	338	338	338	338	338	338	338	338	338	338	338	338	338	338	338	338	338	338	338	338	338	338	338	338	338	338	338	338	338	339	339	339	339	339	339	340	340	340	340	341	342	342	342	343	343	343	344	344	345	345	345	345	346	346	346	347	347	347	348	348	348	349	349	349	349	350	350	350	351	351	352	352	352	353	353	354	354	355	356	356	356	356	357	357	358	358	359	360	360	360	361	361	361	361	362	362	363	363	363	363	364	364	364	364	364	365	365	365	365	366	366	366	367	367	368	369	369	370	370	370	371	371	372	372	372	373	373	373	374	374	375	375	375	375	376	376	376	376	377	377	377	378	378	378	378	378	379	379	379	379	379	379	379	379	379	379	379	379	379	380	380	380	380	380	380	380	380	380	380	380	380	380	380	380	380	380	380	380	380	380	379	379	379	378	378	378	377	377	376	376	375	375	374	374	374	373	373	372	372	371	371	370	370	369	369	368	368	368	367	367	366	366	365	365	365	364	364	363	363	363	362	362	361	361	360	360	360	359	359	359	359	358	358	358	357	357	356	356	356	355	355	355	354	354	354	353	353	352	352	351	351	351	350	350	350	349	349	348	348	348	348	347	347	347	346	346	346	346	346	345	345	344	344	343	343	343	343	342	342	341	341	340	340	340	339	339	339	338	338	337	337	337	336	336	336	336	336	335	335	334	334	334	334	334	334	333	333	333	332	332	332	331	331	331	331	330	329	329	329	328	328	328	328	327	327	327	326	326	326	326	325	325	324	324	324	323	323	323	322	322	322	321	321	320	320	320	319	319	318	318	318	317	317	316	316	315	314	314	314	313	313	313	313	312	312	312	311	311	311	311	310	310	310	310	309	309	308	308	308	308	308	307	307	307	306	306	306	306	305	305	304	304	303	303	302	302	302	301	301	301	301	300	300	300	299	299	299	299	298	298	298	297	297	297	297	297	297	296	296	296	296	296	296	296	296	295	295	295	295	295	295	295	295	295	294	294	294	294	294	294	294	294	294	294	294	294	294	294	294	294	294	294	294	294	294	294	294	294	293	293	293	293	293	293	293	293	293	293	293	293	293	293	293	293	293	293	293	293	293	293	293	293	293	293	293	293	294	294	294	294	294	294	294	295	295	296	296	296	297	297	298	298	299	299	299	300	300	301	301	302	302	303	303	304	304	305	305	306	306	307	307	308	308	309	309	310	310	311	311	312	313	313	313	314	314	315	315	315	316	316	317	317	318	318	319	319	320	320	321	321	322	322	323	323	324	325	325	326	326	327	327	328	328	329	329	330	331	331	332	332	333	333	333	334	334	335	335	335	336	336	337	337	337	337	338	END
QUANTIFICATION
Time[s]	Q_Integrate	Q_AMP	Q_Sum_pix	Q_MIP_int	Pix_Y	Pix_X	Pix_Z	AMP	BGD	SigmaXY	SigmaZ	MuY	MuX	MuZ	RES	Cent_Y	Cent_X	Cent_Z	OPB_time	OPB_INT	OPB_FIT	OPB_FIT_norm
0	1.19701e+06	360.131	436	114	353	143	0	360.131	43	23.0001	0	11421.8	27964.7	0	307941	378.193	290.023	0	0	642.191	658.636	1
180	46640.9	13.4436	84	0	353	143	0	13.4436	42	23.4983	0	11448.5	27887.2	0	320512	355.586	280.726	0	180	646.586	657.452	0.998202
360	14.0747	0.000751574	222	0	353	143	0	0.000751574	42	54.5947	0	11297	27961.6	0	247747	255.826	349.66	0	360	638.815	656.269	0.996406
540	8.9934e+07	1073.79	7273	812	353	143	0	1073.79	43	121.729	0	11348	27977.1	0	1.50801e+06	299.737	320.001	0	540	639.23	655.089	0.994615
720	300400	90.3476	361	69	353	143	0	90.3476	42.0126	23.0039	0	11373.2	27927.7	0	177019	324.97	293.461	0	720	619.721	653.911	0.992826
900	1.17997e+06	16.0012	326	88	353	143	0	16.0012	42	112.231	0	11297	28045	0	142805	242.673	357.846	0	900	624.181	652.735	0.99104
1080	2.11675e+06	535.999	490	0	353	143	0	535.999	42	25.0705	0	11442.1	27906.2	0	89166	411.402	316.86	0	1080	610.797	651.561	0.989258
1260	1.02865e+08	855.967	6767	1051	364	161	0	855.967	43	161	0	12812.4	28761.6	0	2.90195e+06	322.44	267.995	0	1260	613.939	650.389	0.987479
1440	1.07536e+08	1095.36	8430	1204	365	158	0	1095.36	43	136.112	0	12509.3	28909.3	0	1.98397e+06	261.318	298.439	0	1440	616.569	649.22	0.985703
1620	1.42921e+08	1530.43	10813	1672	355	147	0	1530.43	42	131.215	0	11678.1	28110.4	0	2.27762e+06	305.45	306.292	0	1620	617.954	648.052	0.98393
1800	1.46528e+08	1434.42	10287	1237	346	145	0	1434.42	42.0001	140.297	0	11541.5	27436.8	0	3.29218e+06	325.506	340.546	0	1800	617.647	646.887	0.982161
1980	1.73074e+08	1440.2	11218	1582	343	130	0	1440.2	43	161	0	10381	27176.7	0	3.58546e+06	334.761	314.349	0	1980	610.812	645.723	0.980395
2160	9.83696e+07	818.56	6328	337	334	119	0	818.56	43	161	0	9428.86	26471.2	0	2.38816e+06	285.664	319.343	0	2160	612.202	644.562	0.978632
2340	3.24948e+06	232.64	850	85	334	119	0	232.64	42	47.1493	0	9489.58	26386	0	182787	335.395	313.792	0	2340	618.12	643.403	0.976872
2520	926301	278.687	513	0	334	119	0	278.687	42	23	0	9401	26544	0	98942.8	265.001	336.073	0	2520	587.501	642.246	0.975115
2700	7.81177e+07	698.432	5476	515	322	98	0	698.432	42	151.03	0	7881.05	25481.1	0	1.46067e+06	354.996	295.782	0	2700	602.341	641.091	0.973361
2880	1.13943e+08	948.153	7626	1127	315	98	0	948.153	43	161	0	7852.88	24990.2	0	3.21653e+06	330.577	336.256	0	2880	617.125	639.938	0.971611
3060	1.37317e+08	1236.06	9397	809	314	91	0	1236.06	42	150.163	0	7330.93	24909.7	0	2.71909e+06	369.968	327.222	0	3060	606.901	638.787	0.969863
3240	9.50611e+07	803.155	5993	841	312	93	0	803.155	42	158.759	0	7422.79	24742.4	0	2.18395e+06	319.308	340.486	0	3240	602.662	637.638	0.968119
3420	9.40019e+07	782.215	5555	828	313	96	0	782.215	43	161	0	7591.01	24859.6	0	2.36455e+06	274.407	353.683	0	3420	605.175	636.491	0.966378
3600	7.61002e+07	633.25	5237	893	311	92	0	633.25	43	161	0	7377.2	24611.5	0	1.69865e+06	340.991	301.7	0	3600	601.902	635.347	0.96464
3780	1.51088e+08	1257.24	9177	873	309	85	0	1257.24	43	161	0	6817.56	24491.7	0	2.98362e+06	331.614	314.959	0	3780	599.176	634.204	0.962905
3960	1.41815e+08	1446.89	10799	1473	308	80	0	1446.89	43	135.947	0	6436.62	24411.9	0	1.97619e+06	347.363	315.539	0	3960	596.768	633.064	0.961174
4140	602845	181.372	206	0	308	80	0	181.372	42	23	0	6474.12	24490	0	191359	325.418	224.009	0	4140	590.311	631.925	0.959445
4320	1.04449e+06	314.244	293	196	308	80	0	314.244	42	23	0	6398.53	24411.5	0	106493	351.042	272.589	0	4320	596.409	630.789	0.95772
4500	7.73691e+07	852.274	5773	1223	308	81	0	852.274	42.0001	128.604	0	6418.29	24436.5	0	1.39533e+06	266.547	335.949	0	4500	593.18	629.654	0.955997
4680	9.54044e+07	793.886	6307	791	305	83	0	793.886	43	161	0	6684.33	24183.4	0	1.31208e+06	340.976	314.13	0	4680	587.408	628.522	0.954278
4860	9.51819e+07	816.498	6664	1088	306	82	0	816.498	43	156.591	0	6530.81	24299.1	0	1.97284e+06	293.231	343.506	0	4860	594.787	627.392	0.952562
5040	1.6763e+08	1589	12724	1279	306	78	0	1589	42.9999	143.906	0	6255.72	24249.3	0	3.51746e+06	334.71	311.079	0	5040	586.351	626.263	0.950849
5220	1.96882e+08	1650.58	13152	1767	303	73	0	1650.58	43	159.891	0	5853.05	24029.2	0	3.12964e+06	316.748	326.463	0	5220	579.467	625.137	0.949139
5400	1.01143e+08	841.642	6480	901	305	76	0	841.642	42	161	0	6062.33	24247.2	0	1.89945e+06	305.65	365.164	0	5400	590.951	624.013	0.947432
5580	1.27714e+08	1231.7	8825	1608	301	67	0	1231.7	43	141.946	0	5373.89	23832.8	0	3.09159e+06	323.777	297.981	0	5580	578.497	622.891	0.945728
5760	1.58046e+08	1315.14	9733	896	301	71	0	1315.14	43	161	0	5665.8	23858.6	0	3.17913e+06	305.327	314.151	0	5760	576.336	621.77	0.944027
5940	1.17478e+08	985.422	7285	1235	298	74	0	985.422	43	159.811	0	5909.61	23645.6	0	2.26972e+06	307.524	325.126	0	5940	576.126	620.652	0.94233
6120	1.78129e+08	1632.98	12070	1809	303	69	0	1632.98	42.9999	147.883	0	5569.54	24017.1	0	3.02897e+06	345.119	317.278	0	6120	578.471	619.536	0.940635
6300	8.46639e+07	724.776	5285	832	301	69	0	724.776	42	156.881	0	5508.09	23915.4	0	1.0343e+06	303.025	348.298	0	6300	576.274	618.422	0.938943
6480	4.78692e+07	416.351	2871	348	301	69	0	416.351	42	154.681	0	5451	23890.5	0	995673	236.247	332.807	0	6480	570.909	617.31	0.937255
6660	2.26334e+07	211.54	1064	0	301	69	0	211.54	42	145.554	0	5451	23937	0	868408	233.631	412.899	0	6660	570.924	616.2	0.935569
6840	7.03308e+07	951.275	5770	1226	300	70	0	951.275	43	112.409	0	5569.32	23827.8	0	1.11e+06	291.307	364.045	0	6840	577.215	615.092	0.933887
7020	1.68386e+07	140.119	994	154	300	70	0	140.119	43	161	0	5539.5	23858	0	458664	302.505	386.355	0	7020	575.119	613.985	0.932207
7200	1.80094e+06	540.846	643	213	300	70	0	540.846	43	23.0209	0	5634.72	23800.8	0	293666	284.722	319.078	0	7200	580.369	612.881	0.930531
7380	6.5407e+07	606.706	4914	1143	307	67	0	606.706	43	146.456	0	5389.34	24332.7	0	1.58032e+06	315.576	309.114	0	7380	576.438	611.779	0.928857
7560	2.80512e+07	238.747	2082	143	307	67	0	238.747	42.0001	157.702	0	5387.35	24411	0	878290	330.888	355.799	0	7560	580.586	610.679	0.927187
7740	1.72224e+07	143.313	752	0	307	67	0	143.313	43	161	0	5451	24372.7	0	577030	386.18	329.923	0	7740	588.808	609.581	0.92552
7920	1.99873e+06	601.338	605	0	307	67	0	601.338	43	23	0	5451	24318	0	429113	387.5	294.155	0	7920	588.097	608.484	0.923855
8100	1.14881e+07	149.673	1149	92	307	67	0	149.673	43	115.061	0	5293	24306.4	0	757613	335.733	272.787	0	8100	582.727	607.39	0.922194
8280	2.45635e+06	118.333	453	0	307	67	0	118.333	43	57.4802	0	5293	24411	0	313183	277.585	315.182	0	8280	574.891	606.298	0.920535
8460	719780	9.92669	314	0	307	67	0	9.92669	42	111.077	0	5416.1	24411	0	220074	312.431	393.452	0	8460	577.175	605.207	0.91888
8640	1.03525e+06	311.465	283	191	307	67	0	311.465	43	23	0	5373.58	24332.3	0	451701	318.886	328.316	0	8640	576.421	604.119	0.917227
8820	1.11964e+06	73.0668	282	0	307	67	0	73.0668	42	49.3845	0	5451	24253	0	191228	365.666	346.561	0	8820	578.196	603.032	0.915578
9000	2.98442e+06	774	900	0	307	67	0	774	43	24.7725	0	5428.53	24410.5	0	308231	342.136	322.218	0	9000	582.837	601.948	0.913931
9180	436431	131.303	201	0	307	67	0	131.303	42.0004	23.0001	0	5373.12	24253.1	0	184520	356.45	289.692	0	9180	574.252	600.865	0.912288
9360	1.66402e+06	500.636	396	0	307	67	0	500.636	42	23	0	5293	24410.9	0	242780	262.946	374.088	0	9360	576.292	599.785	0.910647
9540	3.11443e+06	786	749	393	307	67	0	786	42	25.1124	0	5387.57	24319.7	0	224676	304.434	265.588	0	9540	568.804	598.706	0.909009
9720	4.13727e+06	827.995	1160	0	307	67	0	827.995	42	28.2003	0	5293	24304.9	0	185520	318.941	268.088	0	9720	586.04	597.63	0.907374
9900	2.81765e+06	43.7135	225	0	307	67	0	43.7135	42	103.577	0	5293	24372	0	256635	210.216	320.093	0	9900	578.957	596.555	0.905743
10080	559064	6.76096	361	57	307	67	0	6.76096	42	120.706	0	5451	24253	0	239670	360.426	279.411	0	10080	568.229	595.482	0.904114
10260	1.02164e+08	1471.31	9735	1081	306	47	0	1471.31	42.0001	108.21	0	3820.94	24263.1	0	1.08739e+06	346.473	320.524	0	10260	585.548	594.411	0.902488
10440	1.13457e+08	1573.73	10325	1810	308	46	0	1573.73	42	110.689	0	3711.45	24413.7	0	2.02739e+06	328.101	307.55	0	10440	577.243	593.342	0.900865
10620	1.46537e+08	1225.98	9174	1334	309	45	0	1225.98	42.9999	160.195	0	3578.53	24472.3	0	1.69287e+06	283.607	306.516	0	10620	583.63	592.275	0.899245
10800	9.06937e+07	1167.77	7517	1039	315	44	0	1167.77	43	115.919	0	3584.88	24985.8	0	1.83257e+06	337.216	324.269	0	10800	580.165	591.21	0.897628
10980	7.37164e+07	774.988	5907	618	315	45	0	774.988	42	132.972	0	3636.72	25015.4	0	1.13286e+06	326.156	352.709	0	10980	581.186	590.147	0.896013
11160	7.52619e+07	827.088	5878	864	314	45	0	827.088	42	128.82	0	3656.33	24899.7	0	926044	333.782	327.093	0	11160	578.189	589.085	0.894402
11340	1.11795e+08	1322.13	9411	1275	314	46	0	1322.13	43	122.504	0	3682.51	24870.3	0	1.69054e+06	297.374	314.345	0	11340	575.569	588.026	0.892793
11520	9.47702e+06	78.8609	533	51	314	46	0	78.8609	43	161	0	3792	24964	0	614381	388.044	359.1	0	11520	584.377	586.968	0.891188
11700	6.92588e+07	773.356	5126	938	321	53	0	773.356	42	127.391	0	4200.64	25388.2	0	1.03241e+06	261.626	271.749	0	11700	580.634	585.913	0.889585
11880	2.97147e+06	893.996	678	0	321	53	0	893.996	42	23	0	4187.11	25517	0	212469	327.105	330.764	0	11880	580.465	584.859	0.887985
12060	9.011e+07	1126.84	7868	1438	316	47	0	1126.84	43	118.103	0	3782.62	25057.4	0	1.59972e+06	291.014	322.137	0	12060	561.012	583.807	0.886388
12240	1.3269e+08	1104.15	8283	1173	318	48	0	1104.15	43	161	0	3897.02	25179.2	0	2.64614e+06	333.57	301.146	0	12240	582.37	582.757	0.884794
12420	1.35215e+08	1641.72	10658	1853	318	50	0	1641.72	43	120.391	0	4036.68	25216.4	0	3.22214e+06	332.262	325.849	0	12420	559.579	581.709	0.883203
12600	1.35761e+08	1547.15	10799	1461	318	50	0	1547.15	43	125.612	0	4039.82	25166.9	0	2.23377e+06	313.899	293.1	0	12600	573.691	580.663	0.881615
12780	8.49352e+07	792.706	5392	1212	314	53	0	792.706	42	145.722	0	4226.66	24964	0	1.83832e+06	280.06	377.597	0	12780	573.809	579.619	0.880029
12960	1.09745e+08	1291.84	8615	1254	319	57	0	1291.84	42	122.887	0	4593.66	25262.5	0	1.67643e+06	326.543	312.063	0	12960	575.559	578.577	0.878447
13140	4.87815e+07	824.123	4931	1009	318	53	0	824.123	42	98.6693	0	4293.75	25211.1	0	1.7411e+06	331.617	325.196	0	13140	572.73	577.536	0.876867
13320	5.68775e+07	832.84	5500	1015	320	50	0	832.84	42	107.145	0	4041.86	25311.5	0	1.76955e+06	330.538	277.159	0	13320	577.769	576.498	0.87529
13500	3.84197e+07	946.648	4984	809	320	48	0	946.648	42	80.6352	0	3857.82	25365.8	0	519107	313.15	324.403	0	13500	573.603	575.461	0.873716
13680	9.57193e+06	113.684	904	166	320	48	0	113.684	43	122.157	0	3891.14	25438	0	534817	317.86	345.44	0	13680	572.706	574.426	0.872145
13860	1.14485e+07	95.2659	415	0	320	48	0	95.2659	43	161	0	3950	25280	0	756186	355.169	314.286	0	13860	570.933	573.393	0.870576
14040	2.26273e+06	58.3538	287	48	320	48	0	58.3538	43	78.7647	0	3792	25430.3	0	321110	293.474	313.929	0	14040	569.772	572.362	0.869011
14220	4.63195e+06	73.5075	194	0	320	48	0	73.5075	42	102.234	0	3950	25280	0	522547	371.095	290.078	0	14220	579.833	571.332	0.867448
14400	1.09114e+06	31.1301	32	0	320	48	0	31.1301	43	74.8044	0	3792	25280	0	219932	287.102	319.192	0	14400	562.751	570.305	0.865888
14580	3.1375e+06	180.757	721	0	320	48	0	180.757	43	52.5603	0	3792	25280	0	260127	330.517	300.145	0	14580	593.725	569.279	0.864331
14760	1.32944e+06	399.975	415	0	320	48	0	399.975	43	23	0	3950	25280	0	468267	374.45	331.621	0	14760	569.042	568.255	0.862776
14940	715849	215.369	344	30	320	48	0	215.369	42	23.0001	0	3950	25438	0	249030	298.644	370.014	0	14940	571.457	567.234	0.861225
15120	1.22229e+06	53.6855	241	125	320	48	0	53.6855	42	60.2011	0	3836.15	25280	0	245961	293.753	297.631	0	15120	550.157	566.213	0.859676
15300	5.26258e+07	1095.18	6365	675	329	60	0	1095.18	42	88.0794	0	4819.76	26097.7	0	914196	305.837	351.44	0	15300	560.27	565.195	0.85813
15480	1.32772e+08	1421.83	9595	1863	326	62	0	1421.83	42.0001	131.21	0	4941.52	25835.8	0	2.76207e+06	286.182	321.304	0	15480	560.949	564.179	0.856586
15660	7.46144e+07	818.295	6130	693	321	60	0	818.295	43	129.005	0	4802.01	25479.7	0	1.71293e+06	295.79	350.798	0	15660	565.537	563.164	0.855046
15840	6.64687e+07	646.012	4773	947	319	60	0	646.012	42	141.087	0	4810.8	25324.8	0	1.33886e+06	319.302	352.669	0	15840	555.409	562.151	0.853508
16020	2.02211e+07	183.83	528	156	319	60	0	183.83	42	148.918	0	4740	25201	0	1.13185e+06	204.5	204.653	0	16020	546.801	561.14	0.851973
16200	8.275e+07	1051.33	6821	1183	318	55	0	1051.33	43	116.91	0	4433.97	25227.6	0	1.27504e+06	320.169	332.166	0	16200	569	560.131	0.850441
16380	6.15381e+07	1458.54	7369	1247	319	54	0	1458.54	43	82.2714	0	4354.94	25259.8	0	1.57177e+06	326.394	275.698	0	16380	557.747	559.124	0.848912
16560	7.81518e+07	951.11	6542	1063	319	54	0	951.11	42	120.206	0	4375.83	25273.1	0	1.3449e+06	339.857	318.49	0	16560	565.989	558.118	0.847385
16740	8.76112e+07	1240.4	7019	1313	321	54	0	1240.4	43	109.323	0	4373.91	25479.4	0	1.17991e+06	324.685	344.473	0	16740	554.25	557.115	0.845861
16920	1.51536e+07	126.097	569	68	321	54	0	126.097	43	161	0	4276.21	25517	0	887068	288.168	397.322	0	16920	557.401	556.113	0.84434
17100	2.0816e+06	626.27	441	0	321	54	0	626.27	43	23	0	4424	25517	0	646973	365.826	301.272	0	17100	552.194	555.113	0.842822
17280	3.25724e+06	859.999	717	277	321	54	0	859.999	43	24.552	0	4333.77	25475.6	0	498901	338.213	290.865	0	17280	542.416	554.114	0.841306
17460	130720	39.3284	88	0	321	54	0	39.3284	42	23	0	4424	25517	0	196911	347.555	324.397	0	17460	556.229	553.118	0.839793
17640	2.26492e+06	681.418	408	27	321	54	0	681.418	42	23.0001	0	4266	25363.1	0	149259	326.864	249.071	0	17640	555.808	552.123	0.838283
17820	837245	109.981	176	0	321	54	0	109.981	42	34.8078	0	4414.04	25517	0	143421	346.148	302.467	0	17820	554.757	551.13	0.836775
18000	4.14268e+07	1120	5392	894	323	74	0	1120	43	76.8836	0	5932.12	25605.4	0	739208	324.744	315.626	0	18000	571.416	550.139	0.83527
18180	2.21046e+07	461.007	1521	0	323	74	0	461.007	43	87.9784	0	6004	25675	0	909815	376.339	407.528	0	18180	582.192	549.15	0.833768
18360	535714	161.175	283	0	323	74	0	161.175	42	23	0	6004	25642	0	168156	374.454	318.434	0	18360	571.879	548.162	0.832269
18540	3.87207e+06	845.994	856	237	323	74	0	845.994	43	26.9897	0	5874.46	25572.1	0	405900	298.384	277.632	0	18540	568.424	547.176	0.830772
18720	1.09246e+08	1487.75	9508	1633	320	92	0	1487.75	42	111.939	0	7365.55	25359.9	0	2.02995e+06	324.15	314.099	0	18720	569.15	546.192	0.829278
18900	6.70538e+07	756.562	5553	1064	315	97	0	756.562	43	126.477	0	7735.29	25014.8	0	1.81092e+06	320.6	347.689	0	18900	576.439	545.21	0.827786
19080	2.98713e+07	253.557	1589	370	315	97	0	253.557	42	158.086	0	7802.91	25043	0	1.10406e+06	359.347	369.352	0	19080	575.097	544.23	0.826298
19260	2.22907e+07	185.487	1006	241	315	97	0	185.487	43	161	0	7821	24931.6	0	1.18391e+06	364.57	295.073	0	19260	576.887	543.251	0.824812
19440	2.45587e+07	260.256	403	0	315	97	0	260.256	43	132.204	0	7663	25043	0	1.73996e+06	243.506	414.221	0	19440	578.658	542.274	0.823328
19620	97804.7	26.5704	107	0	315	97	0	26.5704	43	24.2042	0	7741.35	25043	0	213812	381.495	346.538	0	19620	562.922	541.299	0.821848
19800	2.38133e+07	240.786	1882	132	315	97	0	240.786	43	136.866	0	7754.53	25043	0	1.52852e+06	303.992	315.072	0	19800	558.176	540.325	0.82037
19980	1.3471e+07	1259.47	1661	0	315	97	0	1259.47	43	41.2588	0	7751.85	25043	0	1.21436e+06	367.567	363.806	0	19980	574.333	539.353	0.818894
20160	1.61609e+07	255.294	751	50	315	97	0	255.294	43	102.503	0	7821	24885	0	959519	353.916	256.354	0	20160	566.431	538.383	0.817422
20340	1.27479e+06	383.534	554	0	315	97	0	383.534	43	23	0	7741.72	25043	0	176550	275.061	275.352	0	20340	553.669	537.415	0.815952
20520	4.43152e+06	996	919	86	315	97	0	996	43	26.6107	0	7663	24921.2	0	631422	316.733	310.437	0	20520	556.781	536.449	0.814484
20700	6.55203e+06	160.919	524	0	315	97	0	160.919	43	80.7698	0	7663	25043	0	474458	287.065	330.936	0	20700	571.66	535.484	0.81302
20880	3.78189e+06	598	1039	0	315	97	0	598	42	31.7259	0	7793.85	24906.4	0	274208	318.597	277.714	0	20880	563.765	534.521	0.811557
21060	8.33631e+06	69.3688	455	0	315	97	0	69.3688	43	161	0	7821	25043	0	369685	352.553	345.955	0	21060	556.885	533.56	0.810098
21240	7.39497e+06	61.5355	461	0	315	97	0	61.5355	43	161	0	7669.29	25043	0	495137	298.175	337.305	0	21240	570.57	532.6	0.808641
21420	750705	225.857	340	0	315	97	0	225.857	42	23	0	7731.55	25043	0	145798	296.414	343.898	0	21420	563.237	531.642	0.807187
21600	6.86851e+06	57.1548	9	0	315	97	0	57.1548	43	161	0	7816.2	25043	0	779428	317.489	366.675	0	21600	561.89	530.686	0.805735
21780	1.48689e+07	186.129	1107	33	315	97	0	186.129	42	118.025	0	7821	25043	0	613930	349.688	373.284	0	21780	579.587	529.732	0.804286
21960	8.84397e+07	1203.95	8285	968	318	96	0	1203.95	42.9998	111.964	0	7658.92	25207.7	0	2.5963e+06	305.939	328.695	0	21960	577.844	528.779	0.80284
22140	9.55747e+06	107.209	661	99	318	96	0	107.209	42	126.988	0	7584	25280	0	475480	213.606	368.831	0	22140	571.185	527.828	0.801396
22320	5.93818e+06	76.01	459	0	318	96	0	76.01	42.0002	116.354	0	7622.58	25280	0	365242	349.571	399.419	0	22320	561.555	526.879	0.799955
22500	1.82014e+06	547.608	434	58	318	96	0	547.608	42	23	0	7738.19	25200.5	0	195298	321.362	309.663	0	22500	580.929	525.932	0.798516
22680	749995	45.7534	133	0	318	96	0	45.7534	43	51.0774	0	7742	25280	0	322623	385.181	316.61	0	22680	561.136	524.986	0.79708
22860	1.50141e+07	284.519	1275	152	318	96	0	284.519	42	92.6162	0	7734.66	25280	0	345098	355.338	377.595	0	22860	561.803	524.042	0.795647
23040	4.77891e+07	759.291	4724	474	318	96	0	759.291	42	102.165	0	7657.2	25150.1	0	1.15578e+06	308.181	268.004	0	23040	572.423	523.099	0.794216
23220	5.52914e+07	929.647	5522	982	316	98	0	929.647	43	98.9346	0	7789.09	25056.4	0	2.42271e+06	312.87	334.117	0	23220	559.771	522.158	0.792788
23400	1.29268e+07	182.793	671	310	316	98	0	182.793	42.0001	109.404	0	7742	25036.1	0	628474	254.159	300.185	0	23400	548.397	521.219	0.791362
23580	1.23464e+07	702.96	1869	271	316	98	0	702.96	43	52.871	0	7758.39	25099	0	1.3333e+06	245.313	427.64	0	23580	565.204	520.282	0.789939
23760	3.60433e+06	918	701	5	316	98	0	918	43	24.9977	0	7893.09	24982.1	0	289163	274.135	321.51	0	23760	560.568	519.346	0.788518
23940	4.19433e+06	37.6098	312	0	316	98	0	37.6098	43	150.656	0	7742	24964	0	386730	284.696	318.381	0	23940	561.068	518.412	0.7871
24120	475271	142.989	177	115	316	98	0	142.989	42.5017	23.0001	0	7821.19	25043	0	203598	331.939	297.972	0	24120	567.565	517.48	0.785684
24300	0.00085648	2.57681e-07	77	0	316	98	0	2.57681e-07	42	23	0	7900	24964	0	169664	320.978	296.599	0	24300	559.091	516.549	0.784271
24480	1.07782e+06	109.345	246	8	316	98	0	109.345	42	39.6081	0	7742	25007.7	0	147737	340.94	308.653	0	24480	557.9	515.621	0.782861
24660	3.70704e+06	99.9588	170	0	316	98	0	99.9588	42.0001	76.9871	0	7742	25122	0	588790	263.798	358.638	0	24660	564.901	514.693	0.781453
24840	2.83967e+06	854.343	522	76	316	98	0	854.343	42	23	0	7743.51	24964.3	0	226271	254.592	322.686	0	24840	561.993	513.768	0.780048
25020	2.77307e+06	39.0477	179	0	316	98	0	39.0477	42	109.683	0	7755.12	25122	0	411388	328.821	338.899	0	25020	569.885	512.844	0.778645
25200	2.14642e+06	308.791	518	120	316	98	0	308.791	43	33.261	0	7785.14	24964	0	327426	328.803	285.971	0	25200	563.552	511.921	0.777245
25380	7.79866e+06	77.2921	914	58	316	98	0	77.2921	42	138.967	0	7900	25122	0	352686	344.395	349.4	0	25380	568.382	511.001	0.775847
25560	5.54798e+06	70.9133	135	0	316	98	0	70.9133	42.0001	116.461	0	7900	25122	0	368302	403.412	337.751	0	25560	554.346	510.082	0.774452
25740	2.20761e+06	569.986	837	0	316	98	0	569.986	42	24.8279	0	7742	25101.9	0	198197	288.108	347.01	0	25740	559.883	509.164	0.773059
25920	1.43017e+06	430.279	381	0	316	98	0	430.279	42	23	0	7899.76	25044.1	0	163176	317.834	320.139	0	25920	543.097	508.249	0.771669
26100	1.63565e-06	4.92103e-10	78	0	316	98	0	4.92103e-10	42	23	0	7899.99	24964	0	161416	281.995	285.758	0	26100	551.6	507.335	0.770281
26280	952838	286.659	248	0	316	98	0	286.659	42.9997	23.0005	0	7900	25038.9	0	324388	394.383	342.516	0	26280	543.581	506.422	0.768896
26460	8.56678e-09	2.5774e-12	127	0	316	98	0	2.5774e-12	42	23	0	7742	25122	0	164140	405.37	299.039	0	26460	538.153	505.512	0.767513
26640	6.4082e+06	84.959	740	182	316	98	0	84.959	42	113.811	0	7826.3	25122	0	195911	327.633	357.726	0	26640	544.804	504.603	0.766133
26820	3.3243e+06	758	756	379	316	98	0	758	43	26.4196	0	7807.04	25065.4	0	226771	275.626	295.277	0	26820	535.035	503.695	0.764755
27000	998079	300.282	352	64	316	98	0	300.282	42.0006	23	0	7783.69	25122	0	257488	277.422	332.378	0	27000	541.079	502.789	0.763379
27180	2.5464e+06	765.957	579	383	316	98	0	765.957	43	23.0023	0	7820.68	25056.9	0	289174	286.066	349.76	0	27180	554.862	501.885	0.762007
27360	2.488e+06	234.273	477	0	316	98	0	234.273	43	41.1125	0	7742	24964	0	353956	312.757	314.336	0	27360	547.891	500.982	0.760636
27540	7.76578e+06	64.6211	160	0	316	98	0	64.6211	43	161	0	7742	25122	0	595809	293.653	389.095	0	27540	542.08	500.081	0.759268
27720	1.07573e+08	1436.1	9342	1800	333	45	0	1436.1	43	113.322	0	3654.52	26400.5	0	2.4893e+06	328.362	344.608	0	27720	555.983	499.182	0.757903
27900	1.56191e+08	1876.79	12038	2044	339	47	0	1876.79	42	121.217	0	3801.46	26826.5	0	2.91375e+06	323.271	288.614	0	27900	548.55	498.284	0.75654
28080	7.32186e+07	718.66	5376	566	336	44	0	718.66	42	140.01	0	3533.52	26628	0	1.76391e+06	306.281	304.473	0	28080	540.757	497.388	0.755179
28260	7.96146e+07	662.494	5554	275	333	45	0	662.494	42	161	0	3593.65	26439.4	0	2.18356e+06	279.302	354.069	0	28260	551.675	496.494	0.753821
28440	1.01167e+08	1113.73	8009	1536	328	41	0	1113.73	42.9999	128.66	0	3330.11	25977.9	0	2.16844e+06	341.811	310.753	0	28440	560.103	495.601	0.752466
28620	5.59781e+07	706.478	4884	733	329	46	0	706.478	42.9999	117.408	0	3704.8	26079.2	0	1.10944e+06	308.035	319.081	0	28620	547.586	494.71	0.751112
28800	2.43336e+07	202.486	717	0	329	46	0	202.486	43	161	0	3634	25991	0	1.26071e+06	234.775	291.869	0	28800	540.675	493.82	0.749762
