MS2-QUANT	v0j
Region DEFINITION, 05-Apr-2021
COMMENT	Outline definition performed in MS2-QUANT (Main program)
FILE	MAX_20201217_RI516_C12MS2128TkTat_001_visit_13.tif
PATH	/Volumes/EBL/20201217/
PARAMETERS
Pix-XY	Pix-Z	RI	Ex	Em	NA	dT	Type
79	600	1.458	488	521	1.4	180	widefield
ANALYSIS-SETTINGS	
IMAGING-BACKGROUND	150
LIMIT-FIT-SIGMA-XY-MIN	61
LIMIT-FIT-SIGMA-XY-MAX	159
LIMIT-FIT-SIGMA-Z-MIN	0
LIMIT-FIT-SIGMA-Z-MAX	0
LIMIT-FIT-BGD-MIN	62
LIMIT-FIT-BGD-MAX	63
DETECTION-THRESHOLD	500
REGION	TxSite
X_POS	319	319	319	319	319	319	319	318	318	318	318	318	318	318	318	317	317	317	317	317	317	316	316	316	315	315	314	313	313	313	312	312	311	311	310	309	308	307	306	306	306	305	305	305	304	304	303	303	302	302	302	301	301	301	301	300	300	300	300	299	299	299	299	299	299	299	298	298	298	298	298	298	298	298	298	298	298	298	298	298	298	298	298	298	299	299	299	300	300	300	301	301	301	302	302	302	302	303	303	303	304	304	304	305	305	305	306	306	306	307	307	307	307	308	308	308	308	309	309	309	309	309	309	310	310	310	310	311	311	311	311	311	311	312	312	312	312	313	313	313	313	313	314	314	314	314	315	315	315	315	316	316	316	316	316	317	317	317	317	317	318	318	318	318	318	319	319	319	319	319	319	319	319	319	320	320	320	320	320	320	320	320	320	320	320	320	320	320	320	320	320	321	321	321	322	322	322	322	322	323	323	323	323	323	324	324	324	324	325	325	325	325	326	326	327	327	327	327	328	328	329	329	330	330	330	331	331	332	332	333	333	334	335	335	336	336	337	337	338	338	339	339	340	340	340	341	341	341	342	342	342	343	343	343	344	344	344	344	345	345	346	346	346	346	347	347	347	347	347	348	348	348	349	349	350	350	350	351	351	352	352	353	354	354	355	355	356	356	357	357	358	358	359	359	360	361	361	363	363	364	364	365	365	366	366	367	367	368	368	369	369	370	370	370	371	372	372	373	373	374	374	375	376	376	376	377	377	378	378	379	379	380	380	381	381	382	382	383	383	383	384	384	384	384	385	385	385	386	386	386	387	387	387	388	388	388	388	388	388	389	389	389	390	390	390	390	390	390	390	390	390	390	390	390	390	390	390	390	390	390	390	390	390	390	390	390	389	389	389	389	388	388	388	388	388	388	387	387	387	387	386	386	386	386	385	385	384	384	384	383	383	383	382	382	381	381	381	381	380	380	380	379	379	378	378	378	377	377	377	376	376	375	375	375	374	374	374	373	373	373	372	372	372	371	371	371	370	370	370	369	369	369	368	368	368	367	367	366	366	366	365	365	364	364	363	363	363	362	362	362	361	361	361	361	361	360	360	360	360	359	359	359	359	359	358	358	358	358	357	357	356	356	355	355	355	355	354	354	354	353	353	353	352	352	351	351	350	350	349	349	348	348	348	347	347	347	346	346	346	345	345	345	344	344	344	344	343	343	342	342	341	341	341	340	340	340	340	339	339	339	338	338	338	337	337	337	337	337	336	336	336	335	335	335	334	334	334	333	333	333	332	332	331	331	330	330	329	329	328	328	328	327	327	326	326	325	325	324	324	323	323	322	322	322	END
Y_POS	138	139	139	140	140	141	141	142	142	143	143	144	144	145	145	146	146	147	147	147	148	148	148	149	149	149	149	150	150	150	150	150	151	151	151	151	151	152	152	152	152	152	153	153	153	153	153	153	153	153	154	154	154	154	155	155	155	155	156	156	156	157	157	157	158	159	159	159	160	160	161	161	162	162	163	163	164	164	165	165	166	166	167	167	168	168	169	169	169	170	170	171	171	171	172	172	172	172	173	173	173	174	174	174	174	175	175	175	176	176	177	177	177	178	178	179	179	179	180	180	181	181	182	182	183	183	184	184	185	185	186	186	187	187	188	188	189	189	190	190	190	191	191	192	193	194	194	195	196	197	197	197	198	198	199	199	199	200	200	201	201	202	202	203	203	203	204	204	205	205	206	206	207	208	208	209	209	210	210	211	212	213	213	214	215	215	216	216	217	217	218	219	220	220	221	221	222	222	222	222	223	223	223	224	224	225	225	226	226	227	227	227	228	228	229	229	229	230	230	230	230	230	231	231	231	231	231	231	231	231	231	231	231	231	231	231	231	231	231	231	231	230	230	230	229	229	228	228	228	228	227	227	227	226	226	226	225	225	224	224	223	223	222	222	222	221	221	221	220	220	219	219	219	218	218	218	218	217	217	217	217	217	217	217	217	217	217	217	217	217	217	218	218	218	218	218	218	218	219	219	219	219	219	219	219	219	219	219	219	219	219	219	219	219	219	219	219	219	219	219	219	220	220	220	220	220	220	220	220	220	220	220	220	220	220	220	220	220	219	219	219	219	219	218	218	217	217	216	216	215	215	214	214	214	213	213	212	212	211	211	210	210	209	209	208	208	207	207	206	206	205	205	204	204	203	203	202	202	201	201	200	200	199	199	198	198	197	197	196	196	195	195	194	194	194	193	193	192	192	191	191	191	190	189	189	188	188	188	187	187	187	186	186	186	186	185	185	185	185	184	184	184	183	183	183	182	182	182	182	182	181	181	181	180	180	180	180	180	180	179	179	179	179	178	178	178	178	177	177	176	176	176	175	175	174	174	173	173	173	172	172	171	171	170	170	169	169	169	168	168	167	167	167	166	166	166	166	165	165	165	164	164	164	163	163	163	162	162	161	161	160	160	160	159	159	159	159	159	158	158	158	158	158	158	157	157	157	157	156	156	156	156	156	156	156	155	155	155	154	154	154	154	154	153	153	153	152	152	152	151	151	151	150	150	150	150	149	149	149	148	148	148	148	147	147	147	146	146	146	145	145	144	144	144	143	143	143	142	142	142	142	141	141	141	141	140	140	140	140	140	140	140	140	140	139	139	139	139	139	139	139	139	139	138	END
QUANTIFICATION
Time[s]	Q_Integrate	Q_AMP	Q_Sum_pix	Q_MIP_int	Pix_Y	Pix_X	Pix_Z	AMP	BGD	SigmaXY	SigmaZ	MuY	MuX	MuZ	RES	Cent_Y	Cent_X	Cent_Z	OPB_time	OPB_INT	OPB_FIT	OPB_FIT_norm
0	7.19496e-10	3.07806e-14	31	0	162	303	0	3.07806e-14	62	61	0	24095	12956	0	233233	288.017	362.025	0	0	807.859	910.671	1
180	7.2854e-07	3.11675e-11	280	62	162	303	0	3.11675e-11	62	61	0	24095	12798	0	148955	357.94	347.389	0	180	826.07	909.033	0.998202
360	4.90837e+06	209.984	864	0	162	303	0	209.984	62	61	0	24095	12876.8	0	427289	347.25	305.237	0	360	813.993	907.398	0.996406
540	1.18015e+06	37.4552	522	21	162	303	0	37.4552	62	70.8731	0	23938.3	12798	0	369495	339.019	247.474	0	540	809.173	905.767	0.994615
720	2.39727e+06	102.557	655	84	162	303	0	102.557	62	61	0	23944.9	12798	0	349515	333.163	323.51	0	720	820.672	904.138	0.992826
900	2.39513e+06	102.466	606	22	162	303	0	102.466	62	61	0	24094	12798	0	257846	328.279	298.54	0	900	807.901	902.512	0.99104
1080	162856	6.96712	208	125	162	303	0	6.96712	62	61	0	23937	12956	0	267929	326.198	307.325	0	1080	806.323	900.889	0.989258
1260	3.12926e+06	133.872	705	184	162	303	0	133.872	62	61	0	24095	12956	0	263160	333.216	330.711	0	1260	787.8	899.268	0.987479
1440	1.85417e+06	57.6743	341	10	162	303	0	57.6743	62	71.5976	0	23937	12798	0	507962	254.949	275.107	0	1440	807.643	897.651	0.985703
1620	1.32902e+08	5685.65	12602	9554	162	303	0	5685.65	62	61	0	24016.6	12881.3	0	3.943e+07	308.11	333.089	0	1620	787.876	896.037	0.983931
1800	6.52513e+07	836.908	5841	1094	184	328	0	836.908	63	116.206	0	25994.2	14596.2	0	1.43236e+06	323.899	312.503	0	1800	780.507	894.425	0.982161
1980	6.56385e+07	643.898	5301	742	183	327	0	643.898	62	140.071	0	25898.1	14457	0	1.63782e+06	315.351	255.593	0	1980	779.888	892.817	0.980395
2160	1.33403e+08	1592.18	10669	1733	182	324	0	1592.18	63	121.76	0	25714.3	14445.5	0	2.52161e+06	352.298	301.776	0	2160	780.499	891.211	0.978632
2340	1.34558e+08	1310.48	10258	1372	188	321	0	1310.48	62.9999	140.86	0	25422.4	14944.6	0	4.21095e+06	305.919	329.779	0	2340	767.622	889.609	0.976872
2520	1.131e+08	1373.94	9826	977	191	328	0	1373.94	62	120.348	0	26009.7	15182.3	0	3.37014e+06	343.688	324.252	0	2520	771.909	888.009	0.975115
2700	1.04615e+08	1627.02	10291	1236	193	326	0	1627.02	63	103.43	0	25842	15362.6	0	1.93658e+06	330.833	352.905	0	2700	773.672	886.412	0.973361
2880	1.84543e+08	2184.55	14982	2270	196	325	0	2184.55	63	122.427	0	25770.8	15553.3	0	2.86095e+06	334.061	306.132	0	2880	792.98	884.818	0.971611
3060	7.05442e+07	871.135	6538	1134	201	345	0	871.135	62.9978	119.068	0	27356.5	15959.9	0	1.77162e+06	341.925	318.773	0	3060	762.63	883.226	0.969863
3240	1.86975e+08	2481.9	16811	2523	187	343	0	2481.9	63	113.725	0	27150.1	14865.5	0	3.28842e+06	285.918	329.074	0	3240	775.644	881.638	0.968119
3420	1.43316e+08	2147.72	13807	2029	186	343	0	2147.72	62	105.69	0	27181.7	14758.9	0	2.45873e+06	322.766	302.433	0	3420	771.192	880.052	0.966378
3600	1.89515e+08	2134.63	13878	2715	175	337	0	2134.63	63	126.626	0	26737.3	13942	0	5.92192e+06	335.331	334.022	0	3600	773.919	878.47	0.96464
3780	1.05586e+08	1285.05	9188	958	175	341	0	1285.05	62.0011	120.202	0	27030.9	13915.5	0	2.64083e+06	324.026	319.79	0	3780	745.829	876.89	0.962905
3960	8.69295e+07	1460	9526	1190	183	334	0	1460	62.132	98.9953	0	26465.1	14550.1	0	2.20965e+06	315.671	312.738	0	3960	765.262	875.313	0.961174
4140	6.69068e+07	1414.63	7537	984	193	331	0	1414.63	62.9999	87.3423	0	26193.9	15354.7	0	2.20455e+06	281.774	324.521	0	4140	760.75	873.739	0.959445
4320	5.99681e+07	690.091	5261	968	202	324	0	690.091	63	124.78	0	25674	16002.2	0	1.92099e+06	332.302	271.809	0	4320	756.632	872.168	0.95772
4500	1.55433e+08	2015.18	13416	2042	196	325	0	2015.18	62	115.416	0	25723.4	15559.7	0	1.97529e+06	289.849	311.208	0	4500	765.075	870.599	0.955997
4680	8.03198e+07	1042.14	7143	1047	199	326	0	1042.14	62	115.361	0	25842.4	15804.8	0	2.00939e+06	326.705	327.506	0	4680	754.817	869.033	0.954278
4860	8.7812e+06	375.667	1451	0	199	326	0	375.667	63	61	0	25912	15756.1	0	1.06867e+06	352.998	267.713	0	4860	770.998	867.471	0.952562
5040	2.70586e+06	115.758	735	0	199	326	0	115.758	63	61.0002	0	25843.6	15879	0	479812	304.694	290.242	0	5040	763.197	865.911	0.950849
5220	5.61925e+06	240.396	1062	275	199	326	0	240.396	62	61	0	25863	15778.8	0	414040	315.525	285.635	0	5220	740.049	864.353	0.949139
5400	4.59612e+06	196.626	762	0	199	326	0	196.626	62	61	0	25754	15879	0	402812	283.026	359.567	0	5400	745.651	862.799	0.947432
5580	2.02715e+06	86.723	878	0	199	326	0	86.723	62	61	0	25891.2	15861.9	0	350466	293.138	316.509	0	5580	742.503	861.247	0.945728
5760	1.34847e+06	57.6849	732	0	199	326	0	57.6849	62	61.002	0	25843.4	15855.2	0	719626	412.462	274.93	0	5760	747.404	859.698	0.944027
5940	8.3499e-10	3.57216e-14	15	0	199	326	0	3.57216e-14	62	61	0	25912	15879	0	275899	364.101	304.027	0	5940	752.838	858.152	0.94233
6120	402999	17.2406	439	6	199	326	0	17.2406	62.5408	61	0	25912	15879	0	367181	289.212	364.45	0	6120	740.102	856.609	0.940635
6300	2.6715e+06	108.434	482	107	199	326	0	108.434	62	62.6285	0	25769.4	15721	0	296518	294.705	238.293	0	6300	746.122	855.068	0.938943
6480	9.8233e+07	1152.61	8357	1050	151	324	0	1152.61	62	123.153	0	25661.2	12000.2	0	1.76919e+06	302.849	313.767	0	6480	745.018	853.531	0.937255
6660	1.14501e+08	1269.46	9345	1040	153	323	0	1269.46	63	128.025	0	25614.9	12146.7	0	3.23226e+06	321.531	313.518	0	6660	751.002	851.996	0.935569
6840	2.40771e+08	2742.81	18575	3092	149	324	0	2742.81	63	125.645	0	25694.2	11880.3	0	2.96292e+06	334.787	336.47	0	6840	770.635	850.464	0.933887
7020	2.90072e+08	2446.7	17449	2504	155	324	0	2446.7	63	159	0	25650.1	12371	0	8.11474e+06	294.138	346.646	0	7020	771.078	848.934	0.932207
7200	1.36175e+08	1382.01	10977	1144	157	327	0	1382.01	63	136.487	0	25954.2	12473.1	0	2.4969e+06	354.656	308.136	0	7200	776.941	847.407	0.930531
7380	9.74548e+07	1429.57	8736	1137	162	326	0	1429.57	63	107.031	0	25858.4	12906.6	0	1.58749e+06	327.506	333.854	0	7380	788.01	845.883	0.928857
7560	3.95359e+07	842.395	4332	1108	168	333	0	842.395	63	86.9868	0	26386.9	13351.2	0	1.65354e+06	318.554	313.779	0	7560	776.312	844.362	0.927187
7740	9.85838e+07	1518.53	9136	1420	170	337	0	1518.53	63	104.008	0	26666.9	13545.8	0	1.54091e+06	290.09	336.534	0	7740	795.726	842.844	0.92552
7920	7.839e+07	964.963	7097	1096	167	338	0	964.963	63	119.313	0	26815.8	13300.6	0	2.39113e+06	352.187	342.445	0	7920	774.487	841.328	0.923855
8100	6.53511e+07	873.246	6346	1015	173	340	0	873.246	62	113.257	0	26949.8	13750.4	0	1.31864e+06	338.423	313.547	0	8100	749.966	839.815	0.922194
8280	1.23634e+08	1581.83	10668	1467	169	343	0	1581.83	62.9999	116.388	0	27152	13422.8	0	2.34687e+06	283.075	306.875	0	8280	758.934	838.305	0.920535
8460	3.12699e+08	4036.21	26656	3978	167	343	0	4036.21	62.0001	115.74	0	27194	13279.5	0	4.52498e+06	333.843	322.257	0	8460	763.221	836.797	0.91888
8640	1.82675e+08	1592.73	12015	1203	182	352	0	1592.73	62	154.349	0	27900.5	14431.5	0	5.23089e+06	326.477	294.92	0	8640	780.183	835.292	0.917227
8820	2.38317e+08	2010.42	15078	1665	174	349	0	2010.42	62	158.981	0	27679.1	13840	0	3.66145e+06	337.262	322.913	0	8820	777.248	833.79	0.915578
9000	7.37852e+07	1341.42	7798	1630	173	346	0	1341.42	63	94.7357	0	27407.6	13747.7	0	1.27624e+06	302.242	317.753	0	9000	783.691	832.291	0.913931
9180	9.74902e+07	1561.59	9451	1518	168	338	0	1561.59	63	101.691	0	26750.7	13323.4	0	2.80048e+06	289.346	290.236	0	9180	781.955	830.794	0.912288
9360	1.59753e+08	1901.07	12709	1776	173	342	0	1901.07	62	121.999	0	27108.9	13759.9	0	4.17834e+06	326.627	323.634	0	9360	788.348	829.3	0.910647
9540	1.29738e+08	1431.11	10887	1329	173	337	0	1431.11	62.0001	128.481	0	26708.3	13723.4	0	3.7124e+06	323.115	299.233	0	9540	812.537	827.808	0.909009
9720	1.26512e+08	1612.17	11124	1573	180	335	0	1612.17	63	116.685	0	26529.2	14294.1	0	4.01619e+06	322.271	313.804	0	9720	779.143	826.32	0.907375
9900	2.80093e+08	2794.3	19158	3437	191	331	0	2794.3	62	138.269	0	26190.4	15119.2	0	8.07317e+06	286.154	274.742	0	9900	791.965	824.834	0.905743
10080	3.44252e+08	3054.8	22291	3259	183	333	0	3054.8	62.9998	152.007	0	26392.8	14517.3	0	9.19313e+06	322.143	305.601	0	10080	797.956	823.35	0.904114
10260	2.27083e+08	1915.4	14358	1771	183	337	0	1915.4	63	159	0	26744.7	14549.5	0	4.8523e+06	350.701	316.564	0	10260	797.088	821.869	0.902488
10440	4.08928e+08	3941.37	28356	3975	179	332	0	3941.37	62.0023	142.014	0	26332.3	14193	0	8.49909e+06	340.737	295.982	0	10440	793.459	820.391	0.900865
10620	3.74357e+08	3157.62	24391	3611	177	330	0	3157.62	63	159	0	26134.2	14086.1	0	6.94258e+06	307.623	336.17	0	10620	784.245	818.916	0.899245
10800	4.28328e+08	4478.27	30712	3852	193	328	0	4478.27	62	133.509	0	25971.1	15291.9	0	9.32948e+06	307.307	283.018	0	10800	801.524	817.443	0.897628
10980	3.36826e+08	3476.7	25246	2720	190	331	0	3476.7	63	134.776	0	26197.6	15118.9	0	7.67625e+06	286.846	330.592	0	10980	816.064	815.973	0.896013
11160	1.44425e+08	1558.75	11727	1157	187	332	0	1558.75	62.0001	130.479	0	26302.2	14879.5	0	3.20393e+06	316.169	331.654	0	11160	801.262	814.506	0.894402
11340	8.2997e+07	1064.25	7334	895	192	338	0	1064.25	62.9998	116.224	0	26794.3	15229	0	1.57417e+06	318.43	313.259	0	11340	783.703	813.041	0.892793
11520	1.97062e+06	84.3047	759	0	192	338	0	84.3047	62	61	0	26860	15289.4	0	433438	330.504	354.631	0	11520	775.536	811.579	0.891188
11700	823907	35.2474	409	24	192	338	0	35.2474	63	61	0	26781.4	15326	0	744861	258.41	344.577	0	11700	796.503	810.119	0.889585
11880	5.19028e-10	2.22045e-14	332	0	192	338	0	2.22045e-14	62	61	0	26860	15325.7	0	212976	432.85	271.549	0	11880	784.622	808.662	0.887985
12060	7.72047e+06	116.09	790	383	192	338	0	116.09	62	105.481	0	26761.9	15168	0	537660	321.702	292.832	0	12060	812.833	807.208	0.886388
12240	740819	31.6928	466	0	192	338	0	31.6928	62	61	0	26780	15168.1	0	309018	292.501	304.726	0	12240	816.607	805.756	0.884794
12420	4.53118e+07	838.024	5122	910	195	329	0	838.024	63	93.8507	0	26073	15447.9	0	1.5768e+06	296.324	284.575	0	12420	802.927	804.307	0.883203
12600	1.10364e+08	2039.53	11594	2093	190	331	0	2039.53	63	93.8911	0	26252.7	15099.8	0	3.00697e+06	343.477	310.516	0	12600	820.928	802.861	0.881615
12780	7.39426e+07	1349.89	8118	1090	188	328	0	1349.89	63	94.5196	0	25971.6	14911.8	0	2.09605e+06	302.31	309.943	0	12780	821.834	801.417	0.880029
12960	7.79253e+07	957.57	6429	1012	193	328	0	957.57	62.0001	119.449	0	26023.8	15309.3	0	2.11183e+06	333.494	294.675	0	12960	839.518	799.976	0.878447
13140	2.01285e+06	86.1113	748	165	193	328	0	86.1113	63	61	0	25977.7	15326.5	0	726457	352.225	301.172	0	13140	828.547	798.537	0.876867
13320	8.12454e+07	1252.09	7913	1254	189	328	0	1252.09	62	103.978	0	26019.3	15011.3	0	2.49021e+06	356.418	337.9	0	13320	826.468	797.101	0.87529
13500	1.87226e+08	2627.26	16875	2084	189	330	0	2627.26	63	109.912	0	26165.9	15040.5	0	4.21928e+06	314.975	340.531	0	13500	824.096	795.668	0.873716
13680	1.75507e+08	2021.73	14481	1791	194	334	0	2021.73	62	124.693	0	26499.3	15396.2	0	2.59976e+06	343.501	305.923	0	13680	824.869	794.237	0.872145
13860	2.09743e+08	2644.18	18051	2618	191	335	0	2644.18	62.0001	117.491	0	26560	15134.2	0	3.26463e+06	335.364	282.485	0	13860	821.343	792.808	0.870576
14040	3.587e+08	4173.24	29339	3447	197	333	0	4173.24	62	123.857	0	26384.5	15626.5	0	5.86522e+06	310.374	298.413	0	14040	818.697	791.383	0.869011
14220	4.52444e+08	5149.82	35496	5353	204	336	0	5149.82	63	125.717	0	26639.9	16167.3	0	1.09438e+07	330.579	282.141	0	14220	818.073	789.959	0.867448
14400	2.96445e+08	2946.32	21645	2427	206	336	0	2946.32	62	138.668	0	26626.8	16330.4	0	5.04984e+06	317.029	291.348	0	14400	826.946	788.539	0.865888
14580	1.63343e+08	1960.51	13269	2914	214	335	0	1960.51	63	121.308	0	26569.9	16946.9	0	7.00644e+06	347.22	282.522	0	14580	830.083	787.121	0.864331
14760	2.07886e+08	2063.07	14510	2308	217	334	0	2063.07	62.0001	138.826	0	26497.6	17187.5	0	4.68217e+06	342.771	291.146	0	14760	865.248	785.705	0.862776
14940	9.02672e+07	1351.28	8416	1758	219	335	0	1351.28	62.9999	105.757	0	26564.9	17349.2	0	3.18856e+06	332.183	310.838	0	14940	835.228	784.292	0.861225
15120	1.50078e+08	1641.68	11058	2115	217	333	0	1641.68	62	129.239	0	26397	17220.4	0	3.29858e+06	320.498	302.322	0	15120	831.688	782.882	0.859676
15300	1.35108e+08	1441.08	10503	1372	221	337	0	1441.08	62.9985	131.587	0	26660.8	17559.2	0	3.10926e+06	281.47	325.448	0	15300	818.073	781.474	0.85813
15480	1.74525e+08	2234.39	14759	2082	223	336	0	2234.39	63	116.34	0	26608.3	17683.4	0	2.84454e+06	303.071	312.747	0	15480	836.048	780.068	0.856586
15660	2.3726e+07	247.343	1021	4	223	336	0	247.343	62.0001	133.793	0	26544	17617	0	1.73879e+06	229.217	241.33	0	15660	843.254	778.666	0.855046
15840	1.34082e+08	2082.65	12937	1560	220	332	0	2082.65	62	103.506	0	26312.9	17479.3	0	3.70232e+06	323.839	326.581	0	15840	832.557	777.265	0.853508
16020	4.67842e+07	1088.05	5483	1027	217	331	0	1088.05	63	83.085	0	26211.1	17193.9	0	1.99314e+06	326.418	289.977	0	16020	844.215	775.867	0.851973
16200	4.62313e+07	539.604	2521	795	217	331	0	539.604	62	123.589	0	26307	17143	0	1.69101e+06	378.495	254.543	0	16200	840.637	774.472	0.850441
16380	1.20379e+08	1404.56	9872	1386	219	336	0	1404.56	63	123.618	0	26620.6	17358.6	0	3.42551e+06	306.31	294.372	0	16380	839.8	773.079	0.848912
16560	1.37821e+08	2287.18	13671	2174	215	334	0	2287.18	62.9999	99.6655	0	26477.9	17093.8	0	2.58911e+06	321.246	339.17	0	16560	839.623	771.689	0.847385
16740	1.00503e+08	1605.72	10375	1406	215	338	0	1605.72	62	101.84	0	26784.8	17041.1	0	2.0864e+06	318.664	287.78	0	16740	835.178	770.301	0.845861
16920	8.87717e+07	1364.81	8223	1885	217	336	0	1364.81	63	104.122	0	26641.7	17254.3	0	3.72056e+06	321.781	341.022	0	16920	836.441	768.916	0.84434
17100	8.28615e+06	354.488	1328	52	217	336	0	354.488	63	61	0	26544	17242.9	0	570591	348.423	321.484	0	17100	823.494	767.533	0.842822
17280	1.1788e+07	152.449	1485	164	217	336	0	152.449	63	115.599	0	26702	17289	0	765154	331.878	311.887	0	17280	827.528	766.153	0.841306
17460	9.03167e+07	978.967	7475	1202	210	334	0	978.967	63	130.079	0	26451.4	16722.6	0	2.07382e+06	318.981	349.934	0	17460	819.101	764.775	0.839793
17640	1.24587e+08	1249.67	9747	1214	211	338	0	1249.67	62	137.701	0	26751.1	16720.1	0	3.37208e+06	282.656	289.794	0	17640	833.312	763.4	0.838283
17820	7.59266e+07	885.733	6296	838	210	339	0	885.733	62	123.633	0	26903.7	16687.3	0	2.10277e+06	350.914	339.582	0	17820	826.854	762.027	0.836775
18000	4.618e+07	1116.68	5452	1477	212	340	0	1116.68	63	81.422	0	26932.1	16794	0	2.33446e+06	307.755	272.514	0	18000	857.659	760.656	0.83527
18180	18.0814	0.000773535	197	193	212	340	0	0.000773535	62	61.0002	0	26944.4	16832.6	0	158597	294.225	383.4	0	18180	831.872	759.288	0.833768
18360	7.32542e+07	1316.14	8176	853	214	336	0	1316.14	63	95.3519	0	26654	16957.1	0	2.07744e+06	349.43	309.398	0	18360	843.189	757.923	0.832269
18540	9.3576e+07	1460.5	8887	1512	215	337	0	1460.5	63	103.218	0	26688.5	17101.3	0	2.23071e+06	297.586	343.571	0	18540	860.121	756.56	0.830772
18720	2.86768e+07	763.231	2540	0	215	337	0	763.231	63	77.5027	0	26623	17124.2	0	1.11305e+06	269.373	353.631	0	18720	864.77	755.199	0.829278
18900	9.78082e+07	1732.66	10174	1448	212	336	0	1732.66	62	96.0974	0	26603	16820.5	0	2.18463e+06	286.191	312.108	0	18900	844.175	753.841	0.827787
19080	1.21706e+08	1292.81	9434	1193	208	335	0	1292.81	62	131.977	0	26510.8	16508.8	0	1.63913e+06	289.241	320.694	0	19080	840.309	752.485	0.826298
19260	2.36e+08	3072.64	20318	3109	210	340	0	3072.64	62.9999	115.111	0	26912.9	16672.8	0	4.37707e+06	295.497	323.753	0	19260	839.57	751.132	0.824812
19440	2.3905e+08	3327.65	21410	3025	208	340	0	3327.65	63	110.449	0	26942.3	16487.6	0	5.63592e+06	302.313	304.515	0	19440	852.884	749.781	0.823329
19620	2.36693e+08	2587.94	17332	2538	208	342	0	2587.94	62.0002	129.282	0	27064.3	16476.6	0	5.10841e+06	285.058	294.54	0	19620	853.356	748.433	0.821848
19800	2.29349e+08	1984.83	15099	2058	203	336	0	1984.83	63	155.367	0	26624.8	16099.1	0	8.88954e+06	325.883	308.647	0	19800	826.44	747.087	0.82037
19980	3.06801e+08	3146.19	22161	2916	199	334	0	3146.19	62	135.43	0	26464.8	15784.9	0	7.37341e+06	328.707	302.029	0	19980	856.709	745.743	0.818895
20160	3.70126e+08	3139	23840	2982	197	334	0	3139	63	158.212	0	26484	15631.7	0	1.23037e+07	327.168	314.368	0	20160	843.345	744.402	0.817422
20340	3.60252e+08	4258.21	27771	4590	197	334	0	4258.21	63	122.548	0	26495.1	15618.8	0	1.35347e+07	345.612	306.953	0	20340	831.789	743.064	0.815952
20520	2.74381e+08	2583.07	19098	2338	196	343	0	2583.07	62	144.704	0	27178.3	15513.8	0	6.23237e+06	320.053	272.435	0	20520	846.919	741.727	0.814484
20700	1.79237e+08	1625.87	12356	1761	193	344	0	1625.87	62.9995	149.193	0	27251.7	15345.9	0	4.9102e+06	315.376	331.598	0	20700	822.127	740.393	0.81302
20880	1.56897e+08	6712.18	17490	9347	165	352	0	6712.18	62	61	0	27871.4	13129.9	0	3.16713e+07	291.774	331.92	0	20880	824.385	739.062	0.811558
21060	1.53364e+08	2558.2	15370	2611	198	346	0	2558.2	63	99.3779	0	27425	15690.6	0	2.37707e+06	335.172	287.919	0	21060	822.416	737.733	0.810098
21240	8.26043e+07	1098.23	7616	641	197	344	0	1098.23	62.0001	113.613	0	27244.6	15649.1	0	2.38536e+06	304.846	310.087	0	21240	814.801	736.406	0.808641
21420	7.84381e+07	1061.64	7000	854	196	343	0	1061.64	62.9998	112.363	0	27212.6	15589.2	0	2.16607e+06	341.049	334.385	0	21420	810.625	735.082	0.807187
21600	1.18423e+08	1844.59	12512	1122	199	344	0	1844.59	62.0001	103.338	0	27232.7	15758.7	0	7.24663e+06	302.475	267.47	0	21600	813.589	733.76	0.805735
21780	2.18812e+08	2747.99	18067	2282	198	340	0	2747.99	63	117.779	0	26985.1	15748.2	0	4.49615e+06	364.032	340.286	0	21780	826.411	732.44	0.804286
21960	1.92178e+08	1984.8	14797	1636	198	342	0	1984.8	62.956	134.718	0	27090.8	15699.8	0	3.82017e+06	309.659	310.679	0	21960	817.332	731.123	0.80284
22140	1.85144e+08	1751.74	12320	2066	198	345	0	1751.74	62	144.121	0	27282.3	15688.7	0	3.26152e+06	274.233	294.283	0	22140	830.038	729.808	0.801396
22320	1.59678e+08	1626	12419	1637	195	355	0	1626	63	136.143	0	28106	15520.4	0	3.37246e+06	299.33	343.714	0	22320	792.538	728.496	0.799955
22500	6.12176e+07	1067.03	6679	835	199	354	0	1067.03	63	96.9642	0	28006.6	15814.9	0	2.42263e+06	298.767	336.348	0	22500	803.761	727.185	0.798516
22680	1.07147e+08	1736.3	10983	1083	202	355	0	1736.3	62.9999	101.02	0	28107.5	16002.5	0	3.18086e+06	294.902	283.106	0	22680	775.387	725.878	0.79708
22860	5.90618e+07	1105.71	6851	987	201	354	0	1105.71	63	93.2299	0	28026	15985.1	0	1.54507e+06	317.283	343.378	0	22860	770.849	724.572	0.795647
23040	1.12496e+07	94.8882	918	0	201	354	0	94.8882	62	159	0	28124	15890.1	0	1.05054e+06	386.519	308.827	0	23040	778.863	723.269	0.794216
23220	5.93663e+06	253.974	729	715	201	354	0	253.974	62	61	0	28045.7	15958.4	0	1.04439e+06	273.96	317.825	0	23220	773.027	721.969	0.792788
23400	3.64525e+07	1029.12	5323	449	202	362	0	1029.12	62	75.205	0	28680.6	16058.8	0	1.43387e+06	309.731	328.815	0	23400	754.274	720.67	0.791362
23580	7.37504e+07	1400.85	7601	1106	200	364	0	1400.85	63	92.4992	0	28864.1	15847.2	0	1.67378e+06	325.391	297.248	0	23580	775.72	719.374	0.789939
23760	3.05428e+07	1306.64	4685	1136	199	355	0	1306.64	63	61.0001	0	28162	15799.7	0	1.2612e+06	329.37	324.572	0	23760	781.838	718.08	0.788518
23940	2.11557e+07	178.444	1337	0	199	355	0	178.444	63	159	0	28045	15879	0	1.9868e+06	310.278	383.875	0	23940	799.831	716.789	0.7871
24120	7.68724e+07	798.576	6070	1070	206	353	0	798.576	62.0001	134.14	0	28018.3	16356.9	0	2.71294e+06	362.292	317.449	0	24120	786.667	715.5	0.785684
24300	1.58597e+08	1818.51	12623	1852	205	350	0	1818.51	62	125.087	0	27716.5	16284.6	0	2.86023e+06	308.295	315.995	0	24300	788.069	714.213	0.784272
24480	2.39007e+08	2116.83	16669	1810	203	349	0	2116.83	62	152.258	0	27670.5	16080.9	0	5.79946e+06	333.677	285.063	0	24480	790.579	712.929	0.782861
24660	1.25931e+08	1136.37	8591	1393	205	353	0	1136.37	63	149.851	0	27962.5	16265.2	0	4.56276e+06	324.404	316.064	0	24660	782.406	711.647	0.781453
24840	1.30358e+08	1621.57	10652	1328	207	358	0	1621.57	62	118.506	0	28355.8	16422.9	0	3.61705e+06	312.571	296.988	0	24840	800.382	710.367	0.780048
25020	7.68589e+07	982.391	6726	1421	203	367	0	982.391	62	116.461	0	29037.9	16160.2	0	3.62532e+06	298.67	353.436	0	25020	789.691	709.089	0.778645
25200	7.75128e+07	943.007	6596	939	201	368	0	943.007	63	120.233	0	29182.4	15920.3	0	1.91601e+06	343.188	302.557	0	25200	796.917	707.814	0.777245
25380	6.59378e+06	282.087	990	0	201	368	0	282.087	63	61	0	29155.6	16037	0	999646	377.995	348.019	0	25380	809.76	706.541	0.775847
25560	2.35014e+07	198.23	1125	385	201	368	0	198.23	62	159	0	29230	16037	0	1.69588e+06	419.672	368.845	0	25560	786.266	705.271	0.774452
25740	3.62262e+06	30.5561	328	0	201	368	0	30.5561	63	159	0	29072	15879	0	672238	255.857	319.897	0	25740	788.239	704.002	0.773059
25920	1.15122e+07	97.103	678	88	201	368	0	97.103	63	159	0	29129	16037	0	1.05802e+06	314.612	385.281	0	25920	773.74	702.736	0.771669
26100	7.51642e+07	1470.2	8678	1484	212	374	0	1470.2	62.9999	91.0455	0	29630.1	16849.3	0	2.10391e+06	303.476	342.026	0	26100	768.195	701.472	0.770281
26280	6.18618e+07	831.924	5121	1132	208	374	0	831.924	62.0001	112.809	0	29585.9	16542.7	0	2.04301e+06	284.582	345.541	0	26280	754.779	700.211	0.768896
26460	7.11987e+07	1068.14	6348	1245	210	371	0	1068.14	63	105.623	0	29366.1	16660	0	2.64024e+06	312.427	321.404	0	26460	777.724	698.952	0.767513
26640	1.3555e+08	1354.11	9584	1553	206	371	0	1354.11	62	138.128	0	29419.6	16310.6	0	4.30531e+06	333.935	292.301	0	26640	750.424	697.695	0.766133
26820	2.21013e+08	3028.99	19123	3393	201	378	0	3028.99	63	111.504	0	29968.1	15956	0	6.17548e+06	356.341	330.311	0	26820	776.243	696.44	0.764755
27000	1.49884e+08	1814.47	12159	1648	201	378	0	1814.47	62	120.624	0	29967.3	15982.4	0	3.82499e+06	334.911	324.391	0	27000	754.313	695.187	0.763379
27180	1.30861e+08	1301.31	9669	1312	197	373	0	1301.31	62.0001	138.61	0	29506.3	15592.6	0	3.1289e+06	281.725	279.909	0	27180	770.602	693.937	0.762007
27360	1.73599e+08	2714.3	17191	2414	193	370	0	2714.3	62.9997	103.112	0	29301.3	15331.5	0	3.70947e+06	304.637	322.462	0	27360	773.056	692.689	0.760636
27540	1.50693e+08	1915.31	12485	2099	191	367	0	1915.31	62	116.88	0	29118.9	15183.5	0	3.95821e+06	354.381	334.201	0	27540	785.145	691.444	0.759268
27720	6.3898e+07	978.55	6171	948	193	370	0	978.55	63	104.36	0	29333.1	15356.4	0	1.45748e+06	317.921	348.659	0	27720	774.768	690.2	0.757903
27900	3.03849e+07	270.748	870	125	193	370	0	270.748	62	151.467	0	29270.3	15405	0	1.73814e+06	303.438	424.869	0	27900	780.525	688.959	0.75654
28080	5.13375e+07	495.776	2738	206	193	370	0	495.776	62	141.796	0	29230	15405	0	2.29092e+06	254.202	371.663	0	28080	761.428	687.72	0.755179
28260	8.97262e+07	1433.77	8626	1723	193	371	0	1433.77	63	101.831	0	29385.9	15313.4	0	3.63009e+06	319.809	302.229	0	28260	778.759	686.483	0.753821
28440	1.10025e+08	1580.73	10275	1376	194	374	0	1580.73	62.0001	108.365	0	29651.8	15378.3	0	1.83426e+06	339.879	305.271	0	28440	753.191	685.249	0.752466
28620	9.55831e+07	1103.22	7796	1261	192	373	0	1103.22	62	124.528	0	29587	15294.1	0	3.16417e+06	354.435	356.487	0	28620	765.678	684.016	0.751112
28800	5.54562e+07	721.941	5666	556	199	369	0	721.941	63	115.119	0	29215.1	15772.6	0	2.04203e+06	303.327	277.914	0	28800	764.609	682.786	0.749762
