MS2-QUANT	v0j
Region DEFINITION, 05-Apr-2021
COMMENT	Outline definition performed in MS2-QUANT (Main program)
FILE	MAX_20201217_RI516_C12MS2128TkTat_001_visit_10.tif
PATH	/Volumes/EBL/20201217/
PARAMETERS
Pix-XY	Pix-Z	RI	Ex	Em	NA	dT	Type
79	600	1.458	488	521	1.4	180	widefield
ANALYSIS-SETTINGS	
IMAGING-BACKGROUND	150
LIMIT-FIT-SIGMA-XY-MIN	43
LIMIT-FIT-SIGMA-XY-MAX	177
LIMIT-FIT-SIGMA-Z-MIN	0
LIMIT-FIT-SIGMA-Z-MAX	0
LIMIT-FIT-BGD-MIN	50
LIMIT-FIT-BGD-MAX	51
DETECTION-THRESHOLD	500
REGION	TxSite
X_POS	260	260	260	261	261	261	262	262	262	263	263	263	263	263	263	263	263	263	263	264	264	264	264	264	264	264	264	264	264	264	264	264	264	264	263	263	263	263	263	263	263	263	262	262	262	262	262	262	262	262	262	262	262	261	261	261	261	261	261	260	260	260	260	260	260	260	259	259	259	259	259	258	258	258	258	257	257	256	256	255	255	255	255	254	254	254	253	253	253	252	252	252	252	251	251	250	249	249	248	248	248	247	247	246	246	246	245	245	243	243	242	241	241	240	240	239	238	238	237	237	236	236	235	234	233	233	232	231	230	230	229	229	228	227	227	226	226	225	225	224	224	223	223	223	222	222	221	221	220	220	219	219	218	218	218	218	217	217	217	216	216	216	216	215	215	215	214	214	213	213	213	212	212	212	212	211	211	211	211	210	210	210	209	209	209	209	208	208	208	208	207	207	207	207	207	206	206	206	206	205	205	205	204	204	204	204	204	204	203	203	203	203	203	203	203	202	202	202	202	202	202	202	202	202	202	202	202	202	202	202	202	202	202	202	202	202	202	202	202	202	202	202	202	202	202	202	202	202	202	202	202	202	202	202	202	202	202	202	202	202	202	202	202	202	202	201	201	201	201	201	201	200	200	200	200	200	200	199	199	199	199	199	198	198	198	198	198	197	197	197	197	196	196	195	195	195	194	194	194	194	194	193	193	193	193	192	192	192	192	191	191	191	191	190	190	190	189	189	189	188	188	188	188	187	187	187	186	186	186	186	185	185	185	185	184	184	183	183	183	182	182	182	181	181	181	180	180	180	179	179	178	178	177	177	177	176	176	176	175	175	175	174	174	174	174	173	173	173	172	172	172	172	171	171	170	170	170	169	169	168	168	168	167	167	167	166	166	166	166	165	165	164	164	163	163	162	162	161	161	161	160	160	160	159	159	159	158	158	158	157	157	156	156	155	155	155	155	154	154	154	154	153	153	153	153	152	152	152	151	151	151	151	150	150	150	150	149	149	149	149	148	148	148	147	147	147	147	147	146	146	146	146	146	145	145	145	145	144	144	144	144	144	143	143	143	143	143	142	142	142	142	141	141	141	141	141	141	140	140	140	140	140	140	139	139	139	139	139	139	139	138	138	138	138	138	138	138	138	138	138	138	138	138	138	139	139	139	139	139	140	140	140	140	141	141	141	142	142	142	143	143	144	144	144	144	145	145	146	146	147	147	148	148	149	149	150	150	151	152	152	153	153	154	154	155	155	156	156	157	157	158	158	159	159	160	160	160	161	161	161	162	162	163	163	163	164	164	164	165	165	165	166	166	166	166	167	167	167	167	167	168	168	168	168	168	169	169	169	169	169	169	170	170	170	171	171	171	171	171	172	172	172	173	173	173	173	173	174	174	174	175	175	175	175	176	176	177	177	177	177	177	178	178	178	179	179	179	179	180	180	180	180	181	181	181	181	182	182	182	182	183	183	183	183	184	184	184	185	185	185	185	186	186	186	187	187	188	188	188	188	189	189	189	190	190	190	191	191	191	191	191	192	192	192	193	193	193	193	194	194	194	194	195	195	195	195	196	196	196	196	197	197	197	198	198	198	198	199	199	199	200	200	200	200	201	201	201	202	202	202	202	203	203	203	203	203	204	204	204	204	204	204	205	205	205	205	206	206	206	206	207	207	207	208	208	208	208	208	209	209	210	210	210	211	211	211	212	212	212	213	213	213	214	214	215	215	216	216	216	217	217	218	218	218	219	219	220	220	221	221	221	222	222	222	223	223	224	224	225	225	225	226	226	226	227	227	228	228	229	229	229	230	230	231	231	232	232	233	233	234	234	235	235	236	236	237	237	238	238	239	239	239	240	240	241	242	242	243	243	244	244	245	245	245	246	246	246	247	247	247	248	248	249	249	249	250	250	251	251	251	252	252	252	253	253	254	254	254	255	255	255	255	255	256	END
Y_POS	146	146	145	144	143	143	142	141	141	140	140	139	139	138	138	137	137	136	136	135	135	134	134	133	133	132	132	131	131	130	130	129	129	128	128	128	127	127	126	126	125	125	125	124	124	123	123	123	122	122	121	121	120	120	120	119	119	118	118	118	117	117	116	116	115	115	115	114	114	114	113	113	112	112	112	111	111	110	110	110	109	109	109	109	108	108	108	108	107	107	107	107	106	106	106	105	105	104	104	104	103	103	103	103	103	103	103	102	102	102	101	101	101	101	101	101	101	101	101	101	101	101	101	101	100	100	100	100	100	100	100	100	100	100	100	100	100	100	101	101	101	101	101	101	101	101	102	102	102	102	103	103	103	103	103	104	104	104	104	104	105	105	105	105	105	106	106	107	107	107	107	108	108	108	109	109	109	109	110	110	110	111	111	111	111	112	112	113	113	113	113	114	114	114	115	115	115	115	116	117	117	117	118	118	119	119	119	120	120	121	121	121	122	122	123	123	123	124	124	125	125	126	126	127	127	128	128	129	129	130	130	131	131	132	132	133	133	134	134	135	135	136	136	137	137	138	138	139	139	140	140	141	141	142	142	143	143	144	144	145	145	146	146	147	147	148	148	148	149	149	150	150	150	151	151	151	152	152	152	152	153	153	154	154	154	155	155	155	156	156	156	157	158	158	158	159	159	160	160	160	161	161	161	161	162	162	162	163	163	163	164	164	164	164	165	165	166	166	166	166	167	167	167	168	168	168	168	169	169	169	169	170	170	170	170	171	171	171	172	172	172	172	172	172	173	173	173	173	174	174	174	174	175	175	175	175	176	176	176	176	176	176	177	177	177	177	178	178	178	178	178	179	179	179	179	180	180	180	180	181	181	181	181	182	182	182	182	182	183	183	183	183	184	184	184	184	185	185	185	186	186	186	186	186	187	187	187	187	188	188	188	188	189	189	189	190	190	190	190	190	191	191	191	191	192	192	192	193	193	194	194	195	195	195	196	196	196	197	197	198	198	199	199	199	200	200	200	201	201	201	201	202	202	202	203	203	204	204	204	205	205	205	205	206	206	206	207	207	208	208	208	209	209	209	210	210	211	211	211	212	212	212	213	213	213	214	214	214	215	215	215	216	216	217	217	218	218	219	219	220	220	221	221	222	222	222	223	223	223	223	224	224	224	224	225	225	225	226	226	226	226	226	227	227	227	227	227	227	228	228	228	228	228	228	228	228	228	228	228	228	228	228	228	228	228	228	228	228	228	228	227	227	227	227	226	226	226	226	226	225	225	225	225	224	224	224	224	224	223	223	222	222	222	221	221	221	221	220	220	220	220	219	219	219	218	218	218	217	217	217	216	216	216	216	215	215	214	214	214	213	213	212	212	211	211	211	210	210	210	209	209	208	208	208	207	207	207	206	206	206	205	205	204	204	203	203	203	202	202	202	202	201	201	201	201	200	200	199	199	199	199	198	198	198	197	197	196	196	196	196	195	195	195	195	194	194	194	193	193	193	193	192	192	192	191	191	191	191	191	190	190	190	189	189	189	189	189	188	188	188	187	187	187	187	186	186	186	185	185	185	185	185	184	184	183	183	183	183	182	182	182	181	181	181	181	181	180	180	179	179	179	178	178	178	177	177	177	176	176	175	175	175	175	174	174	174	174	173	173	173	173	172	172	172	172	171	171	171	171	170	170	170	170	170	169	169	169	169	169	169	168	168	168	168	168	168	168	167	167	167	167	167	167	166	166	166	166	166	166	165	165	165	165	165	165	165	164	164	164	164	164	164	163	163	163	163	163	163	163	163	163	163	163	163	163	163	163	163	163	163	163	163	163	163	163	163	163	163	163	163	162	162	162	162	162	162	162	162	161	161	161	161	161	161	161	161	160	160	160	159	159	159	159	159	158	158	158	158	157	157	157	157	157	156	156	155	155	155	155	154	154	154	153	153	END
QUANTIFICATION
Time[s]	Q_Integrate	Q_AMP	Q_Sum_pix	Q_MIP_int	Pix_Y	Pix_X	Pix_Z	AMP	BGD	SigmaXY	SigmaZ	MuY	MuX	MuZ	RES	Cent_Y	Cent_X	Cent_Z	OPB_time	OPB_INT	OPB_FIT	OPB_FIT_norm
0	7.92509e+07	909.973	6181	1082	213	150	0	909.973	50	124.968	0	11927.5	16947.9	0	1.72294e+06	311.708	340.227	0	0	580.455	672.121	1
180	3.53831e+07	416.487	1195	301	213	150	0	416.487	50	122.891	0	12008	16985	0	1.36806e+06	389.846	417.904	0	180	587.947	670.913	0.998201
360	5.5673e+06	59.0251	402	0	213	150	0	59.0251	50	132.16	0	12008	16985	0	597195	394.902	384.796	0	360	610.266	669.706	0.996406
540	1.04598e+08	1006.02	7732	1078	202	166	0	1006.02	50.9999	142.252	0	13192.2	16029	0	2.6027e+06	313.524	309.954	0	540	605.859	668.502	0.994614
720	1.96241e+07	148.473	1080	111	202	166	0	148.473	50	177	0	13272	15958	0	1.20428e+06	427.364	267.084	0	720	606.267	667.299	0.992826
900	1.57533e+06	135.599	821	0	202	166	0	135.599	50	43	0	13170	16107.7	0	303911	355.014	355.426	0	900	591.388	666.099	0.99104
1080	6.34477e+07	710.981	4971	840	194	177	0	710.981	50.9997	127.078	0	14073.2	15419.1	0	1.28938e+06	312.494	323.764	0	1080	603.607	664.902	0.989258
1260	1.09724e+08	1522.18	10114	1522	193	176	0	1522.18	51	110.678	0	14010.2	15302.4	0	2.08319e+06	340.222	299.256	0	1260	605.677	663.706	0.987479
1440	1.35526e+08	1266.36	9259	693	180	191	0	1266.36	50.0002	145.583	0	15129.7	14280.1	0	2.76677e+06	293.702	306.432	0	1440	608.658	662.512	0.985703
1620	437130	37.6261	223	0	180	191	0	37.6261	50	43.0003	0	15227.5	14220	0	191649	324.442	279.61	0	1620	588.183	661.321	0.98393
1800	68005.4	5.8449	174	122	180	191	0	5.8449	50	43.0321	0	15163.6	14297.2	0	282934	298.5	331.048	0	1800	567.908	660.131	0.982161
1980	1.90039e+06	163.578	680	87	180	191	0	163.578	50	43	0	15181.1	14231.6	0	314368	324.371	323.632	0	1980	560.089	658.944	0.980395
2160	39673.4	3.35379	232	105	180	191	0	3.35379	50	43.3902	0	15169.9	14310.8	0	264784	347.965	284.579	0	2160	560.416	657.759	0.978631
2340	1.14409e+08	1305.48	8398	1690	144	231	0	1305.48	50	125.502	0	18300.4	11486	0	2.45003e+06	290.722	347.109	0	2340	561.051	656.576	0.976871
2520	7.82806e+07	957.849	6694	954	143	231	0	957.849	50.9999	119.781	0	18301.6	11374.5	0	1.59822e+06	288.75	322.917	0	2520	554.747	655.396	0.975115
2700	8.88896e-06	7.65128e-10	52	41	143	231	0	7.65128e-10	50	43	0	18407	11455	0	218648	384.906	476.832	0	2700	554.736	654.217	0.973361
2880	5.13975e+07	1225.14	6260	1287	154	228	0	1225.14	51	82.0292	0	18064.1	12218.6	0	1.43072e+06	290.371	307.44	0	2880	582.648	653.04	0.971611
3060	3.96567e+06	341.35	613	80	154	228	0	341.35	50	43	0	18023	12168.5	0	340318	263.001	314.005	0	3060	578.731	651.866	0.969863
3240	5.64546e+06	67.7598	579	0	154	228	0	67.7598	50	121.307	0	18170	12324	0	245392	365.913	348.486	0	3240	567.187	650.694	0.968119
3420	8.03067e+07	1030.57	6916	1109	150	235	0	1030.57	50	116.166	0	18658.4	11905.3	0	900423	316.257	291.384	0	3420	571.715	649.523	0.966378
3600	2.98656e+08	2787	20618	2254	147	237	0	2787	50.9999	145.738	0	18768.8	11719.6	0	9.0764e+06	295.181	336.996	0	3600	573.619	648.355	0.96464
3780	2.39436e+08	2300.34	15806	2608	148	236	0	2300.34	50.0001	142.376	0	18694.9	11769.9	0	4.60018e+06	297.368	309.37	0	3780	576.53	647.189	0.962905
3960	1.06464e+08	1445.32	9140	1599	150	236	0	1445.32	50	112.155	0	18706.4	11925	0	1.95716e+06	301.693	316.397	0	3960	579.651	646.025	0.961174
4140	3.06118e+08	3637.67	24431	4028	145	237	0	3637.67	51	122.113	0	18792	11559.3	0	5.84715e+06	302.401	341.845	0	4140	563.997	644.864	0.959445
4320	1.66612e+08	1488.4	11622	1873	142	233	0	1488.4	51	151.137	0	18505.4	11330.2	0	2.67268e+06	336.163	336.575	0	4320	558.625	643.704	0.95772
4500	1.5358e+08	1354.26	10439	1445	145	230	0	1354.26	50.9999	152.837	0	18236.5	11537.5	0	2.79908e+06	304.274	322.854	0	4500	574.729	642.546	0.955997
4680	1.65974e+08	1657.68	11603	1654	145	233	0	1657.68	51	138.15	0	18509.5	11547.6	0	3.54028e+06	320.31	326.927	0	4680	570.166	641.391	0.954278
4860	1.63747e+08	1521.14	11734	1602	148	231	0	1521.14	50.0001	146.279	0	18378.9	11763.3	0	4.57265e+06	356.031	300.528	0	4860	566.752	640.237	0.952562
5040	8.06597e+07	725.635	5646	998	147	232	0	725.635	51	150.238	0	18460.8	11678.6	0	2.12002e+06	343.697	304.024	0	5040	580.842	639.086	0.950849
5220	9.04275e+07	1280.07	8764	1334	144	232	0	1280.07	50	109.334	0	18395.4	11477.9	0	2.95236e+06	307.021	346.38	0	5220	584.041	637.937	0.949139
5400	1.17374e+07	133.223	711	0	144	232	0	133.223	51	125.96	0	18328	11534	0	838090	264.338	356.737	0	5400	584.649	636.789	0.947432
5580	731657	62.9783	357	0	144	232	0	62.9783	50	43	0	18436.7	11534	0	296614	322.354	324.59	0	5580	567.556	635.644	0.945728
5760	2.7287e+06	234.876	576	187	144	232	0	234.876	51	43	0	18367.9	11435.3	0	555281	308.769	228.672	0	5760	569.715	634.501	0.944027
5940	2.84604e+08	3638.16	23598	3931	141	221	0	3638.16	50.9999	116.453	0	17548.5	11244.7	0	6.59256e+06	322.14	339.589	0	5940	589.6	633.36	0.94233
6120	2.57986e+08	2192.71	16458	2487	140	220	0	2192.71	50	157.901	0	17442.2	11152.3	0	4.73576e+06	304.586	337.279	0	6120	578.869	632.221	0.940635
6300	1.39338e+08	1433.57	10560	1688	138	215	0	1433.57	51	135.101	0	17079.4	10999.5	0	2.94655e+06	311.236	339.988	0	6300	582.544	631.084	0.938943
6480	1.49956e+08	1287.03	9856	1621	141	213	0	1287.03	51	156.518	0	16937.1	11176.8	0	4.44593e+06	333.777	290.672	0	6480	587.758	629.949	0.937255
6660	6.92148e+07	780.537	5704	1075	132	215	0	780.537	50	126.522	0	17043.9	10554.8	0	1.77689e+06	301.741	359.096	0	6660	590.764	628.816	0.935569
6840	6.47039e+06	48.9539	547	0	132	215	0	48.9539	50	177	0	16985	10428	0	316131	253.912	280.953	0	6840	599.254	627.685	0.933887
7020	3.20957e+06	267.681	602	0	132	215	0	267.681	51	43.6842	0	16985	10484.1	0	366232	271.267	294.334	0	7020	587.092	626.557	0.932207
7200	586467	50.4808	184	0	132	215	0	50.4808	50	43	0	16985	10428	0	155212	287.096	255.639	0	7200	590.934	625.43	0.930531
7380	6.00052e+07	812.715	5402	865	128	216	0	812.715	51	112.315	0	17149.3	10156	0	1.04048e+06	318.31	286.523	0	7380	585.479	624.305	0.928857
7560	1.67241e+06	143.955	444	10	128	216	0	143.955	50	43	0	17078.3	10211.7	0	282257	352.745	345.259	0	7560	598.645	623.182	0.927187
7740	4.3803e+06	33.1406	606	0	128	216	0	33.1406	50	177	0	17222	10270	0	359903	340.389	354.578	0	7740	593.614	622.061	0.925519
7920	2.27383e-07	1.95723e-11	154	0	128	216	0	1.95723e-11	50	43	0	17222	10112	0	491409	288.666	376.71	0	7920	593.256	620.943	0.923855
8100	2.68176e+07	256.448	1455	257	128	216	0	256.448	50	142.902	0	17202	10270	0	986373	342.541	388.827	0	8100	593.452	619.826	0.922194
8280	5.05146e+07	899.418	5295	1029	131	220	0	899.418	50	95.8281	0	17468.9	10450.9	0	1.04483e+06	331.244	347.359	0	8280	595.527	618.711	0.920535
8460	7.35784e+07	1088.21	7421	676	129	219	0	1088.21	50.0001	106.513	0	17352.6	10300.7	0	1.9923e+06	299.612	336.35	0	8460	597.012	617.599	0.91888
8640	8.23714e+07	1163.19	8237	917	126	218	0	1163.19	50.9999	109.494	0	17306.8	10018.5	0	1.61894e+06	316.53	309.105	0	8640	598.351	616.488	0.917227
8820	1.13479e+08	1501.53	9701	1421	125	215	0	1501.53	51	113.951	0	17076.6	9941.67	0	1.24019e+06	323.318	305.526	0	8820	584.746	615.379	0.915578
9000	294438	25.344	156	0	125	215	0	25.344	51	43	0	17143	10033	0	421022	352.011	324.242	0	9000	597.005	614.273	0.913931
9180	1.90764e+06	164.203	385	278	125	215	0	164.203	50.0002	43	0	17065.2	9956.53	0	393671	281.294	258.963	0	9180	601.135	613.168	0.912287
9360	934421	80.4314	251	0	125	215	0	80.4314	50	43	0	17143	9950.25	0	259139	296.22	240.535	0	9360	601.639	612.065	0.910647
9540	2.98224e+06	22.5631	186	0	125	215	0	22.5631	51	177	0	16985	9875	0	550980	326.528	240.492	0	9540	614.813	610.965	0.909009
9720	1.28575e+06	110.673	237	0	125	215	0	110.673	50	43	0	16985	10033	0	303883	262.167	339.68	0	9720	598.501	609.866	0.907374
9900	1.95597e+06	23.2871	191	0	125	215	0	23.2871	50	121.96	0	16985	9875	0	309555	273.642	270.976	0	9900	613.107	608.769	0.905743
10080	5.5289e+07	1360.79	6824	1321	120	222	0	1360.79	51	80.6813	0	17609.4	9550.33	0	1.52591e+06	306.844	312.637	0	10080	601.523	607.674	0.904114
10260	1.6807e+08	2424.45	15360	2677	124	225	0	2424.45	50.9999	108.104	0	17836.4	9844.39	0	2.90855e+06	292.294	282.028	0	10260	614.993	606.581	0.902488
10440	3.13802e+08	3334.88	23951	2859	126	226	0	3334.88	51	131.933	0	17914	10002.9	0	4.5034e+06	296.089	291.827	0	10440	611.686	605.491	0.900865
10620	2.34233e+08	2998.08	19754	1993	125	221	0	2998.08	50.0001	116.358	0	17509.5	9963.51	0	4.49251e+06	294.05	320.181	0	10620	608.019	604.402	0.899245
10800	2.11805e+08	2509.51	17421	2291	122	222	0	2509.51	50.9999	122.353	0	17597.1	9723.77	0	4.90723e+06	300.133	328.5	0	10800	609.511	603.315	0.897627
10980	1.41206e+08	2216.83	12406	2139	129	222	0	2216.83	50	102.87	0	17573.3	10230.2	0	4.16445e+06	268.237	278.615	0	10980	597.359	602.23	0.896013
11160	7.15414e+07	810.35	5344	1232	127	224	0	810.35	50.9999	126.137	0	17796.9	10143.4	0	1.74283e+06	329.413	340.901	0	11160	615.624	601.147	0.894402
11340	2.41763e+08	2789.46	19638	2788	122	224	0	2789.46	50.9998	124.557	0	17777.4	9728.76	0	4.74145e+06	310.031	325.236	0	11340	626.317	600.066	0.892793
11520	3.69399e+08	3632.96	25183	3296	126	221	0	3632.96	50.0006	139.795	0	17538.5	10012.4	0	1.15131e+07	313.317	308.296	0	11520	615.352	598.986	0.891188
11700	2.3397e+08	2413.89	17118	2282	123	224	0	2413.89	50	134.823	0	17724.2	9807.59	0	4.94083e+06	270.037	322.916	0	11700	628.4	597.909	0.889585
11880	1.4e+08	1298.98	10271	890	123	226	0	1298.98	50.9999	146.423	0	17961.5	9814.99	0	2.44803e+06	338.964	322.957	0	11880	624.639	596.834	0.887985
12060	2.03093e+08	2083.03	15046	2306	121	226	0	2083.03	51	135.414	0	17887.9	9651.61	0	3.79002e+06	281.329	331.279	0	12060	630.295	595.761	0.886388
12240	8.94958e+07	1148.45	7858	1352	122	224	0	1148.45	51	116.169	0	17751.3	9726.35	0	2.09911e+06	296.456	326.635	0	12240	633.43	594.689	0.884794
12420	1.36039e+08	1424.02	10464	829	118	226	0	1424.02	50	133.392	0	17908.5	9423.92	0	4.09808e+06	286.531	338.504	0	12420	631.226	593.62	0.883203
12600	2.6731e+08	2029.81	15904	2224	119	225	0	2029.81	50.9998	176.314	0	17872.3	9462.01	0	1.1721e+07	319.792	311.64	0	12600	634.548	592.552	0.881615
12780	2.92695e+08	3932.86	24872	3301	122	229	0	3932.86	51	112.869	0	18203	9713.79	0	4.66385e+06	338.36	314.136	0	12780	625.068	591.487	0.880029
12960	2.51269e+08	2832.08	18760	3032	120	224	0	2832.08	50.0001	126.568	0	17803	9534.61	0	4.72732e+06	334.803	298.075	0	12960	637.688	590.423	0.878447
13140	2.31223e+08	2551.33	18160	1445	117	229	0	2551.33	50.0004	128.454	0	18188.5	9342.24	0	5.96986e+06	319.691	334.549	0	13140	636.277	589.361	0.876867
13320	3.53909e+08	3905.86	28019	3289	121	231	0	3905.86	51	128.435	0	18323.9	9625.62	0	1.28132e+07	298.862	314.173	0	13320	626.045	588.301	0.87529
13500	4.58028e+08	3959.82	30459	3670	116	233	0	3959.82	50	155.508	0	18480.9	9270.67	0	7.25602e+06	310.82	339.499	0	13500	640.171	587.243	0.873716
13680	1.87981e+08	2021.73	14212	1684	117	230	0	2021.73	50	130.805	0	18297.5	9337.17	0	3.92427e+06	355.298	328.115	0	13680	638.404	586.187	0.872144
13860	3.31904e+08	3871.47	26073	4534	120	230	0	3871.47	50	123.642	0	18265.7	9580.9	0	9.57154e+06	329.748	344.041	0	13860	642.569	585.133	0.870576
14040	8.93986e+07	817.917	6824	975	118	232	0	817.917	50.0001	148.129	0	18426.6	9414.66	0	2.09374e+06	334.041	328.803	0	14040	628.389	584.081	0.86901
14220	6.37747e+06	548.949	825	113	118	232	0	548.949	51	43	0	18483.7	9322	0	466806	308.013	316.127	0	14220	641.935	583.03	0.867448
14400	7.91127e+07	1351.88	8346	1427	125	227	0	1351.88	51	98.0409	0	18017.7	9968.59	0	1.72352e+06	311.298	335.031	0	14400	631.569	581.982	0.865888
14580	7.27381e+07	755.249	5646	451	127	231	0	755.249	50.0001	134.189	0	18279.8	10118.4	0	2.21003e+06	287.663	321.933	0	14580	629.391	580.935	0.86433
14760	9.29645e+07	802.555	6005	838	129	228	0	802.555	50	155.707	0	18107.3	10292	0	1.67828e+06	325.29	335.018	0	14760	645.312	579.89	0.862776
14940	9.74259e+07	1598.31	9856	1709	128	227	0	1598.31	51	100.316	0	17990.6	10204.6	0	3.23406e+06	307.393	330.91	0	14940	644.027	578.847	0.861224
15120	6.59135e+07	1000.97	6214	895	125	230	0	1000.97	50.0001	104.872	0	18266.3	9994.66	0	1.29305e+06	323.893	341.525	0	15120	646.236	577.806	0.859676
15300	7.42846e+06	69.2376	578	0	125	230	0	69.2376	50	145.881	0	18170	10024.7	0	581545	272.228	349.217	0	15300	636.962	576.767	0.85813
15480	3.23059e+06	278.077	736	0	125	230	0	278.077	51	43	0	18260.6	10033	0	314862	305.589	319.22	0	15480	647.148	575.73	0.856586
15660	1.33497e+07	101.002	1052	0	125	230	0	101.002	50	177	0	18267.6	9922.36	0	529193	325.554	318.225	0	15660	641.608	574.695	0.855046
15840	2.12571e+07	179.96	1555	242	125	230	0	179.96	50	158.467	0	18232.1	9993.53	0	728817	318.703	324.795	0	15840	643.765	573.661	0.853508
16020	5.06738e+06	69.5614	89	0	125	230	0	69.5614	50	111.393	0	18328	9974.23	0	754933	360.902	338.112	0	16020	659.056	572.63	0.851973
16200	1.30703e+07	107.12	1137	131	125	230	0	107.12	50	163.319	0	18328	9945.01	0	929142	397.742	299.459	0	16200	655.34	571.6	0.850441
16380	1.18147e+07	89.3877	915	0	125	230	0	89.3877	51	177	0	18188.2	10033	0	872088	300.964	334.67	0	16380	666.842	570.572	0.848912
16560	2.15278e+08	2843.91	19207	1882	132	228	0	2843.91	50.0001	114.066	0	18069.1	10517	0	3.41071e+06	298.521	323.009	0	16560	657.59	569.546	0.847385
16740	2.02062e+08	2250.72	15127	2672	135	230	0	2250.72	51	127.609	0	18238.1	10707	0	5.30856e+06	300.312	289.92	0	16740	647.955	568.521	0.845861
16920	1.99916e+08	1822.3	14306	1950	136	232	0	1822.3	50.0048	148.586	0	18387.4	10851	0	5.01745e+06	303.92	335.388	0	16920	656.011	567.499	0.84434
17100	1.43089e+08	1741.74	11849	1789	134	236	0	1741.74	50	120.19	0	18682.4	10649.2	0	4.35413e+06	270.71	292.027	0	17100	645.697	566.478	0.842821
17280	9.28745e+06	98.4416	86	21	134	236	0	98.4416	50	132.184	0	18802	10586	0	539256	413.854	254.588	0	17280	651.173	565.46	0.841306
17460	5.98056e+06	45.2479	185	0	134	236	0	45.2479	51	177	0	18644	10744	0	750779	309.455	302.454	0	17460	647.811	564.443	0.839793
17640	9.19313e+07	1558.65	8730	1514	139	235	0	1558.65	50.9999	98.4722	0	18623.7	11038	0	2.85262e+06	306.687	290.763	0	17640	637.337	563.428	0.838282
17820	1.54928e+07	385.572	1413	97	139	235	0	385.572	51	80.2205	0	18723	10981	0	1.12139e+06	371.683	272.64	0	17820	658.668	562.414	0.836775
18000	1.02835e+08	1362.96	9403	965	137	238	0	1362.96	50.0001	113.833	0	18905.5	10916.4	0	2.22101e+06	333.804	322.862	0	18000	640.35	561.403	0.83527
18180	1.22261e+08	2675.07	13638	2232	137	240	0	2675.07	50.9999	85.7793	0	19016.6	10918.4	0	1.36653e+06	293.893	335.183	0	18180	643.625	560.393	0.833768
18360	1.11664e+08	1797.93	11356	1754	136	242	0	1797.93	50	101.39	0	19208.5	10840.6	0	4.61886e+06	315.098	333.385	0	18360	643.367	559.386	0.832269
18540	3.61056e+07	1045.28	5091	1000	135	244	0	1045.28	51	74.25	0	19357.1	10769.6	0	1.59773e+06	364.677	315.671	0	18540	640.757	558.38	0.830772
18720	1.71828e+08	2750.34	16354	2283	136	243	0	2750.34	50.0322	101.733	0	19304.9	10821.3	0	1.78952e+06	328.756	314.635	0	18720	653.564	557.375	0.829278
18900	2.93625e+08	3870.76	23538	4048	131	243	0	3870.76	50	114.216	0	19321.9	10459.3	0	5.15493e+06	357.152	342.611	0	18900	633.257	556.373	0.827786
19080	1.71207e+08	2510.22	15431	2926	131	243	0	2510.22	51	107.062	0	19275.8	10438.8	0	4.47517e+06	307.287	342.678	0	19080	649.797	555.372	0.826298
19260	3.40995e+08	3591.03	25185	3257	130	243	0	3591.03	50	132.807	0	19234.1	10340	0	4.9008e+06	273.894	305.46	0	19260	641.074	554.374	0.824812
19440	3.70688e+08	4091.9	28457	3171	129	249	0	4091.9	51	128.416	0	19734.1	10278.4	0	8.55145e+06	311.21	317.032	0	19440	618.713	553.377	0.823328
19620	5.37011e+08	6491.44	42432	5981	130	251	0	6491.44	50.0001	120.74	0	19894.8	10322.1	0	1.07744e+07	309.408	297.811	0	19620	637.436	552.382	0.821848
19800	5.50588e+08	5617.49	38450	5735	126	252	0	5617.49	50	135.946	0	19941.6	10040.8	0	1.46022e+07	271.289	324.679	0	19800	614.561	551.388	0.82037
19980	4.44219e+08	4140.81	30439	4594	127	249	0	4140.81	50.0015	145.869	0	19749.7	10115.6	0	1.59833e+07	313.99	315.883	0	19980	619.349	550.397	0.818894
20160	2.40553e+08	2763.32	19365	2309	127	246	0	2763.32	50.9999	124.93	0	19499	10088.5	0	4.69136e+06	301.349	308.238	0	20160	614.525	549.407	0.817422
20340	2.15283e+08	2381.45	17115	1953	129	244	0	2381.45	51	128.227	0	19367.3	10237.7	0	4.38491e+06	327.724	291.457	0	20340	615.035	548.419	0.815952
20520	4.11045e+08	4449.06	29343	4348	131	243	0	4449.06	50.9978	130.212	0	19299.5	10466.3	0	1.12939e+07	337.958	347.849	0	20520	602.937	547.432	0.814484
20700	1.82477e+08	2447.09	15659	2661	132	247	0	2447.09	51	113.006	0	19589.8	10510.1	0	4.81725e+06	336.26	303.017	0	20700	596.241	546.448	0.81302
20880	1.67166e+08	1476.83	11544	1414	131	245	0	1476.83	50.9998	152.589	0	19408	10396.2	0	4.50999e+06	304.055	299	0	20880	603.165	545.465	0.811557
21060	2.33246e+08	1966.08	15195	2151	129	248	0	1966.08	51	159.097	0	19658.9	10258.5	0	4.37625e+06	311.771	312.508	0	21060	592.913	544.484	0.810098
21240	2.36855e+08	2562.7	17323	2511	130	245	0	2562.7	50	130.247	0	19412.2	10292.2	0	5.83e+06	304.929	261.803	0	21240	592.514	543.505	0.808641
21420	1.75125e+08	1886.89	13323	1948	130	244	0	1886.89	51	130.636	0	19383.9	10388.1	0	3.89446e+06	347.5	344.107	0	21420	580.442	542.528	0.807187
21600	3.97978e+07	312.58	2646	0	130	244	0	312.58	50	170.261	0	19434	10347.1	0	1.12809e+06	372.932	319.087	0	21600	584.025	541.552	0.805735
21780	4.8224e+06	213.389	877	153	130	244	0	213.389	50	59.9777	0	19434	10385.1	0	278033	332.172	333.207	0	21780	577.376	540.578	0.804286
21960	6.35444e+06	546.966	1279	525	130	244	0	546.966	50	43	0	19342.4	10346	0	403959	337.123	319.069	0	21960	580.404	539.606	0.80284
22140	5.86513e+06	44.3746	134	0	130	244	0	44.3746	50.4417	177	0	19434	10428	0	699719	341.302	362.144	0	22140	559.323	538.635	0.801396
22320	2.49912e+06	215.112	535	222	130	244	0	215.112	51	43.0002	0	19354.6	10306	0	708224	307.372	300.226	0	22320	557.76	537.667	0.799955
22500	9.07375e+06	140.504	464	202	130	244	0	140.504	50.0002	103.691	0	19303.9	10428	0	853530	291.891	359.43	0	22500	550.78	536.7	0.798516
22680	7.36292e+07	1400.35	8030	1034	131	248	0	1400.35	51	92.4345	0	19642.8	10458.7	0	2.02806e+06	284.927	325.266	0	22680	548.084	535.735	0.79708
22860	6.25149e+07	563.462	4739	757	128	248	0	563.462	51	149.998	0	19712.5	10270	0	1.787e+06	338.406	374.838	0	22860	532.267	534.771	0.795647
23040	4.28974e+07	373.374	1551	0	128	248	0	373.374	50	154.584	0	19750	10112	0	1.65478e+06	404.49	255.514	0	23040	527.961	533.809	0.794216
23220	3.40191e+07	293.539	1161	0	128	248	0	293.539	50	155.776	0	19750	10112	0	1.90783e+06	376.628	192.085	0	23220	518.137	532.849	0.792787
23400	9.6327e+07	1311.88	8084	1756	124	251	0	1311.88	51	111.935	0	19875.8	9895.59	0	1.71004e+06	297.655	316.664	0	23400	512.869	531.891	0.791362
23580	7.26777e+07	1299.58	7611	1127	122	255	0	1299.58	51	95.6023	0	20260.2	9714.15	0	1.52597e+06	351.526	297.874	0	23580	516.143	530.935	0.789939
23760	2.82464e+07	213.707	2366	223	122	255	0	213.707	51	177	0	20248.1	9753.03	0	1.30994e+06	334.499	332.676	0	23760	502.719	529.98	0.788518
23940	2.62499e+07	314.533	1941	420	122	255	0	314.533	50	121.443	0	20303	9638	0	1.14117e+06	389.681	257.161	0	23940	509.352	529.027	0.7871
24120	6.09419e+07	655.433	5059	655	120	259	0	655.433	50	130.805	0	20509.4	9516.89	0	1.02166e+06	284.064	283.964	0	24120	508.693	528.075	0.785684
24300	2.69033e+07	235.241	1015	174	120	259	0	235.241	50	153.962	0	20461	9480	0	1.05844e+06	283.852	251.197	0	24300	509.79	527.126	0.784271
24480	3.39376e+06	292.122	571	0	120	259	0	292.122	51	43	0	20461.1	9561.56	0	385535	288.937	322.157	0	24480	519.318	526.178	0.782861
24660	9.67157e+06	73.1734	785	70	120	259	0	73.1734	51	177	0	20461	9567.51	0	896722	297.504	347.992	0	24660	518.011	525.231	0.781453
24840	25170.8	2.16651	156	0	120	259	0	2.16651	51	43.0009	0	20461	9555.78	0	539255	232.095	294.991	0	24840	511.272	524.287	0.780048
25020	1.81178e+06	155.951	502	189	120	259	0	155.951	50.306	43	0	20527.8	9581.22	0	397187	285.289	356.69	0	25020	507.113	523.344	0.778645
25200	461614	39.734	273	105	120	259	0	39.734	51	43	0	20481.6	9638	0	246101	307.018	332.885	0	25200	528.026	522.403	0.777245
25380	6.17629e+06	46.7288	268	2	120	259	0	46.7288	50	177	0	20619	9480	0	539981	359.388	237.525	0	25380	515.894	521.463	0.775847
25560	1.8986e+06	163.425	508	102	120	259	0	163.425	50	43	0	20619	9628.9	0	257144	304.98	304.188	0	25560	514.841	520.526	0.774452
25740	4.93054e+06	424.402	1258	202	120	259	0	424.402	50	43	0	20619	9498.64	0	245226	362.883	344.02	0	25740	513.197	519.589	0.773059
25920	1.62035e+06	139.474	438	0	120	259	0	139.474	50	43	0	20461.5	9547.58	0	160133	350.931	255.603	0	25920	511.022	518.655	0.771669
26100	2.6649e+06	162.717	593	0	120	259	0	162.717	50	51.0546	0	20619	9480	0	321939	349.419	324.497	0	26100	505.912	517.722	0.770281
26280	5.42046e+06	291.223	1251	269	120	259	0	291.223	50	54.4279	0	20526.3	9544.51	0	205011	275.88	323.031	0	26280	511.191	516.791	0.768896
26460	3.01534e+06	233.448	570	41	120	259	0	233.448	50.9386	45.3402	0	20546.4	9480	0	337665	288.076	288.765	0	26460	525.538	515.862	0.767513
26640	1.42868e+06	122.974	374	204	120	259	0	122.974	50	43.0002	0	20554.2	9561.76	0	298323	312.757	276.019	0	26640	532.831	514.934	0.766132
26820	1.53877e+06	132.452	191	0	120	259	0	132.452	51	43	0	20619	9480	0	506848	316.166	336.225	0	26820	521.189	514.008	0.764755
27000	2.69106e+06	20.3601	312	0	120	259	0	20.3601	50	177	0	20619	9480	0	423121	366.653	267.73	0	27000	505.852	513.084	0.763379
27180	3.15862e+06	271.882	665	26	120	259	0	271.882	50	43	0	20540.9	9638	0	245144	345.109	385.581	0	27180	501.014	512.161	0.762007
27360	1.51872e+06	130.726	401	38	120	259	0	130.726	50.9996	43	0	20607.7	9569.88	0	375325	403.194	350.816	0	27360	512.41	511.24	0.760636
27540	5.81436e+06	459.825	1148	90	120	259	0	459.825	50	44.8606	0	20619	9480	0	355904	380.502	290.514	0	27540	497.393	510.321	0.759268
27720	458453	39.4615	363	0	120	259	0	39.4615	50.0756	43.0002	0	20461	9500.16	0	523264	303.089	352.389	0	27720	488.717	509.403	0.757903
27900	1.16127e+06	99.9575	644	0	120	259	0	99.9575	50.9991	43	0	20461	9570.06	0	272132	274.309	332.77	0	27900	493.357	508.487	0.75654
28080	9.24386e-07	7.95676e-11	91	17	120	259	0	7.95676e-11	50	43	0	20461	9638	0	199844	405.864	357.847	0	28080	493.826	507.572	0.755179
28260	3.39336e+06	33.0921	266	0	120	259	0	33.0921	50	140.715	0	20461	9638	0	328349	297.147	404.578	0	28260	488.273	506.659	0.753821
28440	1.05084e+07	106.554	830	135	120	259	0	106.554	50	136.577	0	20611.6	9638	0	447018	343.821	325.153	0	28440	484.51	505.748	0.752465
28620	1.99376e+06	105.588	275	0	120	259	0	105.588	50	54.8209	0	20619	9498.72	0	201320	346.792	344.353	0	28620	499.442	504.839	0.751112
28800	8.49816e+06	78.7442	375	0	120	259	0	78.7442	50	146.583	0	20619	9638	0	549170	330.631	415.302	0	28800	489.683	503.931	0.749761
