MS2-QUANT	v0j
Region DEFINITION, 05-Apr-2021
COMMENT	Outline definition performed in MS2-QUANT (Main program)
FILE	MAX_20201217_RI516_C12MS2128TkTat_001_visit_14.tif
PATH	/Volumes/EBL/20201217/
PARAMETERS
Pix-XY	Pix-Z	RI	Ex	Em	NA	dT	Type
79	600	1.458	488	521	1.4	180	widefield
ANALYSIS-SETTINGS	
IMAGING-BACKGROUND	150
LIMIT-FIT-SIGMA-XY-MIN	19
LIMIT-FIT-SIGMA-XY-MAX	147
LIMIT-FIT-SIGMA-Z-MIN	0
LIMIT-FIT-SIGMA-Z-MAX	0
LIMIT-FIT-BGD-MIN	56
LIMIT-FIT-BGD-MAX	57
DETECTION-THRESHOLD	500
REGION	TxSite
X_POS	91	90	90	90	89	89	88	88	87	87	86	86	86	86	85	85	85	85	84	84	84	84	83	83	83	82	82	81	81	80	80	79	79	78	78	77	77	77	76	76	75	75	74	74	73	73	72	72	71	71	70	70	69	69	68	68	67	67	66	65	65	64	64	63	63	62	62	61	61	60	60	59	59	58	58	57	57	56	56	55	55	54	54	54	53	53	53	53	52	52	51	51	51	51	51	51	50	50	50	50	50	49	49	49	49	49	49	49	49	48	48	48	48	48	48	48	48	48	48	48	48	48	48	48	48	48	48	49	49	49	49	49	50	50	50	50	50	51	51	51	51	51	51	52	52	52	52	52	52	53	53	54	54	55	55	56	56	56	57	57	58	59	59	59	60	60	60	61	61	62	63	63	64	64	65	66	67	68	69	70	71	72	72	73	73	73	74	74	75	76	77	77	78	78	78	79	79	79	79	80	80	80	80	81	81	81	81	81	81	81	82	82	82	82	82	83	83	83	83	83	83	84	84	84	84	84	85	85	85	85	85	85	86	86	86	86	86	87	87	87	87	87	88	88	88	88	88	89	89	89	90	90	90	90	90	91	91	91	91	91	92	92	92	92	92	92	92	92	92	92	92	92	92	93	93	93	93	93	93	93	93	93	93	93	93	93	93	94	94	94	94	94	94	94	94	94	95	95	95	95	95	95	95	96	96	96	96	96	96	97	97	97	97	97	98	98	98	98	99	99	99	99	99	100	100	100	100	100	101	101	101	102	102	102	103	103	104	104	104	105	105	106	106	106	107	107	107	107	108	108	108	109	109	110	110	111	112	113	113	114	115	116	116	117	118	119	119	120	121	121	122	122	123	123	124	124	125	125	126	126	126	127	127	128	128	129	130	131	133	134	136	137	137	138	138	138	138	138	138	139	139	139	139	139	139	139	139	139	139	139	139	139	139	139	139	139	139	139	139	138	138	138	138	137	137	137	137	136	136	136	136	135	135	135	134	134	134	133	133	133	132	132	131	131	130	130	130	129	129	128	128	127	127	127	127	126	126	126	125	125	124	123	123	122	122	122	121	121	120	120	119	119	118	118	117	117	116	115	115	114	114	113	112	112	111	111	110	110	109	109	108	107	106	106	106	105	105	104	102	101	100	100	99	98	98	98	98	98	98	98	97	97	97	96	96	96	96	96	95	95	95	95	95	95	94	94	94	94	94	93	93	93	92	92	92	92	92	91	91	91	91	90	90	90	90	90	89	89	89	89	89	88	88	88	88	87	87	87	87	86	86	86	86	86	86	86	85	85	85	85	85	85	85	85	85	84	84	84	84	84	84	84	84	84	84	84	84	84	84	84	84	84	84	85	85	85	85	85	86	86	86	86	86	87	87	87	87	87	87	87	88	88	88	88	89	89	89	89	89	89	89	89	90	90	90	90	90	90	END
Y_POS	152	152	152	151	151	150	149	149	147	147	146	146	146	145	145	145	144	144	144	143	143	143	142	142	141	141	141	140	140	139	139	139	138	138	137	137	137	137	137	137	136	136	136	136	136	135	135	135	135	135	135	135	135	135	135	135	135	135	135	135	135	135	134	134	134	134	134	134	134	134	134	134	134	134	134	134	134	134	134	135	135	135	135	135	135	136	136	136	136	137	137	137	138	138	138	139	139	140	140	141	141	141	142	142	143	143	143	144	144	145	145	146	146	147	148	148	149	149	150	150	151	151	152	152	153	153	154	154	155	155	155	156	156	157	157	158	158	159	159	159	160	160	161	161	161	162	162	162	163	163	163	164	164	165	165	165	165	166	166	166	167	167	167	167	168	168	168	168	169	169	169	169	169	170	170	171	171	172	172	172	173	173	173	173	173	174	174	175	175	176	176	176	177	177	177	178	178	178	179	179	180	180	180	181	181	182	182	183	183	184	184	184	185	185	186	186	187	187	188	188	189	189	190	190	191	192	193	193	194	194	195	195	195	196	196	197	197	198	198	199	199	199	200	200	201	201	202	202	203	204	204	205	205	205	206	206	207	207	208	208	209	209	210	210	211	211	212	212	213	213	214	214	215	215	215	216	216	217	218	219	220	220	221	221	222	222	223	223	223	224	224	225	225	226	226	227	227	227	228	228	228	229	229	230	230	231	231	232	232	232	233	233	233	234	234	235	235	235	236	236	237	237	238	238	238	239	239	239	240	240	240	241	241	242	242	242	243	243	244	244	244	244	245	245	245	245	245	246	246	246	246	246	246	246	247	247	247	247	247	247	248	248	248	248	248	248	248	248	248	248	248	248	248	248	248	248	248	248	248	247	247	247	247	246	246	245	245	244	244	243	243	242	242	242	241	241	240	240	239	239	238	238	237	236	235	235	234	233	233	232	232	231	231	230	230	229	229	228	228	227	227	226	226	226	225	225	224	224	224	224	223	223	223	223	222	222	222	221	221	221	221	221	220	220	220	219	219	219	218	218	218	218	217	217	217	217	216	216	216	216	216	215	215	215	215	215	215	214	214	214	214	214	214	214	214	214	214	214	214	214	214	214	214	214	214	214	214	214	214	214	213	213	213	213	213	213	213	213	212	212	212	212	212	211	211	210	210	210	209	209	209	208	208	207	207	206	206	205	205	204	204	203	203	203	202	202	201	201	200	200	199	199	198	197	197	197	196	196	195	195	194	194	194	193	193	192	192	191	191	190	190	189	189	188	188	187	187	187	186	186	185	185	184	184	184	183	183	182	182	181	181	181	180	179	179	179	178	178	177	177	176	175	174	174	173	172	172	171	171	170	169	169	168	168	167	167	166	166	165	165	164	164	163	163	163	162	162	162	161	161	161	160	160	159	159	159	158	158	158	157	157	156	155	155	154	153	152	151	END
QUANTIFICATION
Time[s]	Q_Integrate	Q_AMP	Q_Sum_pix	Q_MIP_int	Pix_Y	Pix_X	Pix_Z	AMP	BGD	SigmaXY	SigmaZ	MuY	MuX	MuZ	RES	Cent_Y	Cent_X	Cent_Z	OPB_time	OPB_INT	OPB_FIT	OPB_FIT_norm
0	1.35878e+08	1543.67	10901	1491	157	72	0	1543.67	57	125.88	0	5750.86	12482.8	0	2.69235e+06	299.328	322.184	0	0	730.796	898.45	1
180	1.14941e+08	1061.37	8239	1330	156	69	0	1061.37	57	147	0	5561.3	12381.8	0	1.51827e+06	327.505	311.453	0	180	724.105	896.834	0.998202
360	1.60368e+08	1480.85	10954	1574	163	65	0	1480.85	57	147	0	5185.99	12944	0	3.4509e+06	292.994	308.132	0	360	714.049	895.221	0.996406
540	1.66605e+08	1538.44	10737	1407	163	68	0	1538.44	57	147	0	5462.64	12939.3	0	3.20086e+06	323.857	309.019	0	540	720.437	893.611	0.994615
720	1.00791e+08	1060.23	7461	1305	160	73	0	1060.23	56	132.916	0	5804.4	12702	0	2.21944e+06	275.391	298.093	0	720	724.731	892.004	0.992826
900	2.45501e+08	2542.69	18213	2106	155	80	0	2542.69	57	134.437	0	6384.78	12340.6	0	5.15647e+06	294.436	310.526	0	900	714.361	890.4	0.99104
1080	1.92444e+08	2062.46	14273	2302	157	82	0	2062.46	57	131.136	0	6527.92	12456.7	0	1.61265e+06	291.124	304.807	0	1080	714.36	888.799	0.989258
1260	2.10074e+08	2407.72	16483	2549	158	84	0	2407.72	56	125.123	0	6723.16	12581.1	0	2.05619e+06	322.825	331.134	0	1260	707.464	887.2	0.987479
1440	1.26494e+08	1168.05	8739	862	151	82	0	1168.05	57	147	0	6541.19	12002.9	0	2.63189e+06	300.275	319.753	0	1440	707.44	885.605	0.985703
1620	1.64178e+08	1516.03	10653	1207	155	79	0	1516.03	57	147	0	6319.06	12375	0	2.78136e+06	315.837	354.76	0	1620	703.906	884.012	0.983931
1800	9.75476e+07	900.763	6593	1113	165	78	0	900.763	57	147	0	6223.15	13141.6	0	1.84468e+06	311.434	341.197	0	1800	705.101	882.422	0.982161
1980	1.04909e+08	1190.92	8407	1302	166	82	0	1190.92	57	125.947	0	6612.31	13197	0	2.06091e+06	362.913	322.66	0	1980	695.172	880.835	0.980395
2160	2.25204e+06	775.867	706	0	166	82	0	775.867	57	21.4934	0	6546.76	13114	0	535083	278.986	264.523	0	2160	694.366	879.251	0.978632
2340	8.52374e+07	1040.75	7634	1034	157	78	0	1040.75	56.9999	119.948	0	6210.77	12477.9	0	1.61439e+06	283.171	323.452	0	2340	693.386	877.67	0.976872
2520	4.11788e+07	426.805	2573	353	157	78	0	426.805	56.0001	134.365	0	6320	12505.4	0	1.35726e+06	401.821	327.985	0	2520	694.396	876.092	0.975115
2700	1.54067e+07	149.796	1246	0	157	78	0	149.796	56	141.045	0	6162	12561	0	469421	284.182	364.224	0	2700	687.204	874.516	0.973361
2880	1.74416e+08	1617.32	12125	1509	153	78	0	1617.32	56	146.496	0	6255.84	12191.5	0	2.41598e+06	326.863	335.162	0	2880	708.168	872.943	0.971611
3060	9.0207e+07	832.979	6157	626	156	72	0	832.979	57	147	0	5746.2	12393.9	0	1.72857e+06	302.576	306.912	0	3060	690.244	871.374	0.969863
3240	1.75617e+08	1621.67	11715	1512	149	75	0	1621.67	56	147	0	6006.95	11882.2	0	2.63251e+06	324.674	338.907	0	3240	692.384	869.806	0.968119
3420	9.58024e+07	1114.6	7671	1387	157	73	0	1114.6	56.0001	123.857	0	5894.39	12485	0	2.799e+06	355.439	319.688	0	3420	696.183	868.242	0.966378
3600	1.08707e+08	1243.24	8452	1304	156	73	0	1243.24	56.0001	125.307	0	5870.35	12397.5	0	2.52661e+06	329.752	315.966	0	3600	695.276	866.681	0.96464
3780	1.48289e+08	1428.93	10714	1608	149	67	0	1428.93	56	142.039	0	5402.77	11785.3	0	4.3775e+06	342.233	269.088	0	3780	710.908	865.122	0.962905
3960	6.31521e+07	905.279	6096	943	142	69	0	905.279	56	108.511	0	5544.38	11315.5	0	952988	324.224	330.339	0	3960	712.903	863.566	0.961174
4140	309443	136.32	113	0	142	69	0	136.32	56	19.0073	0	5608.21	11297.5	0	244092	226.802	317.087	0	4140	706.944	862.013	0.959445
4320	7.34893e+07	1296.81	7316	1488	147	65	0	1296.81	57	96.3041	0	5226.01	11731.4	0	2.6848e+06	321.688	362.783	0	4320	693.951	860.463	0.95772
4500	1.5715e+08	1458.64	11582	1823	148	67	0	1458.64	56	146.379	0	5415.44	11813.1	0	4.17517e+06	358.6	352.752	0	4500	713.767	858.916	0.955997
4680	1.26223e+08	1165.55	8540	1372	152	64	0	1165.55	57	147	0	5156.83	12078.6	0	3.04173e+06	336.924	309.854	0	4680	703.15	857.371	0.954278
4860	1.7575e+08	1940.36	13988	2043	146	58	0	1940.36	56.9998	128.402	0	4654.9	11580.2	0	2.42446e+06	312.15	287.816	0	4860	721.792	855.829	0.952562
5040	1.55145e+08	1995.84	13049	2700	144	57	0	1995.84	57	115.986	0	4600	11456.2	0	3.41948e+06	335.374	317.661	0	5040	697.037	854.29	0.950849
5220	1.40272e+08	1428.53	10269	1740	146	61	0	1428.53	56	136.133	0	4922.77	11609.5	0	3.92366e+06	336.498	316.464	0	5220	727.137	852.754	0.949139
5400	4.38844e+07	440.086	2140	32	146	61	0	440.086	56	137.724	0	4977	11692	0	1.19808e+06	397.468	358.378	0	5400	714.362	851.22	0.947432
5580	1.83802e+08	2611.58	17485	2318	153	69	0	2611.58	56.0001	109.089	0	5504.92	12154.3	0	3.42913e+06	288.176	305.874	0	5580	710.31	849.689	0.945728
5760	4.96528e+07	1000.88	5418	1208	155	66	0	1000.88	57	89.5879	0	5294.16	12295.2	0	696424	314.387	301.345	0	5760	709.911	848.161	0.944027
5940	2.61757e+06	692	870	269	155	66	0	692	56	24.5362	0	5290.32	12285.9	0	281375	348.33	255.403	0	5940	717.116	846.636	0.94233
6120	901322	357.427	347	0	155	66	0	357.427	56	20.0335	0	5214	12325.4	0	164417	252.602	325.843	0	6120	728.574	845.113	0.940635
6300	3.60635e+07	1035.42	4489	1038	159	59	0	1035.42	57	74.564	0	4754.49	12614.9	0	1.03751e+06	295.74	297.116	0	6300	706.063	843.594	0.938943
6480	2.76463e+07	260.337	663	0	159	59	0	260.337	56	144.672	0	4819	12561	0	1.36034e+06	376.78	222.668	0	6480	725.946	842.076	0.937255
6660	7.49798e+07	1397.43	7896	1400	160	62	0	1397.43	57	93.4578	0	4998.78	12748.8	0	1.10701e+06	338.897	314.823	0	6660	738.386	840.562	0.935569
6840	1.72173e+08	1742.38	12822	1870	157	68	0	1742.38	56	136.779	0	5505.26	12519.8	0	5.13138e+06	358.756	348.79	0	6840	758.569	839.05	0.933887
7020	1.63175e+08	1819.75	12991	1650	157	67	0	1819.75	56.9999	127.502	0	5381.25	12466.1	0	2.33434e+06	323.629	297.466	0	7020	748.456	837.541	0.932207
7200	9.06761e+07	1889.18	10470	1983	159	70	0	1889.18	57	88.0262	0	5595.13	12635.5	0	1.25884e+06	295.17	319.953	0	7200	764.96	836.035	0.930531
7380	6.50962e+07	809.119	5031	1400	157	69	0	809.119	56	118.566	0	5496.66	12536.2	0	1.53183e+06	283.561	362.105	0	7380	765.008	834.532	0.928857
7560	6.04438e+07	1093.3	6865	1057	155	66	0	1093.3	57	95.0005	0	5280.58	12318.8	0	1.16375e+06	325.97	317.794	0	7560	750.678	833.031	0.927187
7740	5.4455e+07	1085.78	6368	913	157	77	0	1085.78	56.9979	90.1119	0	6131.08	12508.6	0	980883	312.681	318.394	0	7740	782.127	831.533	0.92552
7920	1.69695e+08	2106.79	14167	1798	160	72	0	2106.79	56.0001	118.655	0	5797.03	12736.3	0	2.96014e+06	341.561	333.23	0	7920	755.106	830.037	0.923855
8100	8.7374e+07	1114.3	8052	982	163	76	0	1114.3	56.9999	116.627	0	6087.75	12956.3	0	2.19107e+06	321.882	312.077	0	8100	741.956	828.545	0.922194
8280	1.31136e+08	1608.13	9752	1986	159	71	0	1608.13	57	119.609	0	5652.38	12674.8	0	2.56636e+06	293.143	335.303	0	8280	755.2	827.055	0.920535
8460	9.13386e+07	1026.73	7464	1038	160	70	0	1026.73	56	126.803	0	5597.85	12679	0	2.55146e+06	307.643	281.182	0	8460	744.118	825.567	0.91888
8640	1.56666e+08	1763.01	12355	1400	164	69	0	1763.01	57	126.706	0	5505.08	13016.9	0	4.5353e+06	300.287	305.439	0	8640	777.877	824.083	0.917227
8820	6.79723e+07	1374.89	7316	1432	153	68	0	1374.89	57	89.4229	0	5478.53	12201.7	0	1.56694e+06	331.101	352.802	0	8820	759.214	822.601	0.915578
9000	5.43087e+07	653.113	5051	1131	154	66	0	653.113	57	121.151	0	5340.49	12253.5	0	1.58879e+06	346.603	316.061	0	9000	768.81	821.121	0.913931
9180	2.83883e+07	262.14	2065	406	154	66	0	262.14	56	147	0	5350.96	12324	0	865887	344.351	376.431	0	9180	767.481	819.645	0.912288
9360	2.79315e+06	568	917	59	154	66	0	568	56	27.9759	0	5214	12211.2	0	234625	321.023	261.116	0	9360	771.807	818.171	0.910647
9540	8.57171e+06	1162	1783	408	154	66	0	1162	57	34.2642	0	5334.11	12221.5	0	562567	336.293	343.671	0	9540	799.344	816.699	0.909009
9720	9.12448e+06	91.9992	596	0	154	66	0	91.9992	56	137.161	0	5214	12324	0	547314	259.277	337.407	0	9720	762.409	815.23	0.907374
9900	2.66843e+06	816	694	0	154	66	0	816	57	22.8135	0	5214	12220	0	504980	262.667	269.368	0	9900	778.138	813.764	0.905743
10080	3.46713e+06	37.9397	273	0	154	66	0	37.9397	56	129.207	0	5229.07	12166	0	386999	292.141	213.114	0	10080	788.772	812.301	0.904114
10260	1.23137e+06	542.477	657	232	154	66	0	542.477	56	19.007	0	5288.94	12256.6	0	255888	303.201	275.783	0	10260	778.626	810.84	0.902488
10440	76061.5	32.641	521	0	154	66	0	32.641	56	19.258	0	5291.48	12324	0	356610	293.3	373.862	0	10440	785.674	809.382	0.900865
10620	3.45281e+06	93.0102	822	69	154	66	0	93.0102	56	77.0266	0	5219.41	12166	0	341320	317.988	303.774	0	10620	806.772	807.926	0.899245
10800	1.85965e+06	57.0114	342	0	154	66	0	57.0114	57	72.1251	0	5372	12324	0	519305	324.059	367.232	0	10800	810.14	806.473	0.897628
10980	1.21294e+07	112.004	1147	14	154	66	0	112.004	57	147	0	5214	12271.5	0	738317	271.817	308.809	0	10980	809.95	805.023	0.896013
11160	4.01106e+06	780.771	1069	67	154	66	0	780.771	57	28.5942	0	5214	12324	0	924153	331.592	334.444	0	11160	812.741	803.575	0.894402
11340	147672	64.995	340	0	154	66	0	64.995	57	19.016	0	5293.53	12320.6	0	571868	329.178	325.099	0	11340	806.177	802.13	0.892793
11520	2.84393e+06	1253.81	1063	0	154	66	0	1253.81	57	19	0	5214.05	12243.6	0	734230	241.572	284.731	0	11520	828.502	800.688	0.891188
11700	3.45287e+06	297.739	566	0	154	66	0	297.739	56	42.9618	0	5309.99	12324	0	509846	316.667	260.593	0	11700	823.916	799.248	0.889585
11880	2.54752e+06	740	653	207	154	66	0	740	56.9349	23.4074	0	5334.25	12259.7	0	363135	361.404	312.072	0	11880	815.163	797.81	0.887985
12060	2.40227e+06	688	474	0	154	66	0	688	56	23.5737	0	5214	12284.5	0	377838	283.527	342.221	0	12060	826.435	796.375	0.886388
12240	5.37053e+06	49.5919	85	0	154	66	0	49.5919	57	147	0	5214	12324	0	753076	227.752	348.054	0	12240	855.302	794.943	0.884794
12420	1.37287e+06	605.195	580	44	154	66	0	605.195	57	19.001	0	5294.96	12318.3	0	1.40901e+06	223.057	233.827	0	12420	826.444	793.514	0.883203
12600	5.80326e+06	1061.17	1288	176	154	66	0	1061.17	57	29.5022	0	5214	12298.9	0	571180	293.512	382.18	0	12600	857.997	792.087	0.881615
12780	597215	262.69	449	97	154	66	0	262.69	57	19.0219	0	5248.55	12241.2	0	819890	303.077	307.887	0	12780	845.808	790.662	0.880029
12960	625607	275.813	313	39	154	66	0	275.813	57	19	0	5372	12166	0	565892	365.731	265.026	0	12960	833.044	789.24	0.878447
13140	1.0026e+06	441.964	317	0	154	66	0	441.964	56	19.0012	0	5216.44	12324	0	357896	324.171	322.815	0	13140	866.728	787.821	0.876867
13320	4.61531e+06	1142	1251	137	154	66	0	1142	56.0096	25.3617	0	5223.19	12227.5	0	432736	260.988	289.878	0	13320	867.02	786.404	0.87529
13500	1.66991e+06	38.573	443	90	154	66	0	38.573	56	83.3804	0	5371.98	12324	0	472553	293.011	380.965	0	13500	856.51	784.99	0.873716
13680	924529	407.568	308	164	154	66	0	407.568	57	19.0007	0	5293.46	12272.7	0	656769	305.058	310.561	0	13680	859.82	783.578	0.872145
13860	3.54764e+06	951.999	1131	194	154	66	0	951.999	56	24.3535	0	5217.75	12306	0	319669	331.526	313.761	0	13860	855.694	782.169	0.870576
14040	27116.2	11.9531	113	0	154	66	0	11.9531	56	19.0013	0	5293.19	12323.3	0	236772	335.031	294.498	0	14040	873.877	780.762	0.869011
14220	2.65463e+06	484.563	520	0	154	66	0	484.563	57	29.5282	0	5269.88	12166	0	714426	329.708	246.7	0	14220	854.976	779.358	0.867448
14400	881943	388.61	355	187	154	66	0	388.61	57	19.0052	0	5282.31	12244.5	0	495349	293.163	322.313	0	14400	871.77	777.957	0.865888
14580	1.79724e+06	777.99	992	0	154	66	0	777.99	57	19.1746	0	5293.28	12166	0	665579	284.87	331.81	0	14580	870.208	776.558	0.864331
14760	9.71583e+06	89.7168	521	0	154	66	0	89.7168	57	147	0	5214	12166	0	650705	253.959	294.586	0	14760	889.441	775.161	0.862776
14940	5.0661e+06	614.944	1269	51	154	66	0	614.944	57	36.21	0	5259.92	12324	0	419952	335.135	310.207	0	14940	884.043	773.767	0.861225
15120	1.71896e+06	754.654	460	0	154	66	0	754.654	56.9994	19.0401	0	5214	12245.5	0	718647	341.296	297.446	0	15120	862.092	772.375	0.859676
15300	5.52927e+06	52.4466	144	0	154	66	0	52.4466	57	143.832	0	5372	12166	0	684606	349.367	295.429	0	15300	892.065	770.986	0.85813
15480	5.05721e+06	550.884	1358	371	154	66	0	550.884	57	38.224	0	5324.86	12264.4	0	420021	295.871	345.955	0	15480	858.585	769.6	0.856586
15660	5.15022e+06	47.5575	229	12	154	66	0	47.5575	56.9794	147	0	5214	12324	0	551214	269.947	367.182	0	15660	866.454	768.216	0.855046
15840	6.05726e+06	55.9333	484	0	154	66	0	55.9333	57	147	0	5214	12320.4	0	559677	296.296	327.426	0	15840	873.107	766.834	0.853508
16020	1.99995e+06	720	500	58	154	66	0	720	57	21.0258	0	5372	12166	0	348895	341.504	303.582	0	16020	898.692	765.455	0.851973
16200	1.80887e+06	768.412	371	10	154	66	0	768.412	56	19.3561	0	5292.75	12324	0	393854	217.951	375.766	0	16200	861.364	764.079	0.850441
16380	2.85057e+06	794	724	1	154	66	0	794	57	23.9037	0	5314.47	12324	0	445089	342.597	322.938	0	16380	881.17	762.705	0.848912
16560	1.30908e+06	577.139	431	0	154	66	0	577.139	56.5857	19	0	5292.81	12166.7	0	533727	327.88	291.603	0	16560	859.146	761.333	0.847385
16740	4.08661e+06	37.7361	434	0	154	66	0	37.7361	57	147	0	5214	12166	0	605784	295.787	314.365	0	16740	885.824	759.964	0.845861
16920	8.5111e+06	125.148	1489	0	154	66	0	125.148	56	106.88	0	5310.29	12324	0	614727	333.239	389.226	0	16920	878.798	758.597	0.84434
17100	650354	286.723	158	0	154	66	0	286.723	56.5538	19	0	5371.53	12244.8	0	475316	347.385	348.733	0	17100	874.869	757.233	0.842822
17280	1.44734e+07	141.504	1424	0	154	66	0	141.504	56	140.437	0	5214	12324	0	1.34161e+06	294.153	363.498	0	17280	873.616	755.871	0.841306
17460	2.89624e+06	763.954	1048	0	154	66	0	763.954	57	24.5637	0	5314.75	12166	0	536437	316.621	302.93	0	17460	868.928	754.512	0.839793
17640	4.61648e+06	44.8979	439	0	154	66	0	44.8979	56	141.013	0	5281.71	12324	0	417390	305.85	348.51	0	17640	840.449	753.155	0.838283
17820	726983	320.507	441	0	154	66	0	320.507	57	19	0	5329.16	12324	0	296172	289.046	353.73	0	17820	870.061	751.8	0.836775
18000	342002	149.007	486	114	154	66	0	149.007	57	19.1127	0	5292.73	12244.9	0	836140	296.423	295.49	0	18000	875.478	750.448	0.83527
18180	1.65606e+06	730.111	676	0	154	66	0	730.111	57	19	0	5372	12267.6	0	437673	342.937	292.945	0	18180	878.454	749.099	0.833768
18360	1.99332e+06	145.131	280	0	154	66	0	145.131	56	46.7539	0	5214	12166	0	436625	337.983	322.901	0	18360	873.931	747.752	0.832269
18540	2.23503e+06	532.858	613	110	154	66	0	532.858	57	25.8372	0	5372	12324	0	472029	291.084	341.262	0	18540	883.922	746.407	0.830772
18720	1.87618e+06	779.912	618	76	154	66	0	779.912	57	19.567	0	5265.6	12321.4	0	487552	320.309	353.917	0	18720	875.381	745.064	0.829278
18900	1.19803e+06	528.177	393	240	154	66	0	528.177	57	19	0	5291.92	12245.1	0	438363	302.039	313.641	0	18900	849.17	743.725	0.827786
19080	1.8325e+06	807.897	334	0	154	66	0	807.897	57	19	0	5214	12245	0	632197	323.953	317.904	0	19080	854.786	742.387	0.826298
19260	7.47296e+06	69.0059	616	0	154	66	0	69.0059	57	147	0	5372	12324	0	648134	343.831	372.028	0	19260	877.216	741.052	0.824812
19440	526495	232.077	365	0	154	66	0	232.077	56	19.0017	0	5293.37	12324	0	273314	328.323	374.31	0	19440	862.879	739.719	0.823328
19620	1.23361e+06	543.863	322	6	154	66	0	543.863	56	19	0	5371.27	12166	0	245109	357.104	351.69	0	19620	846.804	738.389	0.821848
19800	748276	266.834	528	94	154	66	0	266.834	56	21.1262	0	5347.59	12245.4	0	165317	340.44	271.935	0	19800	852.764	737.061	0.82037
19980	951561	419.517	334	0	154	66	0	419.517	56	19	0	5372	12311.9	0	253909	367.929	335.088	0	19980	848.243	735.736	0.818894
20160	5.61771e+06	81.3124	86	18	154	66	0	81.3124	57	107.885	0	5372	12199.2	0	753157	333.248	309.539	0	20160	842.807	734.412	0.817422
20340	2.42723e+06	108.886	400	159	154	66	0	108.886	56	59.5674	0	5307.89	12166	0	461924	292.326	316.078	0	20340	834.032	733.092	0.815952
20520	1.76262e+06	724.521	696	330	154	66	0	724.521	56	19.6772	0	5292.88	12240.5	0	356940	402.919	283.999	0	20520	827.574	731.773	0.814484
20700	81694.6	35.5525	99	0	154	66	0	35.5525	56	19.1237	0	5370.48	12324	0	324460	298.045	350.647	0	20700	828.353	730.457	0.81302
20880	108324	47.7567	78	0	154	66	0	47.7567	56	19.0001	0	5364.82	12245	0	173001	283.895	272.598	0	20880	822.22	729.144	0.811557
21060	1.81524e+06	32.688	228	0	154	66	0	32.688	56	95.2332	0	5214	12166	0	397744	245.956	301.04	0	21060	816.132	727.832	0.810098
21240	6.56241e-05	2.89319e-08	10	0	154	66	0	2.89319e-08	56	19	0	5372	12166	0	468813	345.215	309.24	0	21240	807.269	726.523	0.808641
21420	308540	135.794	210	109	154	66	0	135.794	56	19.0162	0	5293.15	12244.9	0	139767	319.184	323.051	0	21420	816.262	725.217	0.807187
21600	6.06398e-10	2.67344e-13	108	0	154	66	0	2.67344e-13	56	19	0	5214	12324	0	377020	289.109	371.159	0	21600	817.808	723.913	0.805735
21780	601741	265.094	305	150	154	66	0	265.094	56	19.0071	0	5292.25	12245.1	0	388381	255.294	290.327	0	21780	830.212	722.611	0.804286
21960	3.55508e+06	60.1053	21	0	154	66	0	60.1053	56	98.6278	0	5214	12166	0	472311	239.795	280.833	0	21960	803.434	721.311	0.80284
22140	7.62024e+06	298.715	1151	229	154	66	0	298.715	56	63.7313	0	5358.05	12322.5	0	319574	365.485	380.03	0	22140	806.287	720.014	0.801396
22320	456992	201.45	221	0	154	66	0	201.45	56	19.0012	0	5288.06	12166	0	219141	294.128	263.421	0	22320	804.865	718.719	0.799955
22500	2.52932e+06	838	722	0	154	66	0	838	56	21.9174	0	5214	12166	0	283579	307.622	323.457	0	22500	807.556	717.427	0.798516
22680	2.66137e+06	822.817	1137	0	154	66	0	822.817	56	22.6888	0	5372	12318.5	0	510556	303.984	348.775	0	22680	799.146	716.136	0.79708
22860	1.78437e+06	549.999	866	275	154	66	0	549.999	56	22.7233	0	5303.89	12228.9	0	265571	358.015	324.074	0	22860	780.722	714.849	0.795647
23040	699889	295.023	339	108	154	66	0	295.023	56	19.4311	0	5248.91	12245.1	0	153497	323.083	368.974	0	23040	810.872	713.563	0.794216
23220	454537	200.392	516	0	154	66	0	200.392	56	19	0	5372	12166	0	187281	342.708	297.788	0	23220	768.997	712.28	0.792788
23400	1.05539e+06	465.291	349	0	154	66	0	465.291	56	19	0	5214	12244.3	0	222175	238.164	302.617	0	23400	763.841	710.999	0.791362
23580	1.80727e+06	690	496	0	154	66	0	690	56	20.4173	0	5214	12166	0	176870	362.527	272.884	0	23580	772.802	709.72	0.789939
23760	1.95701e+06	661.985	660	0	154	66	0	661.985	56	21.6912	0	5359.21	12174.2	0	306663	278.307	275.214	0	23760	778.204	708.444	0.788518
23940	829910	365.856	337	0	154	66	0	365.856	56	19.0007	0	5292.51	12166.3	0	269960	257.792	272.176	0	23940	764.319	707.17	0.7871
24120	1.60152e+06	559.999	812	0	154	66	0	559.999	56	21.3345	0	5214	12227.4	0	257684	286.694	296.754	0	24120	787.93	705.898	0.785684
24300	548757	240.643	195	0	154	66	0	240.643	56	19.0508	0	5214	12245.2	0	383444	248.617	303.314	0	24300	786.94	704.629	0.784271
24480	1.38339e+06	537.99	818	0	154	66	0	537.99	56	20.2299	0	5214	12241.8	0	191338	294.26	278.269	0	24480	801.82	703.361	0.782861
24660	1.24388e+08	1981.38	11777	2262	224	107	0	1981.38	56	102.015	0	8531.65	17794.2	0	2.16135e+06	319.987	343.892	0	24660	793.658	702.096	0.781453
24840	1.46519e+08	1834.88	12240	1423	229	109	0	1834.88	57	117.994	0	8656.3	18200.2	0	5.32421e+06	289.398	338.364	0	24840	793.122	700.834	0.780048
25020	3.63863e+08	4495.03	28948	4591	228	115	0	4495.03	57	119.038	0	9192.02	18068.1	0	9.39118e+06	332.892	310.088	0	25020	787.155	699.573	0.778645
25200	2.13127e+08	1968.03	13231	2112	225	119	0	1968.03	57	147	0	9505.34	17799.8	0	6.81047e+06	325.581	282.493	0	25200	775.031	698.315	0.777245
25380	2.80604e+08	2591.12	17734	2654	228	118	0	2591.12	57	147	0	9438.29	18101.3	0	5.71976e+06	346.821	323.031	0	25380	793.403	697.059	0.775847
25560	1.87418e+08	1730.64	12526	1695	229	121	0	1730.64	57	147	0	9660.58	18196.3	0	6.06181e+06	333.433	345.186	0	25560	770.365	695.806	0.774452
25740	2.56709e+08	2920.39	19581	2531	235	121	0	2920.39	56	125.762	0	9590.04	18621.7	0	3.87869e+06	271.374	298.709	0	25740	777.238	694.555	0.773059
25920	2.62743e+08	3104.18	20585	3190	238	117	0	3104.18	56.9999	122.586	0	9346.36	18872.2	0	3.22032e+06	332.922	317.782	0	25920	783.157	693.305	0.771669
26100	1.81351e+08	1921.24	14143	1854	233	116	0	1921.24	57	132.233	0	9242.08	18524.2	0	4.03788e+06	305.377	349.549	0	26100	785.653	692.059	0.770281
26280	1.49535e+08	1380.82	10588	1282	233	116	0	1380.82	57	147	0	9269.76	18528.5	0	3.05805e+06	335.803	351.43	0	26280	764.039	690.814	0.768896
26460	1.16062e+08	1159.07	8522	1696	236	116	0	1159.07	56	138.16	0	9322	18691.4	0	2.86316e+06	379.971	294.444	0	26460	768.869	689.572	0.767513
26640	9.73785e+07	899.201	6401	816	233	122	0	899.201	57	147	0	9705.18	18510.4	0	3.44208e+06	311.858	340.18	0	26640	761.924	688.332	0.766133
26820	1.32564e+08	1641.14	10439	2352	233	126	0	1641.14	57	118.873	0	10047.7	18463.9	0	6.05028e+06	306.179	321.964	0	26820	771.098	687.094	0.764755
27000	1.20714e+08	1148.12	9329	1461	236	121	0	1148.12	57	143.519	0	9629.51	18713.9	0	4.06346e+06	304.965	318.513	0	27000	760.593	685.858	0.763379
27180	1.99234e+08	1936.18	14486	1595	237	119	0	1936.18	57	141.098	0	9471.84	18777.5	0	6.57883e+06	307.911	306.87	0	27180	746.121	684.625	0.762007
27360	1.7349e+08	1602.02	10811	1716	235	116	0	1602.02	57	147	0	9263.08	18663.7	0	6.47123e+06	330.124	330.153	0	27360	759.164	683.393	0.760636
27540	2.51547e+08	2322.8	16922	2403	237	114	0	2322.8	57	147	0	9124.29	18764.8	0	5.33132e+06	348.726	292.698	0	27540	761.954	682.164	0.759268
27720	1.09506e+08	1499.76	9925	1533	231	117	0	1499.76	57	111.55	0	9336.58	18361.4	0	3.60355e+06	295.85	371.328	0	27720	758.089	680.938	0.757903
27900	2.79365e+08	2961.13	20762	3066	232	120	0	2961.13	57	132.184	0	9547.93	18392.5	0	5.76156e+06	295.459	317.7	0	27900	747.773	679.713	0.75654
28080	3.74102e+08	4106.8	29323	3581	230	119	0	4106.8	57	128.916	0	9481.45	18267.9	0	1.18975e+07	313.274	338.363	0	28080	772.283	678.491	0.755179
28260	3.53326e+08	3262.64	23646	3592	229	116	0	3262.64	56.0034	147	0	9216.33	18162.5	0	6.00917e+06	292.136	311.351	0	28260	743.003	677.27	0.753821
28440	2.77594e+08	2564.53	19038	2961	233	118	0	2564.53	57	146.943	0	9434.03	18469.5	0	9.67313e+06	345.721	302.361	0	28440	749.687	676.052	0.752466
28620	1.76798e+08	1740.68	12415	2582	234	117	0	1740.68	57	139.676	0	9324.61	18609.2	0	5.27768e+06	311.972	346.213	0	28620	734.752	674.837	0.751112
28800	1.28896e+08	1675.73	11169	1444	236	114	0	1675.73	57	115.216	0	9094.14	18693.5	0	3.21468e+06	315.646	291.223	0	28800	731.569	673.623	0.749762
