MS2-QUANT	v0j
Region DEFINITION, 05-Apr-2021
COMMENT	Outline definition performed in MS2-QUANT (Main program)
FILE	MAX_20201217_RI516_C12MS2128TkTat_001_visit_9.tif
PATH	/Volumes/EBL/20201217/
PARAMETERS
Pix-XY	Pix-Z	RI	Ex	Em	NA	dT	Type
79	600	1.458	488	521	1.4	180	widefield
ANALYSIS-SETTINGS	
IMAGING-BACKGROUND	150
LIMIT-FIT-SIGMA-XY-MIN	15
LIMIT-FIT-SIGMA-XY-MAX	141
LIMIT-FIT-SIGMA-Z-MIN	0
LIMIT-FIT-SIGMA-Z-MAX	0
LIMIT-FIT-BGD-MIN	50
LIMIT-FIT-BGD-MAX	51
DETECTION-THRESHOLD	500
REGION	TxSite
X_POS	210	210	210	209	209	208	208	208	208	208	207	207	206	206	206	206	206	205	205	205	204	204	203	203	203	202	202	202	201	201	200	200	200	199	199	199	198	198	198	197	197	197	196	196	195	195	194	194	193	193	193	193	192	192	191	191	191	191	190	190	190	189	189	189	189	188	188	188	188	188	187	187	187	187	187	187	186	186	186	186	186	186	185	185	185	185	185	185	185	185	184	184	184	184	184	184	183	183	183	183	183	183	183	182	182	182	182	181	181	181	181	181	181	180	180	180	180	180	179	179	178	177	176	176	176	175	175	175	175	174	173	173	172	172	171	171	170	170	169	169	168	168	167	167	167	166	165	165	164	164	164	163	163	162	162	161	161	161	160	160	159	159	158	158	157	157	156	155	155	155	154	154	153	153	152	152	152	151	151	151	151	150	150	150	150	149	149	149	149	149	149	149	149	149	148	148	148	148	148	148	148	148	148	148	148	148	148	148	148	148	148	148	148	149	149	149	149	149	149	149	150	150	150	151	151	151	151	151	152	152	152	152	152	152	153	153	153	153	153	153	154	154	154	154	154	155	155	155	155	155	155	156	156	156	156	156	157	157	157	157	157	157	158	158	158	158	158	158	159	159	159	159	159	159	159	159	159	159	159	159	159	159	160	160	160	160	160	160	160	160	160	160	160	161	161	161	161	161	161	161	161	162	162	162	162	163	163	163	163	163	163	164	164	164	165	165	165	165	166	166	166	167	167	167	167	167	168	168	168	169	169	169	169	170	170	170	170	171	171	171	171	172	172	173	173	174	174	175	175	175	175	176	177	177	178	178	178	179	179	180	180	181	182	182	183	183	184	185	185	186	186	187	188	188	189	189	190	190	191	191	192	192	193	194	194	195	196	196	197	197	197	198	198	199	199	199	200	200	201	201	202	202	202	202	203	203	203	204	204	205	205	205	205	206	206	206	207	207	207	207	208	208	208	208	209	209	209	209	209	209	209	209	210	210	210	210	210	210	211	211	211	211	211	211	211	211	211	211	211	211	211	211	211	211	211	211	211	211	211	211	END
Y_POS	331	331	331	331	330	330	330	329	329	329	329	328	328	328	327	327	327	327	326	326	326	325	325	325	325	325	324	324	324	323	323	323	323	323	322	322	322	322	321	321	321	320	320	320	320	320	319	319	319	319	319	318	318	318	318	317	317	317	317	317	316	316	316	316	315	315	315	314	314	313	313	313	313	312	312	311	311	311	310	310	309	309	309	308	308	307	307	306	306	305	305	304	304	303	303	303	303	302	302	301	301	301	300	300	300	299	299	299	298	298	297	297	297	297	296	296	296	295	295	295	295	294	294	293	293	293	293	293	292	292	292	292	292	292	292	292	291	291	291	291	291	291	291	290	290	290	290	290	290	290	290	290	290	290	290	290	289	289	289	289	289	289	289	289	289	289	289	289	289	290	290	290	290	290	290	291	291	292	292	292	293	293	293	294	294	294	295	295	296	296	296	297	297	298	298	298	299	299	300	300	301	301	302	302	303	303	304	304	305	305	306	306	307	307	307	308	308	309	309	310	310	310	311	311	311	312	312	313	313	313	314	314	314	315	315	315	316	316	316	317	317	317	317	318	318	318	319	319	319	320	320	321	321	322	322	322	323	323	324	324	325	325	325	326	326	327	327	328	328	329	329	330	330	331	331	332	332	333	333	334	334	335	335	335	336	336	337	337	338	338	339	339	339	340	340	341	341	341	342	342	343	343	343	344	344	344	345	345	346	346	347	347	347	348	348	348	349	349	350	350	351	351	351	352	352	353	353	354	354	354	355	355	355	356	356	356	357	357	357	357	358	358	358	359	359	360	360	360	360	360	361	361	361	361	361	362	362	362	362	362	362	363	363	363	363	363	363	363	364	364	364	364	364	364	364	364	364	364	364	364	364	364	364	364	364	364	364	364	364	364	363	363	363	363	363	363	362	362	361	361	360	360	360	359	359	359	359	358	358	358	357	357	357	357	356	356	356	355	355	354	354	354	353	353	352	352	351	351	351	350	350	349	349	348	348	347	347	346	346	346	345	345	344	344	343	343	342	342	341	341	340	340	339	339	338	338	337	337	336	336	END
QUANTIFICATION
Time[s]	Q_Integrate	Q_AMP	Q_Sum_pix	Q_MIP_int	Pix_Y	Pix_X	Pix_Z	AMP	BGD	SigmaXY	SigmaZ	MuY	MuX	MuZ	RES	Cent_Y	Cent_X	Cent_Z	OPB_time	OPB_INT	OPB_FIT	OPB_FIT_norm
0	109040	77.1217	377	12	300	168	0	77.1217	50	15.0008	0	13351	23854	0	174657	309.246	344.379	0	0	680.515	850.164	1
180	459459	13.2207	276	0	300	168	0	13.2207	50.0005	74.4805	0	13272	23841.6	0	218375	316.348	312.487	0	180	700.137	848.635	0.998202
360	0.000406347	2.87432e-07	13	0	300	168	0	2.87432e-07	51	15	0	13272	23857.9	0	378594	301.321	337.537	0	360	682.132	847.109	0.996406
540	944691	445.156	522	204	300	168	0	445.156	50	18.378	0	13351.1	23781.6	0	157408	319.596	281.123	0	540	677.976	845.586	0.994615
720	4.13622e-06	2.92578e-09	90	0	300	168	0	2.92578e-09	50	15	0	13325.7	23738.2	0	158450	288.598	301.708	0	720	682.526	844.065	0.992826
900	1.11562e+06	95.8065	327	0	300	168	0	95.8065	50	43.0498	0	13430	23704.7	0	305888	336.988	402.381	0	900	695.057	842.547	0.99104
1080	1.9662e+06	594	578	114	300	168	0	594	51	22.9525	0	13371.4	23827.8	0	332550	411.613	328.709	0	1080	683.716	841.032	0.989258
1260	6.57314e+06	449.316	1415	0	300	168	0	449.316	51	48.2526	0	13363.1	23858	0	454864	360.776	332.364	0	1260	694.766	839.519	0.987479
1440	292794	206.525	196	0	300	168	0	206.525	50	15.0212	0	13327.1	23700.3	0	191449	349.43	332.428	0	1440	683.687	838.009	0.985703
1620	504366	353.442	360	74	300	168	0	353.442	50	15.0704	0	13429.3	23700	0	185418	306.898	324.988	0	1620	678.135	836.502	0.983931
1800	221955	152.59	236	86	300	168	0	152.59	50	15.2153	0	13348.7	23771.5	0	212420	291.308	333.327	0	1800	675.575	834.998	0.982161
1980	3.13908e-11	2.22045e-14	245	31	300	168	0	2.22045e-14	50	15	0	13368.3	23815.6	0	242764	335.546	299.836	0	1980	672.465	833.496	0.980395
2160	1.68711e+06	27.5804	67	0	300	168	0	27.5804	50	100.517	0	13430	23858	0	372340	387.897	304.71	0	2160	671.964	831.997	0.978632
2340	400460	282.084	290	0	300	168	0	282.084	50	15.0314	0	13351	23700.4	0	352334	417.822	330.674	0	2340	667.132	830.501	0.976872
2520	921184	611.881	512	0	300	168	0	611.881	51	15.4792	0	13300.1	23853.1	0	322281	264.85	245.632	0	2520	665.175	829.008	0.975115
2700	1.02907e+06	509.959	644	33	300	168	0	509.959	50	17.9211	0	13399.7	23708.7	0	196935	354.784	302.197	0	2700	668.921	827.517	0.973361
2880	587105	406.006	365	121	300	168	0	406.006	51	15.1706	0	13352.8	23809	0	1.08077e+06	400.517	216.973	0	2880	663.576	826.029	0.971611
3060	20723.6	14.6581	228	0	300	168	0	14.6581	50	15.0004	0	13430	23806.9	0	207357	361.242	330.17	0	3060	673.279	824.543	0.969863
3240	1.21706e+06	726	556	109	300	168	0	726	51	16.3342	0	13272	23858	0	300827	327.168	375.091	0	3240	669.526	823.06	0.968119
3420	770533	228.273	330	0	300	168	0	228.273	50	23.1781	0	13430	23759.3	0	228564	359.779	279.785	0	3420	671.465	821.58	0.966378
3600	901741	473.138	557	0	300	168	0	473.138	50	17.4163	0	13350.9	23858	0	135821	341.33	361.358	0	3600	681.223	820.102	0.96464
3780	2.08556e+06	729.977	605	0	300	168	0	729.977	50	21.3239	0	13430	23779.2	0	115456	376.998	294.021	0	3780	660.791	818.628	0.962905
3960	1.73104e+06	136.196	407	0	300	168	0	136.196	50	44.9762	0	13427.2	23858	0	279845	293.95	368.051	0	3960	678.794	817.155	0.961174
4140	58.5854	0.0414001	208	0	300	168	0	0.0414001	50	15.0073	0	13350.3	23700	0	244954	234.775	308.072	0	4140	667.103	815.686	0.959445
4320	6.78372e+07	925.963	6300	648	300	168	0	925.963	51	111.78	0	13309.2	23776.5	0	1.57562e+06	285.036	299.828	0	4320	681.765	814.219	0.95772
4500	1.01933e+08	1108.96	8173	1154	301	164	0	1108.96	50	129.74	0	13023.8	23886.2	0	1.56343e+06	312.121	341.611	0	4500	683.934	812.755	0.955997
4680	1.01491e+08	1419.99	9081	1166	302	163	0	1419.99	51	110.109	0	12925.1	23919.9	0	1.37436e+06	295.866	301.639	0	4680	684.721	811.293	0.954278
4860	5.59727e+07	1111.92	6397	1089	302	168	0	1111.92	50.0001	90.2907	0	13365.6	23968.2	0	1.13271e+06	315.094	329.152	0	4860	676.801	809.834	0.952562
5040	366639	248.78	209	22	302	168	0	248.78	51	15.3152	0	13349.3	24007.4	0	865637	284.501	329.114	0	5040	681.723	808.378	0.950849
5220	1.17615e+07	114.401	631	10	302	168	0	114.401	51	141	0	13430	24016	0	731815	315.56	359.936	0	5220	669.202	806.924	0.949139
5400	1.59886e+07	155.517	1199	193	302	168	0	155.517	50.5715	141	0	13272	24016	0	1.02352e+06	240.378	370.171	0	5400	681.973	805.473	0.947432
5580	2.38397e+07	231.883	826	0	302	168	0	231.883	51	141	0	13272	24016	0	1.54235e+06	225.951	400.999	0	5580	676.867	804.024	0.945728
5760	930580	396	198	0	302	168	0	396	50	19.3392	0	13430	24016	0	114252	346.527	304.088	0	5760	663.653	802.578	0.944027
5940	1.07289e+06	561.626	380	0	302	168	0	561.626	51	17.4367	0	13272.8	24016	0	336545	313.47	332.617	0	5940	685.924	801.135	0.94233
6120	2.07544e+06	580	879	264	302	168	0	580	50	23.8644	0	13409	23866.2	0	209847	349.989	342.851	0	6120	680.387	799.694	0.940635
6300	351639	248.733	300	0	302	168	0	248.733	51	15	0	13430	23858	0	457017	345.604	323.084	0	6300	677.811	798.256	0.938943
6480	255072	164.026	199	72	302	168	0	164.026	50	15.732	0	13351.1	23897.5	0	248721	360.082	312.05	0	6480	670.993	796.82	0.937255
6660	1.20592e+06	501.885	303	155	302	168	0	501.885	50	19.5554	0	13351	23975.6	0	176823	267.749	323.687	0	6660	680.712	795.387	0.935569
6840	1.75233e+06	554	513	0	302	168	0	554	50	22.4369	0	13394.4	23858	0	261717	314.73	314.028	0	6840	698.478	793.957	0.933887
7020	417891	243.023	187	113	302	168	0	243.023	50	16.5431	0	13351.1	23955.2	0	189692	318.117	297.273	0	7020	687.782	792.529	0.932207
7200	820099	577.484	274	166	302	168	0	577.484	50	15.034	0	13350.5	23959.2	0	388136	398.655	353.759	0	7200	718.115	791.104	0.930531
7380	5.47937e+07	724.079	4899	634	329	167	0	724.079	50	114.043	0	13261.5	26044	0	1.04708e+06	319.531	294.462	0	7380	703.325	789.681	0.928857
7560	1.51194e+08	1541.01	11166	1854	327	168	0	1541.01	51	136.05	0	13369.7	25915.4	0	3.96881e+06	319.36	312.786	0	7560	674.992	788.261	0.927187
7740	1.44531e+08	1535.65	10963	1321	324	173	0	1535.65	50.0001	131.953	0	13759.8	25676.7	0	2.99111e+06	331.069	321.512	0	7740	720.83	786.843	0.92552
7920	1.49712e+08	1632.02	11235	1772	323	174	0	1632.02	51	129.556	0	13838.7	25576.2	0	3.43788e+06	321.609	301.631	0	7920	698.383	785.428	0.923855
8100	8.71028e+07	1217.22	8259	723	320	177	0	1217.22	50.0001	110.188	0	14042.8	25379.8	0	2.31843e+06	302.418	333.971	0	8100	684.504	784.016	0.922194
8280	1.34459e+06	122.356	287	148	320	177	0	122.356	50.9319	41.8208	0	14141	25353.9	0	232968	368.153	317.278	0	8280	702.203	782.606	0.920535
8460	8.56432e+06	83.3031	858	0	320	177	0	83.3031	50	141	0	14141	25438	0	462256	391.459	385.122	0	8460	701.77	781.199	0.91888
8640	2.70304e+06	565.997	816	141	320	177	0	565.997	50	27.5695	0	14113.2	25341.1	0	228668	324.079	356.788	0	8640	700.368	779.794	0.917227
8820	1.50177e+06	230.333	494	0	320	177	0	230.333	51	32.2132	0	13983	25336.4	0	422288	328.12	298.609	0	8820	720.901	778.391	0.915578
9000	2.41129e+06	246.204	744	0	320	177	0	246.204	51	39.4809	0	13983	25383.2	0	438299	339.287	315.686	0	9000	728.277	776.991	0.913931
9180	34617.8	15.4148	228	15	320	177	0	15.4148	51	18.9056	0	14133.4	25358.4	0	634427	365.869	376.119	0	9180	707.206	775.594	0.912288
9360	4.60376e+06	44.7797	420	0	320	177	0	44.7797	51	141	0	14141	25438	0	529129	355.065	364.321	0	9360	719.54	774.199	0.910647
9540	811218	368.675	303	0	320	177	0	368.675	50	18.7136	0	14061.9	25437.5	0	174637	254.291	307.802	0	9540	714.891	772.807	0.909009
9720	2.19158e+06	545.997	688	207	320	177	0	545.997	50	25.2752	0	14063.6	25315.8	0	229551	344.094	316.858	0	9720	733.174	771.417	0.907374
9900	2.22181e+06	25.6702	427	79	320	177	0	25.6702	50	124.442	0	14098.3	25438	0	256222	287.25	358.04	0	9900	726.57	770.03	0.905743
10080	6.27505e+06	61.0359	435	121	320	177	0	61.0359	50	141	0	14141	25438	0	574284	363.141	376.931	0	10080	737.098	768.645	0.904114
10260	4.5658e+06	44.4127	843	0	320	177	0	44.4127	51	140.994	0	13983	25280	0	330982	315.953	299.403	0	10260	740.657	767.263	0.902488
10440	2.87515e+06	848	1028	424	320	177	0	848	51	23.2296	0	14075.3	25364.6	0	348758	344.106	302.062	0	10440	715.403	765.883	0.900865
10620	1.49322e+08	1556.73	11059	1715	331	179	0	1556.73	50	133.789	0	14197.8	26188	0	3.57749e+06	295.876	275.872	0	10620	739.013	764.506	0.899245
10800	1.24699e+08	1362.74	9304	1411	334	174	0	1362.74	50	129.327	0	13796.2	26448.5	0	2.00402e+06	288.59	306.106	0	10800	737.998	763.131	0.897628
10980	1.00976e+08	1165.51	7981	1331	336	175	0	1165.51	50	124.525	0	13868.9	26597.4	0	2.6847e+06	284.616	292.035	0	10980	741.319	761.758	0.896013
11160	8.51517e+07	828.25	6153	636	336	179	0	828.25	50	141	0	14226.7	26632.8	0	1.74784e+06	322.808	317.954	0	11160	731.999	760.388	0.894402
11340	2.1554e+07	460.904	1668	310	336	179	0	460.904	51	86.822	0	14154.6	26702	0	1.01713e+06	244.963	401.251	0	11340	735.632	759.021	0.892793
11520	2.49194e+07	517.473	1586	187	336	179	0	517.473	50	88.1802	0	14141	26587.5	0	1.29908e+06	212.954	297.551	0	11520	736.325	757.656	0.891188
11700	6.88191e+06	572.101	1660	66	336	179	0	572.101	51	43.755	0	14238.9	26544	0	358592	327.966	244.621	0	11700	734.031	756.293	0.889585
11880	4183.16	2.56777	137	0	336	179	0	2.56777	50	16.1022	0	14141	26622.3	0	142515	271.33	348.395	0	11880	738.499	754.933	0.887985
12060	3.44332e+06	269.631	556	0	336	179	0	269.631	50	45.0831	0	14229.8	26702	0	206513	281.683	367.994	0	12060	740.65	753.576	0.886388
12240	1.74969e+06	607.975	561	40	336	179	0	607.975	51	21.4017	0	14296.9	26610.2	0	425284	315.879	358.421	0	12240	763.176	752.22	0.884794
12420	3.90528e+06	854	815	0	336	179	0	854	51	26.9778	0	14141	26574.6	0	349417	276.512	292.861	0	12420	743.06	750.868	0.883203
12600	6.63352e+06	1005.84	1104	40	336	179	0	1005.84	50	32.3979	0	14299	26696	0	496321	332.591	293.531	0	12600	737.092	749.517	0.881615
12780	6.71872e+06	65.3513	466	0	336	179	0	65.3513	51	141	0	14141	26544	0	455083	309.81	265.861	0	12780	764.458	748.169	0.880029
12960	470012	329.256	232	67	336	179	0	329.256	50.4233	15.0729	0	14271.5	26617.2	0	626139	373.187	249.288	0	12960	746.248	746.824	0.878447
13140	1.58638	0.00112213	156	0	336	179	0	0.00112213	50	15	0	14256.7	26673.9	0	548380	373.375	290.961	0	13140	754.751	745.481	0.876867
13320	6.71508e+07	975.634	6131	567	326	185	0	975.634	50.7918	107.643	0	14674.1	25855	0	2.33767e+06	299.713	331.038	0	13320	760.109	744.14	0.87529
13500	550460	389.358	191	141	326	185	0	389.358	50.9998	15.0003	0	14696.8	25834.7	0	507624	240.058	333.349	0	13500	749.485	742.802	0.873716
13680	6.08832e+07	676.432	4595	563	326	184	0	676.432	50	127.836	0	14629.3	25801.2	0	2.39037e+06	329.611	293.24	0	13680	759.535	741.466	0.872145
13860	2.70142e+06	65.1578	535	0	326	184	0	65.1578	51	81.5288	0	14649.6	25754	0	480410	336.228	279.078	0	13860	768.412	740.133	0.870576
14040	5.44019e+06	52.9154	49	0	326	184	0	52.9154	51	141	0	14694	25912	0	605010	403.288	344.74	0	14040	773.699	738.802	0.869011
14220	1.59308e+06	769.785	639	0	326	184	0	769.785	51	18.1486	0	14693	25801.5	0	414169	329.785	284.257	0	14220	748.861	737.473	0.867448
14400	302441	213.923	704	0	326	184	0	213.923	51	15.0003	0	14694	25783.9	0	792964	388.703	338.378	0	14400	754.061	736.147	0.865888
14580	3.19959e+06	275.208	619	0	326	184	0	275.208	50	43.0157	0	14536	25774.1	0	236744	277.868	299.949	0	14580	759.811	734.823	0.864331
14760	5.99175e+06	163.954	338	0	326	184	0	163.954	50	76.4121	0	14536	25912	0	487934	247.498	341.029	0	14760	758.719	733.501	0.862776
14940	542750	383.914	138	0	326	184	0	383.914	50	15.0001	0	14694	25912	0	225529	359.346	345.846	0	14940	754.885	732.182	0.861225
15120	6.23181e+07	1180.28	6869	1304	338	180	0	1180.28	50	92.6443	0	14316.5	26774.8	0	1.72327e+06	346.667	314.307	0	15120	756.395	730.865	0.859676
15300	288271	203.581	115	0	338	180	0	203.581	50	15.0121	0	14373.8	26859.4	0	353682	277.327	370.262	0	15300	747.457	729.551	0.85813
15480	2.19478e+06	59.5434	240	0	338	180	0	59.5434	50	76.7477	0	14220	26702	0	286513	266.101	296.969	0	15480	751.058	728.239	0.856586
15660	5.32518e+07	959.558	5577	1075	343	193	0	959.558	51	95.199	0	15304.6	27156.8	0	1.4732e+06	317.903	303.301	0	15660	766.828	726.929	0.855046
15840	4.9508e+07	1321.27	6159	1419	348	186	0	1321.27	51	77.3941	0	14767.2	27570	0	1.05509e+06	310.236	329.004	0	15840	754.82	725.622	0.853508
16020	2.57254e+08	3423.28	21659	3475	346	187	0	3423.28	51	113.549	0	14828.6	27434.6	0	3.7744e+06	307.755	334.688	0	16020	757.025	724.317	0.851973
16200	1.88575e+08	2051.45	14894	1971	347	184	0	2051.45	50.9983	129.744	0	14591.9	27475.2	0	5.90765e+06	303.714	296.157	0	16200	782.485	723.015	0.850441
16380	2.28195e+08	3897.99	23094	3219	346	179	0	3897.99	50	98.0607	0	14223.6	27386.8	0	4.0718e+06	316.091	288.695	0	16380	783.742	721.714	0.848912
16560	2.64585e+08	3276.04	19965	4344	352	190	0	3276.04	50.9825	118.862	0	15030.5	27847.7	0	1.1097e+07	259.046	276.915	0	16560	766.657	720.416	0.847385
16740	1.59013e+08	1546.68	11029	1531	349	190	0	1546.68	51	141	0	15090.7	27618	0	3.12525e+06	311.419	283.02	0	16740	757.095	719.121	0.845861
16920	2.80431e+08	2904.43	21272	2840	346	196	0	2904.43	51	134.439	0	15566	27430.7	0	5.39872e+06	319.694	323.029	0	16920	767.061	717.827	0.84434
17100	2.49512e+08	2460.71	17476	2053	348	195	0	2460.71	50	139.496	0	15461	27552.2	0	4.62355e+06	299.775	297.393	0	17100	774.036	716.537	0.842822
17280	3.26274e+08	3697.56	25480	3428	347	194	0	3697.56	50.9999	126.094	0	15387.4	27488.4	0	2.66488e+06	298.232	311.756	0	17280	763.943	715.248	0.841306
17460	1.89673e+08	1981.52	14259	2110	340	195	0	1981.52	50.0006	133.586	0	15466.9	26951.9	0	4.65646e+06	307.793	322.351	0	17460	787.289	713.962	0.839793
17640	4.17555e+08	5113.54	33461	4454	341	189	0	5113.54	50.0001	119.715	0	15036.4	27037.1	0	1.41023e+07	341.001	326.684	0	17640	774.811	712.678	0.838283
17820	2.53916e+08	2469.78	17847	2991	346	188	0	2469.78	51	141	0	14960.6	27375.2	0	9.77613e+06	347.945	286.6	0	17820	761.366	711.396	0.836775
18000	2.96337e+08	2882.4	18788	2043	339	186	0	2882.4	51	141	0	14784.2	26889.2	0	7.21172e+06	325.588	339.181	0	18000	786.645	710.117	0.83527
18180	4.57566e+08	4798.8	32285	5605	344	185	0	4798.8	50	133.207	0	14740.1	27248.2	0	1.28175e+07	354.392	304.239	0	18180	792.682	708.84	0.833768
18360	4.5824e+08	4457.19	31670	4482	343	185	0	4457.19	50.0001	141	0	14717.3	27137.1	0	1.57158e+07	334.341	280.146	0	18360	782.499	707.565	0.832269
18540	4.27055e+08	4153.86	27112	3756	346	185	0	4153.86	51	141	0	14719.6	27428.5	0	1.87671e+07	324.227	321.21	0	18540	775.668	706.292	0.830772
18720	4.34766e+08	5161.09	34171	4310	346	186	0	5161.09	51	122.197	0	14765.9	27433.1	0	1.26589e+07	317.309	320.674	0	18720	784.673	705.022	0.829278
18900	3.37897e+08	3286.72	23502	2311	339	183	0	3286.72	50	140.997	0	14571.6	26859.1	0	6.68882e+06	343.682	312.832	0	18900	779.038	703.754	0.827786
19080	3.25396e+08	3833.49	26191	3681	342	184	0	3833.49	50.9999	122.819	0	14635.8	27077.3	0	1.05181e+07	342.925	294.693	0	19080	770.973	702.489	0.826298
19260	1.25482e+08	1398.95	9710	1461	343	185	0	1398.95	51	127.53	0	14740.7	27190.1	0	3.14548e+06	346.605	334.638	0	19260	772.177	701.225	0.824812
19440	3.17421e+07	452.876	1546	170	343	185	0	452.876	51	108.819	0	14630.8	27097	0	2.06915e+06	281.939	252.945	0	19440	793.478	699.964	0.823328
19620	453325	11.1509	218	0	343	185	0	11.1509	50.0013	80.7054	0	14615	27097	0	351625	278.35	295.027	0	19620	775.912	698.705	0.821848
19800	3.34929e+06	304.471	524	0	343	185	0	304.471	51	41.8421	0	14773	27255	0	483088	387.769	320.674	0	19800	766.123	697.449	0.82037
19980	2.47341e+06	445.808	592	70	343	185	0	445.808	51	29.7156	0	14651.9	27097	0	950566	268.819	213.294	0	19980	780.355	696.195	0.818894
20160	452058	319.453	322	0	343	185	0	319.453	51	15.0074	0	14617.8	27097	0	620717	297.764	270.535	0	20160	782.085	694.943	0.817422
20340	1.37122e+06	647.585	507	0	343	185	0	647.585	51	18.3576	0	14615	27253.2	0	387372	293.597	318.57	0	20340	760.458	693.693	0.815952
20520	154907	105.605	299	0	343	185	0	105.605	50	15.2793	0	14773	27175.1	0	281996	379.174	319.04	0	20520	763.244	692.445	0.814484
20700	1.79353e+06	928	809	172	343	185	0	928	51	17.5384	0	14773	27255	0	598519	314.829	286.886	0	20700	754.55	691.2	0.81302
20880	1.18149e+07	114.921	560	96	343	185	0	114.921	51	141	0	14615	27125.4	0	1.78397e+06	237.237	290.09	0	20880	776.199	689.957	0.811557
21060	5.35798e+06	1060	1623	128	343	185	0	1060	50	28.3634	0	14626.5	27227.8	0	301933	312.671	296.823	0	21060	777.286	688.716	0.810098
21240	4.47416e+07	875.615	5382	890	350	183	0	875.615	51	91.0189	0	14513.6	27698.2	0	2.14561e+06	264.448	256.494	0	21240	772.242	687.478	0.808641
21420	1.06676e+08	1122.12	7906	812	344	185	0	1122.12	50.0021	132.918	0	14717.8	27280.9	0	4.0079e+06	325.681	334.879	0	21420	777.51	686.241	0.807187
21600	6.35301e+07	1101.28	6847	598	346	185	0	1101.28	50	97.2603	0	14724.3	27441.9	0	2.49452e+06	330.165	358.195	0	21600	790.964	685.007	0.805735
21780	1.29032e+07	185.502	714	540	346	185	0	185.502	51	108.323	0	14662.3	27334	0	1.04109e+06	315.176	289.196	0	21780	793.028	683.775	0.804286
21960	1.23323e+07	119.953	1260	117	346	185	0	119.953	51	141	0	14770.3	27334	0	971861	284.898	231.482	0	21960	791.814	682.546	0.80284
22140	2.78653e+06	437.555	1012	0	346	185	0	437.555	50.9696	31.8365	0	14773	27398.4	0	432587	327.566	290.481	0	22140	780.394	681.318	0.801396
22320	6.19598e+07	1438.29	6984	1585	347	189	0	1438.29	51	83.1661	0	14982.3	27532.3	0	2.57281e+06	295.061	335.849	0	22320	774.852	680.093	0.799955
22500	1.20302e+08	1551.24	10578	1668	348	187	0	1551.24	50.9999	115.814	0	14847.4	27584	0	2.40223e+06	323.168	327.56	0	22500	777.662	678.87	0.798516
22680	1.13003e+08	1246.01	9281	820	342	189	0	1246.01	50.0001	128.517	0	14989.1	27093.3	0	1.80645e+06	303.455	310.205	0	22680	760.546	677.649	0.79708
22860	4.53409e+07	441.019	1863	424	342	189	0	441.019	50	141	0	14955.8	27018	0	2.80123e+06	294.323	185.827	0	22860	774.673	676.43	0.795647
23040	6.55305e+07	1295.23	7178	1083	340	192	0	1295.23	51	90.5355	0	15264.5	26903.1	0	2.70111e+06	339.354	297.117	0	23040	772.999	675.214	0.794216
23220	3.52872e+07	343.23	1471	383	340	192	0	343.23	51	141	0	15168	26860	0	1.52132e+06	253.187	268.863	0	23220	752.472	673.999	0.792788
23400	1.98093e+07	192.68	410	248	340	192	0	192.68	51	141	0	15168	26860	0	1.04301e+06	228.094	285.716	0	23400	767.364	672.787	0.791362
23580	4.99898e+07	991.631	5656	632	335	198	0	991.631	51	90.3607	0	15690.4	26561.8	0	1.97911e+06	294.749	340.113	0	23580	773.905	671.577	0.789939
23760	6.42416e+07	821.368	5973	785	336	193	0	821.368	50.9999	116.439	0	15303.8	26619.2	0	1.83835e+06	311.211	324.305	0	23760	767.882	670.37	0.788518
23940	9.04431e+07	879.718	5639	1127	332	197	0	879.718	51	141	0	15616.2	26306	0	4.33366e+06	300.776	310.23	0	23940	768.982	669.164	0.7871
24120	1.39472e+08	1649.72	11523	1251	333	195	0	1649.72	50	122.491	0	15500.8	26381.1	0	3.02262e+06	332.492	306.214	0	24120	780.103	667.961	0.785684
24300	7.90742e+07	892.316	6459	1336	331	199	0	892.316	51	126.464	0	15853	26232.4	0	2.32929e+06	365.852	306.378	0	24300	775.967	666.759	0.784271
24480	4.12054e+08	4007.95	26646	3821	338	201	0	4007.95	51	141	0	15935.1	26803.8	0	1.1237e+07	298.372	329.637	0	24480	785.557	665.56	0.782861
24660	6.6978e+08	6514.79	39075	5636	342	196	0	6514.79	51	141	0	15618.2	27101.6	0	5.24843e+07	356.47	321.919	0	24660	795.672	664.363	0.781453
24840	3.18643e+08	3099.36	21262	2758	342	193	0	3099.36	51	141	0	15305.6	27102	0	1.92134e+07	309.164	316.35	0	24840	790.645	663.169	0.780048
25020	1.74934e+08	2025.26	14360	1515	340	193	0	2025.26	50.0001	124.27	0	15322.2	26959.9	0	4.11653e+06	323.08	331.409	0	25020	803.755	661.976	0.778645
25200	1.87648e+08	1825.21	13726	2040	342	196	0	1825.21	51	141	0	15575.7	27134.6	0	7.75752e+06	327.32	349.607	0	25200	824.771	660.785	0.777245
25380	2.07108e+08	2968.64	18600	2684	344	194	0	2968.64	51	108.516	0	15420.7	27232.3	0	4.89864e+06	327.4	305.778	0	25380	780.933	659.597	0.775847
25560	1.43781e+08	2561.72	15112	2025	338	186	0	2561.72	51	95.7932	0	14795	26804.1	0	3.21183e+06	328.822	327.438	0	25560	808.758	658.411	0.774452
25740	1.23675e+08	1838.18	10442	2175	338	186	0	1838.18	50.0011	106.203	0	14733.1	26812.4	0	4.74401e+06	282.084	344.973	0	25740	802.686	657.227	0.773059
25920	7.04246e+07	909.002	6100	727	338	185	0	909.002	50	115.741	0	14686.8	26806.1	0	2.46086e+06	319.383	332.008	0	25920	804.118	656.045	0.771669
26100	1.77839e+06	1257.91	1090	336	338	185	0	1257.91	51	15.0002	0	14693.7	26780.5	0	2.22993e+06	311.931	235.434	0	26100	816.789	654.865	0.770281
26280	3.18767e+07	310.057	1731	87	338	185	0	310.057	51	141	0	14656.5	26860	0	1.98074e+06	281.817	360.217	0	26280	847.748	653.687	0.768896
26460	1.31804e+07	148.561	1010	164	338	185	0	148.561	51	126.566	0	14763.9	26702	0	811753	289.906	278.825	0	26460	840.717	652.512	0.767513
26640	1.35688e+08	2038.7	12736	1812	333	185	0	2038.7	50	105.529	0	14683.6	26414.8	0	2.45905e+06	314.848	341.065	0	26640	826.66	651.338	0.766133
26820	1.82856e+08	2209.92	14660	1942	337	184	0	2209.92	50.9999	120.757	0	14608.3	26708.4	0	4.79937e+06	310.882	315.019	0	26820	846.732	650.167	0.764755
27000	3.39986e+08	3306.96	22228	2474	336	185	0	3306.96	51	141	0	14686.7	26622.9	0	1.81411e+07	324.929	306.675	0	27000	832.339	648.998	0.763379
27180	2.39875e+08	2333.2	14956	2601	334	188	0	2333.2	51	141	0	14948.4	26471.3	0	1.26016e+07	329.421	307.724	0	27180	843.027	647.831	0.762007
27360	1.69786e+08	1651.47	11570	1429	332	188	0	1651.47	51	141	0	14929.3	26305.9	0	5.78334e+06	305.555	318.041	0	27360	855.913	646.666	0.760636
27540	2.84032e+08	2762.71	20876	1851	334	185	0	2762.71	51	141	0	14710.6	26475.6	0	9.81461e+06	337.451	325.009	0	27540	852.481	645.503	0.759268
27720	1.87466e+08	1965.46	13779	2405	332	188	0	1965.46	50	133.238	0	14930.2	26280.6	0	5.54156e+06	326.411	288.726	0	27720	871.873	644.342	0.757903
27900	4.00873e+08	3899.19	27583	3704	333	191	0	3899.19	51	141	0	15138.7	26389.3	0	9.52637e+06	300.418	319.102	0	27900	879.114	643.183	0.75654
28080	3.02685e+08	2944.15	20125	2792	336	193	0	2944.15	51	141	0	15367.4	26612.3	0	1.34852e+07	347.578	310.57	0	28080	869.643	642.026	0.755179
28260	1.44638e+08	2692.64	13676	2506	338	190	0	2692.64	51	93.5152	0	15051.1	26743.1	0	2.30871e+06	281.12	285.552	0	28260	857.562	640.872	0.753821
28440	1.21388e+08	1750.14	11237	1402	339	194	0	1750.14	51	108.137	0	15380.2	26835.3	0	4.04003e+06	302.167	287.158	0	28440	863.692	639.719	0.752466
28620	1.0775e+08	1678.78	10052	1813	338	190	0	1678.78	51	103.322	0	15068.4	26753	0	2.65521e+06	301.475	288.907	0	28620	886.803	638.569	0.751112
28800	1.37121e+08	1534.58	11257	1838	335	189	0	1534.58	51	127.191	0	15043.8	26502.3	0	5.89835e+06	352.597	286.581	0	28800	879.177	637.42	0.749762
