MS2-QUANT	v0j
Region DEFINITION, 05-Apr-2021
COMMENT	Outline definition performed in MS2-QUANT (Main program)
FILE	MAX_20201217_RI516_C12MS2128TkTat_001_visit_6.tif
PATH	/Volumes/EBL/20201217/
PARAMETERS
Pix-XY	Pix-Z	RI	Ex	Em	NA	dT	Type
79	600	1.458	488	521	1.4	180	widefield
ANALYSIS-SETTINGS	
IMAGING-BACKGROUND	150
LIMIT-FIT-SIGMA-XY-MIN	62
LIMIT-FIT-SIGMA-XY-MAX	180
LIMIT-FIT-SIGMA-Z-MIN	0
LIMIT-FIT-SIGMA-Z-MAX	0
LIMIT-FIT-BGD-MIN	34
LIMIT-FIT-BGD-MAX	35
DETECTION-THRESHOLD	500
REGION	TxSite
X_POS	261	262	262	263	264	264	264	265	265	266	266	267	267	267	268	268	268	269	269	269	270	270	270	270	270	270	270	271	271	271	271	271	272	272	272	272	272	272	272	272	272	272	272	272	272	272	272	272	272	272	272	272	272	272	272	272	272	272	272	272	272	272	272	272	272	271	271	271	271	271	270	270	270	270	270	269	269	268	268	268	267	267	267	266	266	266	265	265	265	264	264	264	264	263	263	263	263	262	262	261	261	261	260	260	259	259	259	258	258	257	257	256	256	256	255	255	255	254	254	253	253	252	251	251	250	250	249	249	248	247	246	246	245	245	244	244	243	243	242	242	241	241	240	239	239	238	238	237	237	236	236	234	234	233	232	232	231	230	230	229	228	228	227	226	226	225	225	224	224	223	222	222	221	220	220	219	219	219	218	218	217	217	216	216	216	215	215	214	213	213	212	212	212	211	210	210	209	208	208	207	207	206	206	205	205	204	204	203	203	202	201	201	201	200	200	199	199	198	198	197	197	196	196	196	196	195	195	195	194	194	194	193	193	193	192	192	192	192	191	191	191	190	190	190	190	190	190	190	189	189	189	189	189	189	189	189	189	189	189	189	189	189	189	189	189	189	189	189	189	189	189	190	190	190	190	190	190	190	190	191	191	191	191	192	192	192	192	192	193	193	193	194	194	194	195	195	195	196	196	196	197	197	198	198	198	199	199	199	200	200	200	201	201	201	202	202	202	203	203	203	204	204	204	205	205	205	206	206	207	207	207	208	208	208	209	209	210	210	212	212	213	213	214	214	214	215	215	216	216	216	217	217	218	218	218	218	219	220	220	221	221	221	221	222	222	223	223	224	225	225	226	226	226	227	227	228	228	229	229	229	230	230	231	231	232	232	233	234	234	235	235	236	236	237	238	238	239	239	240	240	241	242	243	244	245	246	246	247	247	248	248	249	249	250	250	251	251	252	253	253	254	254	255	255	256	256	257	257	257	258	258	258	258	259	259	259	259	259	259	259	END
Y_POS	284	284	284	284	284	284	283	283	282	282	282	281	281	280	280	280	279	279	279	278	278	277	277	277	276	276	275	275	275	274	274	273	273	273	272	272	271	271	270	270	269	269	269	268	268	267	267	266	266	265	265	264	264	263	263	262	262	261	260	260	259	259	258	258	257	257	256	256	256	255	255	254	254	254	253	253	252	251	251	250	250	250	249	249	249	249	248	248	248	248	247	247	247	247	246	246	246	245	245	245	245	244	244	244	244	243	243	243	242	242	242	242	242	241	241	241	241	241	241	241	240	240	240	240	240	239	239	239	239	239	239	239	239	239	238	238	238	238	238	238	238	238	238	237	237	237	237	237	237	237	237	237	237	236	236	236	236	236	236	236	235	235	235	235	235	235	235	235	235	235	234	234	234	234	234	234	233	233	233	233	233	233	233	232	232	232	232	232	232	232	232	232	231	231	231	231	231	231	231	231	231	231	231	231	231	231	231	231	231	231	231	232	232	232	232	232	232	233	233	233	234	234	234	234	235	235	235	236	236	236	237	237	237	238	238	238	238	239	239	240	240	241	241	242	242	242	243	243	244	244	245	245	246	246	247	247	248	248	249	249	250	250	251	251	252	252	253	253	254	254	255	255	255	256	256	256	257	257	258	258	259	259	260	260	260	261	261	262	262	262	263	263	263	264	264	264	265	265	265	266	266	266	267	267	267	268	268	268	268	269	269	269	270	270	270	271	271	271	271	272	272	272	272	272	273	273	273	273	273	274	274	274	274	274	274	274	275	275	276	276	276	276	276	276	277	277	277	277	278	278	278	278	278	278	278	279	279	279	279	279	280	280	280	280	280	280	281	281	282	282	282	282	282	282	283	283	283	283	283	284	284	284	284	284	285	285	285	286	286	286	286	286	286	286	287	287	287	287	287	287	287	288	288	288	288	288	289	289	289	289	289	289	289	289	289	289	289	289	289	289	289	289	289	289	289	289	289	288	288	288	288	288	287	287	287	286	286	286	285	285	END
QUANTIFICATION
Time[s]	Q_Integrate	Q_AMP	Q_Sum_pix	Q_MIP_int	Pix_Y	Pix_X	Pix_Z	AMP	BGD	SigmaXY	SigmaZ	MuY	MuX	MuZ	RES	Cent_Y	Cent_X	Cent_Z	OPB_time	OPB_INT	OPB_FIT	OPB_FIT_norm
0	7.55351e+06	132.635	593	0	264	216	0	132.635	34	96.5676	0	17064	20856	0	342034	208.665	235.677	0	0	647.26	807.897	1
180	3.14512e+06	106.556	503	0	264	216	0	106.556	34	68.577	0	17143.3	21014	0	169305	283.887	384.116	0	180	654.006	806.444	0.998202
360	515194	21.3364	267	0	264	216	0	21.3364	34	62	0	17119.9	20856	0	121850	317.989	326.942	0	360	665.401	804.994	0.996406
540	2.7331e+06	113.19	387	0	264	216	0	113.19	34	62	0	17222	20924.1	0	161819	277.166	323.201	0	540	651.24	803.546	0.994615
720	3.59393e+06	59.8653	484	0	264	216	0	59.8653	34	99.4559	0	17064	21014	0	227501	300.596	410.288	0	720	660.639	802.101	0.992826
900	820157	33.9663	248	117	264	216	0	33.9663	34	62	0	17156.3	20899	0	120384	280.372	342.121	0	900	650.434	800.658	0.99104
1080	2.47579e+06	102.533	499	221	264	216	0	102.533	34	62	0	17161.6	20892	0	178239	314.34	246.668	0	1080	658.755	799.218	0.989258
1260	1.7678e+07	732.126	1923	155	264	216	0	732.126	35	62	0	17193	20856	0	554338	362.7	285.629	0	1260	646.874	797.781	0.987479
1440	7.19841e+06	59.0688	776	18	264	216	0	59.0688	34	163.127	0	17064	20856	0	361850	254.673	270.824	0	1440	648.55	796.346	0.985703
1620	3.95123e+06	102.145	850	124	264	216	0	102.145	34	78.667	0	17130.4	20896.5	0	147292	298.021	273.372	0	1620	651.846	794.914	0.983931
1800	3.73349e+06	154.62	611	25	264	216	0	154.62	35	62	0	17064	21014	0	187949	277.276	308.304	0	1800	636.515	793.485	0.982161
1980	3.50357e+06	145.098	537	0	264	216	0	145.098	34	62	0	17222	20979.1	0	151941	295.882	326.893	0	1980	651.802	792.058	0.980395
2160	7.90084e+06	327.209	867	0	264	216	0	327.209	34	62	0	17217.9	21013.1	0	206054	352.757	353.866	0	2160	643.349	790.633	0.978632
2340	2.3312e+06	96.545	576	0	264	216	0	96.545	35	62	0	17116	20999.7	0	138942	361.717	286.353	0	2340	657.044	789.211	0.976872
2520	2.37875e+06	98.5147	608	0	264	216	0	98.5147	34	62	0	17192.5	20856	0	141813	306.822	293.236	0	2520	639.15	787.792	0.975115
2700	2.77118e+06	79.2901	397	22	264	216	0	79.2901	34	74.6945	0	17185.1	21014	0	202062	353.762	329.746	0	2700	653.283	786.375	0.973361
2880	2.56684e+06	19.121	145	0	264	216	0	19.121	35	180	0	17064	21014	0	303910	251.703	370.203	0	2880	665.297	784.961	0.971611
3060	0.0592971	4.41716e-07	61	26	264	216	0	4.41716e-07	34	180	0	17222	21014	0	151051	383.095	361.143	0	3060	652.382	783.55	0.969863
3240	905728	37.44	339	0	264	216	0	37.44	34	62.0582	0	17064	20869.8	0	142705	317.704	306.585	0	3240	633.527	782.14	0.968119
3420	3.32781e+06	137.819	575	244	264	216	0	137.819	34	62	0	17139.6	20921.2	0	171130	300.43	282.563	0	3420	658.034	780.734	0.966378
3600	686571	28.4337	349	122	264	216	0	28.4337	34.4807	62.0003	0	17164.1	20937.6	0	162701	369.939	342.816	0	3600	647.884	779.33	0.96464
3780	3.46717e+06	143.591	500	77	264	216	0	143.591	35	62	0	17064	20956.9	0	302392	342.126	360.615	0	3780	645.682	777.928	0.962906
3960	6.30089e+07	679.269	5078	590	264	216	0	679.269	34	130.584	0	17095.1	20967	0	1.16609e+06	283.728	346.912	0	3960	659.15	776.529	0.961174
4140	1.69478e+08	1613.69	11952	1765	266	219	0	1613.69	34	143.393	0	17350	21044.9	0	2.7501e+06	294.378	271.502	0	4140	654.504	775.133	0.959445
4320	1.36444e+08	1333.11	9649	1240	265	216	0	1333.11	34.0009	140.509	0	17121.6	20968.4	0	2.4476e+06	312.213	280.023	0	4320	645.791	773.739	0.95772
4500	6.77409e+07	621.47	4650	629	265	214	0	621.47	34.0001	147.792	0	16974.6	21012.5	0	848218	311.532	321.851	0	4500	653.195	772.347	0.955997
4680	7.6706e+07	903.567	6096	762	265	216	0	903.567	35	122.829	0	17175.4	21002	0	1.36535e+06	335.854	325.798	0	4680	643.813	770.958	0.954278
4860	6.96225e+07	769.31	5341	1421	263	212	0	769.31	35	128.326	0	16853.3	20806.3	0	1.90782e+06	340.003	273.126	0	4860	648.656	769.572	0.952562
5040	6.92472e+07	648.252	4890	778	264	210	0	648.252	35	145.364	0	16679.3	20934.1	0	1.34206e+06	337.145	324.93	0	5040	645.348	768.188	0.950849
5220	8.64251e+07	682.555	5235	737	262	213	0	682.555	34.0001	169.321	0	16849.3	20709.3	0	1.74885e+06	286.445	274.808	0	5220	644.784	766.806	0.949139
5400	1.62603e+07	121.126	222	0	262	213	0	121.126	35	180	0	16827	20698	0	1.26081e+06	200.056	242.146	0	5400	649.192	765.427	0.947432
5580	1.63638e+08	1658.16	11989	1561	258	205	0	1658.16	34.0001	136.646	0	16279.6	20502.5	0	3.18023e+06	318.059	355.479	0	5580	642.844	764.051	0.945728
5760	1.1672e+08	918.485	7349	1028	259	206	0	918.485	34.0001	169.936	0	16385.7	20560.8	0	2.42028e+06	335.854	335.616	0	5760	660.991	762.677	0.944027
5940	1.02835e+08	766.038	6100	1442	260	202	0	766.038	35	180	0	16024.3	20540	0	3.62456e+06	318.964	260.16	0	5940	644.319	761.305	0.94233
6120	2.39947e+08	2152.12	15778	1819	253	200	0	2152.12	34.9968	150.623	0	15884.1	20048	0	3.65366e+06	317.062	309.339	0	6120	662.137	759.936	0.940635
6300	1.52323e+08	1134.69	8629	1176	248	202	0	1134.69	35	180	0	15958	19663.2	0	2.89445e+06	269.492	318.135	0	6300	657.941	758.569	0.938943
6480	9.48355e+07	811.905	6244	985	247	202	0	811.905	34	156.871	0	16098.9	19600.6	0	1.70508e+06	367.628	321.639	0	6480	668.091	757.205	0.937255
6660	6.5966e+07	603.379	4606	755	246	204	0	603.379	35	148.16	0	16218.9	19470.9	0	1.69693e+06	336.367	290.052	0	6660	667.883	755.843	0.935569
6840	1.12905e+08	851.173	6955	1000	244	205	0	851.173	34.0001	177.679	0	16295	19409.7	0	2.06245e+06	331.292	348.296	0	6840	674.945	754.484	0.933887
7020	5.24957e+06	80.9969	429	0	244	205	0	80.9969	35	103.907	0	16353	19382.7	0	230535	344.463	319.85	0	7020	672.728	753.127	0.932207
7200	1.5192e+08	1271.61	9116	1054	247	212	0	1271.61	34.0001	160.126	0	16842.3	19586.5	0	2.89376e+06	324.275	305.691	0	7200	690.041	751.773	0.930531
7380	1.51411e+08	1264.45	9310	1677	247	215	0	1264.45	35	160.466	0	17070.2	19537.4	0	3.58482e+06	310.679	280.833	0	7380	693.905	750.421	0.928857
7560	2.48555e+07	306.845	2044	64	247	215	0	306.845	35	119.091	0	17092	19671	0	990322	353.583	377.198	0	7560	695.697	749.071	0.927187
7740	3.22889e+06	133.722	485	207	247	215	0	133.722	34	62	0	17064.3	19537.9	0	160287	274.912	310.186	0	7740	705.157	747.724	0.92552
7920	1.7456e+06	72.2931	315	0	247	215	0	72.2931	35	62	0	17073.2	19513	0	302477	225.026	328.068	0	7920	679.11	746.38	0.923855
8100	1.74601e+06	26.5054	201	141	247	215	0	26.5054	34	104.895	0	17143	19671	0	204811	372.676	356.774	0	8100	684.309	745.037	0.922194
8280	1.87765e+06	25.1072	246	0	247	215	0	25.1072	34.0002	113.209	0	17143	19513	0	264170	352.979	308.703	0	8280	674.62	743.697	0.920535
8460	1.91689e+06	79.3868	358	0	247	215	0	79.3868	35	62	0	16985	19513	0	199949	304.821	267.172	0	8460	690.62	742.36	0.91888
8640	4.75838e+06	57.7446	423	114	247	215	0	57.7446	34	120.431	0	17143	19671	0	216199	406.984	327.456	0	8640	683.576	741.025	0.917227
8820	5.36153e-10	2.22045e-14	33	1	247	215	0	2.22045e-14	35	62	0	17143	19670.9	0	180317	312.284	316.575	0	8820	690.779	739.692	0.915578
9000	3.0133e+06	67.3061	382	0	247	215	0	67.3061	34	84.8551	0	17143	19610.5	0	208357	386.947	311.973	0	9000	697.371	738.362	0.913931
9180	1.77992e+06	66.9202	219	0	247	215	0	66.9202	35	65.0803	0	17115.2	19671	0	201198	299.81	343.376	0	9180	702.719	737.034	0.912288
9360	3.72459e+06	154.252	443	0	247	215	0	154.252	35	62	0	17143	19611.4	0	359818	309.699	287.132	0	9360	696.821	735.709	0.910647
9540	6.38218e+07	757.478	5469	405	248	252	0	757.478	34	122.213	0	19938.2	19675.2	0	1.52952e+06	265.829	331.014	0	9540	692.507	734.386	0.909009
9720	9.478e+07	1212.63	8180	1236	252	249	0	1212.63	34.9999	116.39	0	19764.3	19955.3	0	2.09607e+06	322.202	281.463	0	9720	686.292	733.065	0.907375
9900	8.11991e+06	195.949	479	0	252	249	0	195.949	35	81.5077	0	19671	19908	0	357305	305.87	271.215	0	9900	699.596	731.747	0.905743
10080	6.41751e+06	59.4758	354	104	252	249	0	59.4758	34	146.561	0	19746.2	19908	0	443882	335.765	278.88	0	10080	689.458	730.431	0.904114
10260	3.83956e+07	323.88	1432	0	252	249	0	323.88	34	158.99	0	19829	20066	0	951537	412.109	397.988	0	10260	688.762	729.117	0.902488
10440	1.1705e+07	87.1932	445	1	252	249	0	87.1932	35	180	0	19671	20066	0	1.04013e+06	208.505	416.449	0	10440	703.547	727.806	0.900865
10620	1.52678e+06	63.2307	322	69	252	249	0	63.2307	35	62	0	19820.7	19984.4	0	366930	289.449	344.929	0	10620	698.03	726.497	0.899245
10800	631628	25.9501	120	0	252	249	0	25.9501	35	62.249	0	19788.9	20066	0	394142	325.039	356.304	0	10800	685.034	725.19	0.897628
10980	2.36515e+06	60.8637	24	1	252	249	0	60.8637	34.0541	78.852	0	19728.5	19908	0	407988	347.955	286.708	0	10980	702.249	723.886	0.896013
11160	4.64219e+06	51.6448	174	0	252	249	0	51.6448	34	127.718	0	19829	20066	0	214158	356.752	385.855	0	11160	697.349	722.584	0.894402
11340	7.79071e+07	958.11	7039	769	262	249	0	958.11	35	119.387	0	19762.6	20726.2	0	1.94225e+06	314.695	266.736	0	11340	701.801	721.285	0.892793
11520	1.94288e+08	1770.56	12922	2120	254	254	0	1770.56	34	148.617	0	20126.5	20179.5	0	3.04857e+06	296.054	341.747	0	11520	709.459	719.988	0.891188
11700	1.85533e+08	1436.19	11210	1367	260	254	0	1436.19	34	172.802	0	20175.3	20605.2	0	2.33393e+06	330.388	312.172	0	11700	700.815	718.693	0.889585
11880	1.60494e+08	1441.3	10193	2132	259	253	0	1441.3	34	150.463	0	20012.4	20619	0	3.47552e+06	278.994	366.533	0	11880	697.653	717.401	0.887985
12060	1.74979e+08	1303.46	10054	1950	264	257	0	1303.46	34.0002	180	0	20374.1	20908.1	0	4.25399e+06	315.578	301.76	0	12060	699.047	716.11	0.886388
12240	2.58677e+08	2278.96	17342	2190	264	257	0	2278.96	34.0001	152.955	0	20365.2	20937.9	0	4.3164e+06	302.758	318.819	0	12240	693.274	714.823	0.884794
12420	2.18519e+08	2301.63	15578	2378	265	253	0	2301.63	34.0001	132.791	0	20086.2	20974.1	0	3.51784e+06	327.621	281.693	0	12420	699.551	713.537	0.883203
12600	1.97562e+08	1796.44	12599	1913	262	251	0	1796.44	34.0005	148.89	0	19868.2	20800.7	0	3.16032e+06	284.596	335.469	0	12600	707	712.254	0.881615
12780	8.35582e+07	711.45	5618	808	264	250	0	711.45	35	157.647	0	19770.7	20918.2	0	1.56449e+06	280.836	307.797	0	12780	702.505	710.973	0.880029
12960	3.78106e+07	335.102	2584	51	264	250	0	335.102	35	152.17	0	19908	20928	0	1.25529e+06	351.747	301.256	0	12960	709.109	709.694	0.878447
13140	3.01648e+07	344.765	2479	335	264	250	0	344.765	35	125.362	0	19859.9	20998.3	0	826603	320.708	353.352	0	13140	716.175	708.418	0.876867
13320	6.35523e+06	263.198	981	0	264	250	0	263.198	35	62	0	19908	20919.8	0	524238	369.163	354.562	0	13320	699.498	707.144	0.87529
13500	7.50272e+06	142.795	1201	144	264	250	0	142.795	35	92.3991	0	19846.7	20934	0	351190	308.33	292.034	0	13500	710.291	705.872	0.873716
13680	8.4055e+06	95.8364	164	0	264	250	0	95.8364	35	125.57	0	19750	21014	0	685633	282.261	379.181	0	13680	693.705	704.603	0.872145
13860	1.02821e+07	76.5933	404	0	264	250	0	76.5933	35	180	0	19750	20856	0	634065	251.045	304.41	0	13860	716.43	703.336	0.870576
14040	2.44674e+06	101.33	420	0	264	250	0	101.33	35	62	0	19750	21014	0	191125	272.72	322.72	0	14040	708.296	702.071	0.869011
14220	0.00016705	6.91829e-09	233	0	264	250	0	6.91829e-09	35	62	0	19908	21014	0	277576	365.874	336.826	0	14220	726.533	700.808	0.867448
14400	7.87561e+06	58.667	452	0	264	250	0	58.667	35	180	0	19908	21014	0	533340	354.302	350.662	0	14400	725.286	699.548	0.865888
14580	1.07468e+07	445.072	925	14	264	250	0	445.072	35	62	0	19750	21014	0	640156	290.38	402.727	0	14580	729.428	698.29	0.864331
14760	2.23191e+07	200.587	1531	130	264	250	0	200.587	34	150.365	0	19908	21014	0	633077	352.089	361.769	0	14760	725.802	697.034	0.862776
14940	7.77252e+06	321.894	965	0	264	250	0	321.894	34.9999	62	0	19750	20931.6	0	261334	271.837	326.85	0	14940	716.993	695.781	0.861225
15120	1.06589e+07	99.6698	849	26	264	250	0	99.6698	34	145.497	0	19796.9	21014	0	416113	319.411	378.767	0	15120	723.141	694.529	0.859676
15300	1.6986e+07	234.534	1393	142	264	250	0	234.534	34	110.997	0	19750	20974.5	0	435133	219.515	345.706	0	15300	727.534	693.28	0.85813
15480	3.33752e+06	138.221	571	0	264	250	0	138.221	35	62	0	19908	20948.4	0	258250	276.116	356.204	0	15480	731.425	692.033	0.856586
15660	3.25562e+06	134.83	453	0	264	250	0	134.83	34.9999	62	0	19823.5	21014	0	240017	321.101	311.073	0	15660	721.46	690.789	0.855046
15840	8.75072e+06	113.487	338	141	264	250	0	113.487	34	115.394	0	19783.2	21014	0	599674	295.033	365.181	0	15840	729.153	689.547	0.853508
16020	1.71688e+06	19.9346	241	0	264	250	0	19.9346	34.9995	124.026	0	19750	21014	0	277053	310.169	340.199	0	16020	712.371	688.307	0.851973
16200	6.93937e+07	1127.56	6621	1091	269	242	0	1127.56	35	100.864	0	19188.4	21323.4	0	1.06953e+06	309.962	301.877	0	16200	719.903	687.069	0.850441
16380	2.75583e+07	334.137	1896	166	269	242	0	334.137	34	120.5	0	19276	21300.6	0	667622	374.542	297.17	0	16380	722.951	685.833	0.848912
16560	2.2883e+07	249.252	1663	175	269	242	0	249.252	35	129.629	0	19276	21287.9	0	723629	367.461	294.503	0	16560	721.241	684.6	0.847385
16740	6.67565e+07	707.636	5115	778	269	246	0	707.636	34	132.177	0	19518.7	21296.1	0	1.39635e+06	321.937	286.689	0	16740	738.698	683.369	0.845861
16920	1.42514e+08	1838.22	11929	2040	267	243	0	1838.22	35	115.791	0	19312	21187.6	0	2.01297e+06	349.938	323.106	0	16920	738.718	682.14	0.84434
17100	1.65755e+08	2204.64	13604	2553	269	244	0	2204.64	34.0001	113.583	0	19347.1	21303.3	0	2.73065e+06	309.012	293.791	0	17100	699.776	680.913	0.842822
17280	1.36435e+08	1587.2	10896	1669	269	245	0	1587.2	34	123.865	0	19478.9	21329.6	0	2.92624e+06	361.62	315.965	0	17280	728.74	679.688	0.841306
17460	3.73708e+07	609.557	1855	280	269	245	0	609.557	35	100.645	0	19513	21251	0	1.21784e+06	357.229	250.468	0	17460	729.236	678.466	0.839793
17640	7.78465e+06	135.7	537	0	269	245	0	135.7	35	96.9591	0	19513	21251	0	291619	359.536	303.282	0	17640	720.888	677.246	0.838283
17820	1.92944e+06	63.3635	149	7	269	245	0	63.3635	35	69.6621	0	19513	21409	0	371878	393.105	329.333	0	17820	729.115	676.028	0.836775
18000	3.08781e+08	2849.16	21189	2275	263	247	0	2849.16	34.0001	147.091	0	19575.5	20842.5	0	6.42595e+06	300.24	314.886	0	18000	749.511	674.812	0.83527
18180	3.89413e+08	4194.27	28791	3128	265	247	0	4194.27	34.0005	130.669	0	19618.4	21034.2	0	8.63225e+06	335.364	326.768	0	18180	737.004	673.599	0.833768
18360	3.92383e+08	3900.5	27537	3867	264	242	0	3900.5	35	138.649	0	19163.9	20934.5	0	9.74098e+06	296.078	319.042	0	18360	743.765	672.387	0.832269
18540	4.39867e+08	4454.45	32356	3803	268	245	0	4454.45	35	136.71	0	19416.9	21250.6	0	1.14018e+07	308.583	323.744	0	18540	749.19	671.178	0.830772
18720	6.89005e+08	6500.1	47374	6522	272	243	0	6500.1	35	144.458	0	19255.1	21565.3	0	1.58291e+07	308.324	317.938	0	18720	748.904	669.971	0.829278
18900	6.77032e+08	5135.65	39501	4435	274	244	0	5135.65	34.0007	176.51	0	19309.8	21762.9	0	3.41155e+07	289.617	336.755	0	18900	747.836	668.766	0.827786
19080	5.43093e+08	5123.79	36210	3829	273	248	0	5123.79	34.0001	144.453	0	19703.2	21614	0	1.18794e+07	336.134	290.789	0	19080	738.327	667.563	0.826298
19260	3.20791e+08	2415.34	19602	2916	275	244	0	2415.34	34	177.921	0	19400.1	21773.8	0	1.44803e+07	348.406	295.334	0	19260	731.347	666.363	0.824812
19440	2.3913e+08	2919.12	19628	2827	278	242	0	2919.12	35	119.966	0	19195.8	22068.2	0	5.66512e+06	306.433	340.603	0	19440	729.826	665.164	0.823328
19620	1.64348e+08	1887.94	12662	2056	281	243	0	1887.94	35	124.929	0	19243.1	22304.5	0	2.48057e+06	296.824	343.072	0	19620	739.86	663.968	0.821848
19800	1.62426e+08	1372.64	10308	1123	278	240	0	1372.64	34	158.723	0	19074.6	22063.6	0	2.42207e+06	339.867	334.934	0	19800	736.23	662.774	0.82037
19980	1.33765e+08	1495.93	10253	1354	274	243	0	1495.93	34	127.255	0	19260.8	21682.4	0	2.11391e+06	310.231	280.492	0	19980	743.856	661.582	0.818895
20160	1.08208e+08	1254.76	8778	1084	274	246	0	1254.76	35	124.135	0	19519.2	21752.2	0	2.59283e+06	307.838	332.301	0	20160	741.55	660.392	0.817422
20340	1.75538e+08	1887.92	13602	1846	274	248	0	1887.92	34	130.805	0	19680.1	21696.7	0	5.51473e+06	317.923	291.066	0	20340	752.349	659.205	0.815952
20520	1.65095e+08	1856.87	12879	2142	272	248	0	1856.87	35	126.753	0	19689.1	21601.5	0	3.57813e+06	333.462	350.081	0	20520	738.911	658.019	0.814484
20700	1.96708e+08	1835.52	12811	1904	267	256	0	1835.52	34.0007	145.746	0	20304.2	21194.3	0	5.96408e+06	324.519	331.892	0	20700	753.643	656.836	0.81302
20880	1.96717e+08	1784.83	13371	2347	265	254	0	1784.83	35	149.164	0	20201	21020.5	0	5.52766e+06	354.193	323.523	0	20880	753.19	655.655	0.811558
21060	2.60556e+08	2337.68	17414	2250	264	253	0	2337.68	34.0001	150.584	0	20117.3	20933.6	0	4.67281e+06	355.996	319.137	0	21060	755.524	654.476	0.810098
21240	2.00296e+08	2070.5	15360	2319	265	248	0	2070.5	35	134.629	0	19679.3	21010.4	0	4.53867e+06	332.067	309.525	0	21240	761.334	653.299	0.808641
21420	4.44618e+08	4007.39	30308	3879	267	249	0	4007.39	35	150	0	19738.2	21178.4	0	1.3302e+07	312.496	329.65	0	21420	777.611	652.124	0.807187
21600	2.10184e+08	1582.16	12954	1429	270	252	0	1582.16	35	177.967	0	19985.2	21433.1	0	4.15583e+06	313.62	331.627	0	21600	753.962	650.951	0.805735
21780	2.33466e+08	2041.74	16215	2749	269	253	0	2041.74	35	153.94	0	20093.4	21367.3	0	7.96607e+06	346.222	337.416	0	21780	763.338	649.78	0.804286
21960	1.22336e+08	1058.43	8200	790	264	252	0	1058.43	34	155.405	0	19995.5	20957.3	0	2.78074e+06	323.115	333.159	0	21960	756.813	648.612	0.80284
22140	1.58492e+08	1647.09	10938	2243	263	258	0	1647.09	35	134.102	0	20433.2	20895.8	0	4.30756e+06	295.265	339.582	0	22140	756.722	647.445	0.801396
22320	2.08997e+08	1689.89	13440	1625	263	258	0	1689.89	35	165.446	0	20438.7	20872.6	0	7.66364e+06	304.803	339.436	0	22320	747.979	646.281	0.799955
22500	7.63945e+07	569.078	4611	292	263	258	0	569.078	35	180	0	20495.9	20874.4	0	3.02821e+06	336.772	327.158	0	22500	744.498	645.119	0.798516
22680	1.00541e+08	1931.26	9815	1806	259	258	0	1931.26	35	91.9394	0	20499.8	20560.4	0	2.05042e+06	337.476	319.235	0	22680	717.666	643.958	0.79708
22860	9.75885e+07	1032.77	7400	1581	258	257	0	1032.77	34	132.334	0	20393.4	20435.3	0	3.66915e+06	321.166	296.51	0	22860	726.271	642.8	0.795647
23040	1.47869e+08	2273.15	13186	2347	257	257	0	2273.15	35	104.129	0	20383.7	20344.4	0	2.93597e+06	322.591	283.849	0	23040	724.984	641.644	0.794216
23220	1.07009e+08	1321.86	8598	2080	255	257	0	1321.86	35	119.043	0	20372.5	20239.8	0	3.09592e+06	329.323	316.676	0	23220	710.398	640.49	0.792788
23400	1.58043e+08	1443.89	11587	932	255	255	0	1443.89	34.0006	148.305	0	20197.1	20184.9	0	5.17597e+06	288.422	288.068	0	23400	736.41	639.339	0.791362
23580	7.61337e+07	627.563	5165	454	257	253	0	627.563	34.0001	162.433	0	20045	20332.5	0	2.38812e+06	298.048	286.336	0	23580	719.564	638.189	0.789939
23760	1.10297e+08	1483.88	9454	1785	258	252	0	1483.88	35	112.781	0	19988.8	20495.8	0	2.05192e+06	315.93	343.437	0	23760	725.155	637.041	0.788518
23940	3.80976e+08	2870.08	23326	2621	258	250	0	2870.08	35	177.815	0	19857.3	20458.4	0	9.57568e+06	337.062	307.879	0	23940	716.472	635.896	0.7871
24120	3.20224e+08	2928.6	22430	2586	259	255	0	2928.6	34.9994	148.177	0	20232.4	20531.7	0	8.04529e+06	325.209	310.06	0	24120	730.648	634.752	0.785684
24300	2.30797e+08	1888.69	14063	1384	252	255	0	1888.69	34	163.553	0	20240.3	20011.5	0	3.50361e+06	323.669	334.661	0	24300	738.419	633.61	0.784272
24480	2.26602e+08	1751.58	13967	1521	258	252	0	1751.58	34	173.06	0	19995.4	20397.4	0	4.99006e+06	315.749	273.147	0	24480	735.851	632.471	0.782861
24660	2.7071e+08	2093.96	16977	2075	258	252	0	2093.96	35	172.936	0	20007.6	20442	0	7.23226e+06	334.261	304.103	0	24660	745.874	631.334	0.781453
24840	1.33374e+08	1050.3	8746	1121	260	251	0	1050.3	34	169.812	0	19933.6	20598	0	3.46582e+06	341.28	301.207	0	24840	750.348	630.198	0.780048
25020	6.82684e+07	508.545	2902	91	260	251	0	508.545	35	180	0	19987	20642.9	0	3.26921e+06	361.537	334.324	0	25020	764.637	629.065	0.778645
25200	1.12255e+08	1248.46	9274	1267	264	251	0	1248.46	35	127.746	0	19931.3	20935.4	0	3.92618e+06	344.645	333.179	0	25200	754.368	627.933	0.777245
25380	2.70509e+08	2600.41	18086	2823	261	251	0	2600.41	34.9998	142.309	0	19942.5	20698.4	0	5.22318e+06	339.564	323.904	0	25380	763.667	626.804	0.775847
25560	2.55611e+08	2429.53	16814	3490	258	253	0	2429.53	34.9997	143.595	0	20055	20477.3	0	8.05399e+06	312.831	337.691	0	25560	762.655	625.677	0.774452
25740	1.79348e+08	1868.03	12951	1558	260	253	0	1868.03	34	133.881	0	20035.4	20648.5	0	4.62166e+06	288.564	343.52	0	25740	753.986	624.552	0.773059
25920	3.49863e+08	3526.01	25133	3757	260	250	0	3526.01	34.0007	137.206	0	19845.5	20590.1	0	6.96727e+06	333.389	290.017	0	25920	769.164	623.429	0.771669
26100	3.19077e+08	2970.99	22461	3021	262	251	0	2970.99	35	146.002	0	19898.7	20762.7	0	7.78331e+06	301.418	295.733	0	26100	770.628	622.307	0.770281
26280	3.11346e+08	3209.84	23162	3181	260	252	0	3209.84	34.9994	134.896	0	19960.6	20623.8	0	6.38115e+06	292.949	318.307	0	26280	756.38	621.188	0.768896
26460	2.27787e+08	2728.31	17378	2860	262	251	0	2728.31	35	121.475	0	19948.1	20804.4	0	4.84176e+06	352.629	326.734	0	26460	759.742	620.071	0.767513
26640	1.00976e+08	863.091	6877	981	266	252	0	863.091	34	157.097	0	19961	21085.3	0	2.24727e+06	298.555	312.911	0	26640	752.655	618.956	0.766133
26820	3.62224e+07	701.498	2360	622	266	252	0	701.498	35	91.5342	0	20009.1	21014	0	1.05433e+06	356.418	241.694	0	26820	745.785	617.843	0.764755
27000	1.40119e+08	2163.8	12534	2022	265	254	0	2163.8	34.1242	103.855	0	20103.7	21049.6	0	2.65579e+06	279.471	339.439	0	27000	763.915	616.732	0.763379
27180	1.68403e+08	2681.92	15600	2269	266	255	0	2681.92	34.0001	102.028	0	20228.4	21049.6	0	3.82165e+06	316.828	268.455	0	27180	761.403	615.623	0.762007
27360	2.00092e+08	2581.19	16315	2418	267	251	0	2581.19	35	115.783	0	19870	21163.5	0	5.96702e+06	294.549	305.378	0	27360	761.527	614.516	0.760636
27540	2.88705e+08	3119.3	21829	3281	268	249	0	3119.3	34	130.378	0	19753	21246.5	0	5.22078e+06	321.97	302.917	0	27540	765.518	613.41	0.759268
27720	3.21845e+08	3352.63	23329	3314	267	247	0	3352.63	34.0001	133.869	0	19600.9	21156.5	0	7.78207e+06	322.251	310.869	0	27720	778.54	612.307	0.757903
27900	1.86375e+08	2123.39	14611	2152	264	248	0	2123.39	34.0001	125.635	0	19665.8	20922	0	6.26864e+06	318.204	305.255	0	27900	759.107	611.206	0.75654
28080	2.25495e+08	2217.73	16166	2060	266	249	0	2217.73	34.9999	139.793	0	19751.5	21116.3	0	5.40968e+06	311.343	331.601	0	28080	776.975	610.107	0.755179
28260	2.07324e+08	2115.14	14841	1281	267	248	0	2115.14	34.0001	135.952	0	19655.9	21138.6	0	4.28105e+06	304.606	290.735	0	28260	786.192	609.01	0.753821
28440	1.99915e+08	2303.85	15749	2267	270	249	0	2303.85	35	124.658	0	19739.6	21361.6	0	5.46467e+06	316.313	272.071	0	28440	779.726	607.915	0.752466
28620	1.55223e+08	1367.94	9835	1725	265	250	0	1367.94	34	152.915	0	19813.1	21082.3	0	3.51944e+06	304.993	363.211	0	28620	792.767	606.821	0.751112
28800	1.8534e+08	2025.8	14532	1012	264	252	0	2025.8	34.0001	129.311	0	19994.9	20919.2	0	4.10806e+06	323.743	301.682	0	28800	799.468	605.73	0.749762
